# Started at: 2022-05-09 13:56:06 +0000, Version: v0.1-161-g45b9662, Generated by: thermobench --verbose --time=180 --wait=50 --wait-timeout=60 --sensors_file=/root/thermobench/src/sensors.tx2 --cpu-usage --column=CPU0_work_done --column=CPU1_work_done --column=CPU2_work_done --column=CPU3_work_done --column=CPU4_work_done --column=CPU5_work_done --output=/root/JSA/lr_experiment/measurements/tx2//6_12_0_0_37_32.json.yaml.csv -- demos-sched -p high -c /root/JSA/lr_experiment/demos_configurations/tx2//6_12_0_0_37_32.json.yaml
time/ms,Cortex_A57_temp/m°C,Denver2_temp/m°C,GPU_temp/m°C,PLL_temp/m°C,Tboard_temp/m°C,Tdiode_temp/m°C,Thfan_temp/m°C,GPU_load/‰,GPU_freq/Hz,Cortex_A57_0_freq/Hz,Denver2_0_freq/Hz,Denver2_1_freq/Hz,Cortex_A57_1_freq/Hz,Cortex_A57_2_freq/Hz,Cortex_A57_3_freq/Hz,GPU_voltage/µV,CPU_voltage/µV,EMC_freq/Hz,SYS_GPU_current/mA,SYS_GPU_voltage/mV,SYS_GPU_power/mW,SYS_SOC_current/mA,SYS_SOC_voltage/mV,SYS_SOC_power/mW,4V0_WIFI_current/mA,4V0_WIFI_voltage/mV,4V0_WIFI_power/mW,IN_current/mA,IN_voltage/mV,IN_power/mW,SYS_CPU_current/mA,SYS_CPU_voltage/mV,SYS_CPU_power/mW,SYS_DDR_current/mA,SYS_DDR_voltage/mV,SYS_DDR_power/mW,CUR_PWM/%,CPU0_work_done,CPU1_work_done,CPU2_work_done,CPU3_work_done,CPU4_work_done,CPU5_work_done,CPU0_load/%,CPU1_load/%,CPU2_load/%,CPU3_load/%,CPU4_load/%,CPU5_load/%
1.12526,50000,50000,49000,50000,47000,49000,50100,0,1.4025e+08,345000,345000,345000,345000,345000,345000,630078,649414,6.656e+08,8,19208,153,24,19200,460,12,4816,57,96,19216,1844,12,19216,230,44,4816,211,80,,,,,,,50,33.3333,0,100,0,0
41.9308,,,,,,,,,,,,,,,,,,,,,,,,,,,,,,,,,,,,,,,0,,,,,,,,,,
43.8653,,,,,,,,,,,,,,,,,,,,,,,,,,,,,,,,,,,,,,0,,,,,,,,,,,
72.8293,,,,,,,,,,,,,,,,,,,,,,,,,,,,,,,,,,,,,,,,,0,,,,,,,,
541.494,,,,,,,,,,,,,,,,,,,,,,,,,,,,,,,,,,,,,,,796,,,,,,,,,,
654.268,,,,,,,,,,,,,,,,,,,,,,,,,,,,,,,,,,,,,,,,1,,,,,,,,,
1000.84,53000,53000,49500,53000,47000,49250,51000,0,1.4025e+08,2.034e+06,2.034e+06,2.035e+06,2.036e+06,2.035e+06,2.034e+06,630078,909375,1.6e+09,8,19152,153,36,19152,689,8,4816,38,370,19168,7092,200,19160,3832,240,4816,1155,80,,,,,,,98,98,1.0101,2.04082,99,96.9697
1041.12,,,,,,,,,,,,,,,,,,,,,,,,,,,,,,,,,,,,,,,1576,,,,,,,,,,
1154.45,,,,,,,,,,,,,,,,,,,,,,,,,,,,,,,,,,,,,,,,2,,,,,,,,,
1541.45,,,,,,,,,,,,,,,,,,,,,,,,,,,,,,,,,,,,,,,2361,,,,,,,,,,
1660.55,,,,,,,,,,,,,,,,,,,,,,,,,,,,,,,,,,,,,,,,3,,,,,,,,,
2000.51,53000,53000,50000,53000,47000,49500,51800,0,1.4025e+08,2.035e+06,2.035e+06,2.034e+06,2.034e+06,2.034e+06,2.034e+06,630078,917968,1.6e+09,8,19152,153,40,19144,765,12,4816,57,396,19160,7587,220,19152,4213,260,4816,1252,80,,,,,,,100,100,0,4.0404,100,100
2041.26,,,,,,,,,,,,,,,,,,,,,,,,,,,,,,,,,,,,,,,3141,,,,,,,,,,
2166.34,,,,,,,,,,,,,,,,,,,,,,,,,,,,,,,,,,,,,,,,4,,,,,,,,,
2541.33,,,,,,,,,,,,,,,,,,,,,,,,,,,,,,,,,,,,,,,3924,,,,,,,,,,
2912.67,,,,,,,,,,,,,,,,,,,,,,,,,,,,,,,,,,,,,,,,,1,,,,,,,,
3000.19,53000,53000,50500,53000,47000,50000,52100,0,1.4025e+08,1.998e+06,2.034e+06,2.035e+06,1.997e+06,1.997e+06,1.998e+06,630078,898632,1.6e+09,8,19152,153,40,19144,765,12,4816,57,400,19160,7664,220,19152,4213,264,4808,1271,80,,,,,,,100,100,0,1.02041,100,100
3041.11,,,,,,,,,,,,,,,,,,,,,,,,,,,,,,,,,,,,,,,4703,,,,,,,,,,
3165.1,,,,,,,,,,,,,,,,,,,,,,,,,,,,,,,,,,,,,,,,6,,,,,,,,,
3541.51,,,,,,,,,,,,,,,,,,,,,,,,,,,,,,,,,,,,,,,5483,,,,,,,,,,
3667.25,,,,,,,,,,,,,,,,,,,,,,,,,,,,,,,,,,,,,,,,7,,,,,,,,,
4000.07,53500,53500,50500,53500,47000,50000,52300,0,1.4025e+08,2.034e+06,2.035e+06,2.035e+06,2.035e+06,2.035e+06,2.032e+06,630078,909375,1.6e+09,8,19152,153,40,19144,765,12,4816,57,400,19160,7664,220,19152,4213,264,4816,1271,80,,,,,,,100,100,0,3,100,100
4041.35,,,,,,,,,,,,,,,,,,,,,,,,,,,,,,,,,,,,,,,6268,,,,,,,,,,
4168.29,,,,,,,,,,,,,,,,,,,,,,,,,,,,,,,,,,,,,,,,8,,,,,,,,,
4541.16,,,,,,,,,,,,,,,,,,,,,,,,,,,,,,,,,,,,,,,7049,,,,,,,,,,
4670.43,,,,,,,,,,,,,,,,,,,,,,,,,,,,,,,,,,,,,,,,9,,,,,,,,,
4999.95,53500,53500,50500,53500,47000,50250,52300,0,1.4025e+08,1.997e+06,2.034e+06,2.034e+06,1.997e+06,1.997e+06,1.997e+06,630078,898632,1.6e+09,8,19152,153,40,19144,765,8,4816,38,402,19160,7702,224,19152,4290,264,4816,1271,80,,,,,,,100,100,0,4.0404,100,100
5008.09,,,,,,,,,,,,,,,,,,,,,,,,,,,,,,,,,,,,,,1,,,,,,,,,,,
5041.59,,,,,,,,,,,,,,,,,,,,,,,,,,,,,,,,,,,,,,,7834,,,,,,,,,,
5170.89,,,,,,,,,,,,,,,,,,,,,,,,,,,,,,,,,,,,,,,,10,,,,,,,,,
5541.4,,,,,,,,,,,,,,,,,,,,,,,,,,,,,,,,,,,,,,,8617,,,,,,,,,,
5670.39,,,,,,,,,,,,,,,,,,,,,,,,,,,,,,,,,,,,,,,,11,,,,,,,,,
5748.25,,,,,,,,,,,,,,,,,,,,,,,,,,,,,,,,,,,,,,,,,2,,,,,,,,
5999.91,54000,54000,50500,54000,47000,50000,52300,0,1.4025e+08,1.998e+06,2.035e+06,2.036e+06,1.996e+06,1.997e+06,1.997e+06,630078,917968,1.6e+09,8,19152,153,40,19144,765,12,4816,57,400,19160,7664,220,19152,4213,264,4816,1271,80,,,,,,,100,100,0,2.04082,100,100
6041.43,,,,,,,,,,,,,,,,,,,,,,,,,,,,,,,,,,,,,,,9397,,,,,,,,,,
6172.2,,,,,,,,,,,,,,,,,,,,,,,,,,,,,,,,,,,,,,,,12,,,,,,,,,
6541.12,,,,,,,,,,,,,,,,,,,,,,,,,,,,,,,,,,,,,,,10181,,,,,,,,,,
7000.88,53500,53500,50500,53500,47000,50250,52600,192,1.4025e+08,2.036e+06,2.034e+06,2.034e+06,2.033e+06,2.035e+06,2.034e+06,630078,917968,1.6e+09,8,19152,153,40,19144,765,8,4816,38,402,19160,7702,220,19152,4290,264,4816,1271,80,,,,,,,100,100,0,2.0202,100,100
7041.5,,,,,,,,,,,,,,,,,,,,,,,,,,,,,,,,,,,,,,,10961,,,,,,,,,,
7173.03,,,,,,,,,,,,,,,,,,,,,,,,,,,,,,,,,,,,,,,,14,,,,,,,,,
7541.59,,,,,,,,,,,,,,,,,,,,,,,,,,,,,,,,,,,,,,,11742,,,,,,,,,,
7676.66,,,,,,,,,,,,,,,,,,,,,,,,,,,,,,,,,,,,,,,,15,,,,,,,,,
8000.73,54000,54000,51000,54000,47000,50250,52600,0,1.4025e+08,2.038e+06,2.035e+06,2.035e+06,2.031e+06,2.032e+06,2.038e+06,630078,909375,1.6e+09,8,19152,153,40,19144,765,12,4816,57,400,19160,7664,220,19152,4213,264,4816,1271,80,,,,,,,100,100,0,5.94059,100,100
8041.17,,,,,,,,,,,,,,,,,,,,,,,,,,,,,,,,,,,,,,,12524,,,,,,,,,,
8176.83,,,,,,,,,,,,,,,,,,,,,,,,,,,,,,,,,,,,,,,,16,,,,,,,,,
8541.31,,,,,,,,,,,,,,,,,,,,,,,,,,,,,,,,,,,,,,,13307,,,,,,,,,,
8576.65,,,,,,,,,,,,,,,,,,,,,,,,,,,,,,,,,,,,,,,,,3,,,,,,,,
8677.26,,,,,,,,,,,,,,,,,,,,,,,,,,,,,,,,,,,,,,,,17,,,,,,,,,
9000.87,54000,54000,51000,54000,47000,50250,52600,192,1.4025e+08,1.998e+06,2.035e+06,2.035e+06,1.998e+06,1.997e+06,1.996e+06,630078,898632,1.6e+09,8,19152,153,40,19144,765,12,4816,57,400,19160,7664,220,19152,4213,264,4808,1269,80,,,,,,,100,100,0,2.0202,100,100
9041.63,,,,,,,,,,,,,,,,,,,,,,,,,,,,,,,,,,,,,,,14087,,,,,,,,,,
9179.47,,,,,,,,,,,,,,,,,,,,,,,,,,,,,,,,,,,,,,,,18,,,,,,,,,
9541.22,,,,,,,,,,,,,,,,,,,,,,,,,,,,,,,,,,,,,,,14867,,,,,,,,,,
9680.42,,,,,,,,,,,,,,,,,,,,,,,,,,,,,,,,,,,,,,,,19,,,,,,,,,
9950.89,,,,,,,,,,,,,,,,,,,,,,,,,,,,,,,,,,,,,,2,,,,,,,,,,,
10000,54000,54000,50500,54000,47000,50500,52800,0,1.4025e+08,2.035e+06,2.034e+06,2.033e+06,2.038e+06,2.034e+06,2.037e+06,630078,909375,1.6e+09,8,19152,153,40,19144,765,12,4816,57,400,19160,7664,220,19152,4213,264,4816,1271,80,,,,,,,100,100,0,1.02041,99.0099,100
10041.2,,,,,,,,,,,,,,,,,,,,,,,,,,,,,,,,,,,,,,,15650,,,,,,,,,,
10181.3,,,,,,,,,,,,,,,,,,,,,,,,,,,,,,,,,,,,,,,,20,,,,,,,,,
10541.4,,,,,,,,,,,,,,,,,,,,,,,,,,,,,,,,,,,,,,,16431,,,,,,,,,,
10685.4,,,,,,,,,,,,,,,,,,,,,,,,,,,,,,,,,,,,,,,,21,,,,,,,,,
11000,54000,54000,51000,54000,47000,50500,52800,0,1.4025e+08,2.036e+06,2.035e+06,2.034e+06,2.035e+06,2.032e+06,2.036e+06,630078,909375,1.6e+09,8,19152,153,40,19144,765,12,4816,57,402,19160,7702,224,19152,4290,264,4808,1269,80,,,,,,,100,100,1,5,100,100
11041.1,,,,,,,,,,,,,,,,,,,,,,,,,,,,,,,,,,,,,,,17212,,,,,,,,,,
11185.5,,,,,,,,,,,,,,,,,,,,,,,,,,,,,,,,,,,,,,,,22,,,,,,,,,
11407.3,,,,,,,,,,,,,,,,,,,,,,,,,,,,,,,,,,,,,,,,,4,,,,,,,,
11541.3,,,,,,,,,,,,,,,,,,,,,,,,,,,,,,,,,,,,,,,17992,,,,,,,,,,
11687.2,,,,,,,,,,,,,,,,,,,,,,,,,,,,,,,,,,,,,,,,23,,,,,,,,,
12000.3,54000,54000,51000,54000,48000,50500,52800,0,1.4025e+08,1.996e+06,2.035e+06,2.034e+06,1.998e+06,1.998e+06,1.999e+06,630078,898632,1.6e+09,8,19152,153,40,19144,765,12,4816,57,400,19160,7664,220,19152,4213,264,4816,1271,80,,,,,,,100,100,0,2.0202,100,100
12041.6,,,,,,,,,,,,,,,,,,,,,,,,,,,,,,,,,,,,,,,18775,,,,,,,,,,
12188.6,,,,,,,,,,,,,,,,,,,,,,,,,,,,,,,,,,,,,,,,24,,,,,,,,,
12541.2,,,,,,,,,,,,,,,,,,,,,,,,,,,,,,,,,,,,,,,19554,,,,,,,,,,
12690.1,,,,,,,,,,,,,,,,,,,,,,,,,,,,,,,,,,,,,,,,25,,,,,,,,,
13000,54000,54000,51000,54000,48000,50500,52800,193,1.4025e+08,2.035e+06,2.034e+06,2.035e+06,2.034e+06,2.038e+06,2.034e+06,630078,909375,1.6e+09,8,19152,153,40,19144,765,12,4816,38,402,19160,7702,224,19152,4290,264,4816,1271,80,,,,,,,100,100,0,1.03093,100,100
13041.1,,,,,,,,,,,,,,,,,,,,,,,,,,,,,,,,,,,,,,,20337,,,,,,,,,,
13541.2,,,,,,,,,,,,,,,,,,,,,,,,,,,,,,,,,,,,,,,21118,,,,,,,,,,
13693.4,,,,,,,,,,,,,,,,,,,,,,,,,,,,,,,,,,,,,,,,27,,,,,,,,,
14000.6,54000,54000,51000,54000,48000,50500,52800,0,1.4025e+08,1.998e+06,2.035e+06,2.035e+06,1.997e+06,1.999e+06,1.998e+06,630078,898632,1.6e+09,8,19152,153,40,19144,765,12,4816,57,400,19160,7664,220,19152,4213,264,4816,1271,80,,,,,,,100,100,0,4.0404,100,100
14041.3,,,,,,,,,,,,,,,,,,,,,,,,,,,,,,,,,,,,,,,21898,,,,,,,,,,
14195.4,,,,,,,,,,,,,,,,,,,,,,,,,,,,,,,,,,,,,,,,28,,,,,,,,,
14237.5,,,,,,,,,,,,,,,,,,,,,,,,,,,,,,,,,,,,,,,,,5,,,,,,,,
14541.7,,,,,,,,,,,,,,,,,,,,,,,,,,,,,,,,,,,,,,,22678,,,,,,,,,,
14697.2,,,,,,,,,,,,,,,,,,,,,,,,,,,,,,,,,,,,,,,,29,,,,,,,,,
14907.3,,,,,,,,,,,,,,,,,,,,,,,,,,,,,,,,,,,,,,3,,,,,,,,,,,
14999.9,54000,54000,51000,54000,48000,50500,52800,192,1.4025e+08,2.035e+06,2.034e+06,2.035e+06,2.034e+06,2.034e+06,2.034e+06,630078,917968,1.6e+09,8,19152,153,40,19144,765,12,4816,57,400,19160,7664,220,19152,4213,264,4816,1271,80,,,,,,,100,100,0,2.0202,100,100
15041.7,,,,,,,,,,,,,,,,,,,,,,,,,,,,,,,,,,,,,,,23458,,,,,,,,,,
15198.3,,,,,,,,,,,,,,,,,,,,,,,,,,,,,,,,,,,,,,,,30,,,,,,,,,
15541.1,,,,,,,,,,,,,,,,,,,,,,,,,,,,,,,,,,,,,,,24239,,,,,,,,,,
15699.2,,,,,,,,,,,,,,,,,,,,,,,,,,,,,,,,,,,,,,,,31,,,,,,,,,
16000.3,54000,54000,51000,54000,48000,50750,52800,0,1.4025e+08,2.034e+06,2.034e+06,2.035e+06,2.035e+06,2.035e+06,2.035e+06,630078,898632,1.6e+09,8,19152,153,40,19144,765,12,4816,57,400,19160,7664,220,19152,4213,264,4816,1271,80,,,,,,,100,100,0,2.0202,100,100
16041.2,,,,,,,,,,,,,,,,,,,,,,,,,,,,,,,,,,,,,,,25021,,,,,,,,,,
16201,,,,,,,,,,,,,,,,,,,,,,,,,,,,,,,,,,,,,,,,32,,,,,,,,,
16541.3,,,,,,,,,,,,,,,,,,,,,,,,,,,,,,,,,,,,,,,25801,,,,,,,,,,
16703.8,,,,,,,,,,,,,,,,,,,,,,,,,,,,,,,,,,,,,,,,33,,,,,,,,,
17000.3,54000,54000,51000,54000,48000,50500,52800,0,1.4025e+08,1.998e+06,2.034e+06,2.034e+06,1.997e+06,2e+06,1.999e+06,630078,898632,1.6e+09,8,19152,153,40,19144,765,12,4816,57,400,19160,7664,220,19152,4213,264,4816,1271,80,,,,,,,100,100,0,3.06122,100,100
17041.4,,,,,,,,,,,,,,,,,,,,,,,,,,,,,,,,,,,,,,,26580,,,,,,,,,,
17065.7,,,,,,,,,,,,,,,,,,,,,,,,,,,,,,,,,,,,,,,,,6,,,,,,,,
17205.6,,,,,,,,,,,,,,,,,,,,,,,,,,,,,,,,,,,,,,,,34,,,,,,,,,
17541.2,,,,,,,,,,,,,,,,,,,,,,,,,,,,,,,,,,,,,,,27360,,,,,,,,,,
17707.5,,,,,,,,,,,,,,,,,,,,,,,,,,,,,,,,,,,,,,,,35,,,,,,,,,
18000.5,54000,54000,51000,54000,48000,50750,52800,0,1.4025e+08,2.035e+06,2.034e+06,2.035e+06,2.034e+06,2.034e+06,2.035e+06,630078,917968,1.6e+09,8,19152,153,40,19144,765,12,4816,57,400,19160,7664,220,19152,4213,264,4816,1271,80,,,,,,,100,100,0,1.03093,100,100
18041.2,,,,,,,,,,,,,,,,,,,,,,,,,,,,,,,,,,,,,,,28140,,,,,,,,,,
18209.3,,,,,,,,,,,,,,,,,,,,,,,,,,,,,,,,,,,,,,,,36,,,,,,,,,
18541.2,,,,,,,,,,,,,,,,,,,,,,,,,,,,,,,,,,,,,,,28925,,,,,,,,,,
18710,,,,,,,,,,,,,,,,,,,,,,,,,,,,,,,,,,,,,,,,37,,,,,,,,,
19000.4,54000,54000,51000,54000,48000,50750,52800,191,1.4025e+08,1.997e+06,2.034e+06,2.035e+06,1.997e+06,1.998e+06,1.996e+06,630078,898632,1.6e+09,8,19152,153,40,19144,765,12,4816,57,402,19160,7702,220,19152,4213,264,4816,1271,80,,,,,,,100,100,0,2.0202,100,100
19041.6,,,,,,,,,,,,,,,,,,,,,,,,,,,,,,,,,,,,,,,29706,,,,,,,,,,
19211,,,,,,,,,,,,,,,,,,,,,,,,,,,,,,,,,,,,,,,,38,,,,,,,,,
19541.3,,,,,,,,,,,,,,,,,,,,,,,,,,,,,,,,,,,,,,,30487,,,,,,,,,,
19713.4,,,,,,,,,,,,,,,,,,,,,,,,,,,,,,,,,,,,,,,,39,,,,,,,,,
19865.5,,,,,,,,,,,,,,,,,,,,,,,,,,,,,,,,,,,,,,4,,,,,,,,,,,
19895.1,,,,,,,,,,,,,,,,,,,,,,,,,,,,,,,,,,,,,,,,,7,,,,,,,,
20000,54000,54000,51000,54000,48000,50750,52800,0,1.4025e+08,1.997e+06,2.034e+06,2.036e+06,1.997e+06,1.997e+06,1.996e+06,630078,898632,1.6e+09,8,19152,153,40,19144,765,12,4816,57,402,19160,7702,220,19152,4213,264,4816,1271,80,,,,,,,100,100,1,3.06122,100,100
20041.5,,,,,,,,,,,,,,,,,,,,,,,,,,,,,,,,,,,,,,,31269,,,,,,,,,,
20215.2,,,,,,,,,,,,,,,,,,,,,,,,,,,,,,,,,,,,,,,,40,,,,,,,,,
20541.5,,,,,,,,,,,,,,,,,,,,,,,,,,,,,,,,,,,,,,,32050,,,,,,,,,,
20716,,,,,,,,,,,,,,,,,,,,,,,,,,,,,,,,,,,,,,,,41,,,,,,,,,
21000.5,54500,54500,51500,54500,48000,51000,52800,191,1.4025e+08,2.035e+06,2.035e+06,2.034e+06,2.034e+06,2.034e+06,2.035e+06,630078,917968,1.6e+09,8,19152,153,40,19144,765,8,4816,38,402,19160,7702,220,19152,4213,264,4808,1269,80,,,,,,,100,100,0,2.0202,100,100
21041.1,,,,,,,,,,,,,,,,,,,,,,,,,,,,,,,,,,,,,,,32830,,,,,,,,,,
21217.4,,,,,,,,,,,,,,,,,,,,,,,,,,,,,,,,,,,,,,,,42,,,,,,,,,
21541.5,,,,,,,,,,,,,,,,,,,,,,,,,,,,,,,,,,,,,,,33611,,,,,,,,,,
21718.5,,,,,,,,,,,,,,,,,,,,,,,,,,,,,,,,,,,,,,,,43,,,,,,,,,
22000.5,54500,54500,51500,54500,48000,51000,53300,0,1.4025e+08,2.034e+06,2.034e+06,2.034e+06,2.034e+06,2.034e+06,2.034e+06,630078,909375,1.6e+09,8,19152,153,40,19144,765,12,4816,57,402,19160,7702,224,19152,4290,264,4816,1271,80,,,,,,,100,100,0,1.02041,100,100
22041.2,,,,,,,,,,,,,,,,,,,,,,,,,,,,,,,,,,,,,,,34395,,,,,,,,,,
22541,,,,,,,,,,,,,,,,,,,,,,,,,,,,,,,,,,,,,,,35177,,,,,,,,,,
22720.8,,,,,,,,,,,,,,,,,,,,,,,,,,,,,,,,,,,,,,,,45,,,,,,,,,
22724.8,,,,,,,,,,,,,,,,,,,,,,,,,,,,,,,,,,,,,,,,,8,,,,,,,,
23000.6,54500,54500,51500,54500,48000,50750,53300,0,1.4025e+08,2.034e+06,2.035e+06,2.035e+06,2.032e+06,2.034e+06,2.034e+06,630078,917968,1.6e+09,8,19152,153,40,19144,765,12,4816,57,402,19160,7702,224,19152,4290,264,4816,1271,80,,,,,,,100,100,0.990099,3.09278,100,100
23041.4,,,,,,,,,,,,,,,,,,,,,,,,,,,,,,,,,,,,,,,35959,,,,,,,,,,
23220.8,,,,,,,,,,,,,,,,,,,,,,,,,,,,,,,,,,,,,,,,46,,,,,,,,,
23541.2,,,,,,,,,,,,,,,,,,,,,,,,,,,,,,,,,,,,,,,36739,,,,,,,,,,
23722.7,,,,,,,,,,,,,,,,,,,,,,,,,,,,,,,,,,,,,,,,47,,,,,,,,,
24000.7,54000,54000,51000,54000,48000,51000,53100,0,1.4025e+08,1.998e+06,2.036e+06,2.034e+06,1.997e+06,1.997e+06,1.997e+06,630078,898632,1.6e+09,8,19152,153,40,19144,765,12,4816,57,400,19160,7664,220,19152,4213,264,4816,1271,80,,,,,,,100,100,0,2.0202,100,100
24041.2,,,,,,,,,,,,,,,,,,,,,,,,,,,,,,,,,,,,,,,37519,,,,,,,,,,
24224.9,,,,,,,,,,,,,,,,,,,,,,,,,,,,,,,,,,,,,,,,48,,,,,,,,,
24541.4,,,,,,,,,,,,,,,,,,,,,,,,,,,,,,,,,,,,,,,38300,,,,,,,,,,
24724.9,,,,,,,,,,,,,,,,,,,,,,,,,,,,,,,,,,,,,,,,49,,,,,,,,,
24811.6,,,,,,,,,,,,,,,,,,,,,,,,,,,,,,,,,,,,,,5,,,,,,,,,,,
25000.1,54500,54500,51000,54500,48000,51000,53300,131,1.4025e+08,2.033e+06,2.035e+06,2.035e+06,2.036e+06,2.036e+06,2.035e+06,630078,909375,1.6e+09,8,19152,153,40,19144,765,12,4816,57,402,19160,7702,224,19152,4290,264,4808,1269,80,,,,,,,100,100,0,3.9604,100,100
25041.6,,,,,,,,,,,,,,,,,,,,,,,,,,,,,,,,,,,,,,,39084,,,,,,,,,,
25224.9,,,,,,,,,,,,,,,,,,,,,,,,,,,,,,,,,,,,,,,,50,,,,,,,,,
25541.5,,,,,,,,,,,,,,,,,,,,,,,,,,,,,,,,,,,,,,,39865,,,,,,,,,,
25552.7,,,,,,,,,,,,,,,,,,,,,,,,,,,,,,,,,,,,,,,,,9,,,,,,,,
25728.9,,,,,,,,,,,,,,,,,,,,,,,,,,,,,,,,,,,,,,,,51,,,,,,,,,
26000.3,54500,54500,51500,54500,48000,50750,53300,0,1.4025e+08,2.036e+06,2.035e+06,2.035e+06,2.035e+06,2.037e+06,2.034e+06,630078,909375,1.6e+09,8,19152,153,40,19144,765,8,4816,38,402,19160,7702,224,19152,4290,264,4816,1271,80,,,,,,,100,100,0,5.94059,100,100
26041.4,,,,,,,,,,,,,,,,,,,,,,,,,,,,,,,,,,,,,,,40648,,,,,,,,,,
26228.2,,,,,,,,,,,,,,,,,,,,,,,,,,,,,,,,,,,,,,,,52,,,,,,,,,
26541.3,,,,,,,,,,,,,,,,,,,,,,,,,,,,,,,,,,,,,,,41431,,,,,,,,,,
27001,54500,54500,51500,54500,48000,51000,53300,57,1.4025e+08,2.035e+06,2.034e+06,2.034e+06,2.035e+06,2.034e+06,2.035e+06,630078,917968,1.6e+09,8,19152,153,40,19144,765,12,4816,57,402,19160,7702,224,19152,4290,264,4816,1271,80,,,,,,,100,100,0,1.02041,100,100
27041.4,,,,,,,,,,,,,,,,,,,,,,,,,,,,,,,,,,,,,,,42213,,,,,,,,,,
27229.3,,,,,,,,,,,,,,,,,,,,,,,,,,,,,,,,,,,,,,,,54,,,,,,,,,
27541.4,,,,,,,,,,,,,,,,,,,,,,,,,,,,,,,,,,,,,,,42993,,,,,,,,,,
27731.3,,,,,,,,,,,,,,,,,,,,,,,,,,,,,,,,,,,,,,,,55,,,,,,,,,
28000.4,54500,54500,51500,54500,48000,51000,53100,0,1.4025e+08,1.997e+06,2.035e+06,2.036e+06,1.998e+06,1.997e+06,1.997e+06,630078,898632,1.6e+09,8,19152,153,40,19144,765,12,4816,57,400,19160,7664,220,19152,4213,264,4816,1271,80,,,,,,,100,100,0,1.02041,100,100
28041.6,,,,,,,,,,,,,,,,,,,,,,,,,,,,,,,,,,,,,,,43774,,,,,,,,,,
28233.5,,,,,,,,,,,,,,,,,,,,,,,,,,,,,,,,,,,,,,,,56,,,,,,,,,
28381.4,,,,,,,,,,,,,,,,,,,,,,,,,,,,,,,,,,,,,,,,,10,,,,,,,,
28541.1,,,,,,,,,,,,,,,,,,,,,,,,,,,,,,,,,,,,,,,44554,,,,,,,,,,
28736.5,,,,,,,,,,,,,,,,,,,,,,,,,,,,,,,,,,,,,,,,57,,,,,,,,,
29000.7,54500,54500,51500,54500,48000,51000,53300,0,1.4025e+08,2.035e+06,2.035e+06,2.034e+06,2.034e+06,2.03e+06,1.999e+06,630078,898632,1.6e+09,8,19152,153,40,19144,765,12,4816,57,402,19160,7702,220,19152,4290,264,4816,1271,80,,,,,,,100,100,0,5,100,100
29041.4,,,,,,,,,,,,,,,,,,,,,,,,,,,,,,,,,,,,,,,45334,,,,,,,,,,
29238.7,,,,,,,,,,,,,,,,,,,,,,,,,,,,,,,,,,,,,,,,58,,,,,,,,,
29541.4,,,,,,,,,,,,,,,,,,,,,,,,,,,,,,,,,,,,,,,46114,,,,,,,,,,
29740.7,,,,,,,,,,,,,,,,,,,,,,,,,,,,,,,,,,,,,,,,59,,,,,,,,,
29766.3,,,,,,,,,,,,,,,,,,,,,,,,,,,,,,,,,,,,,,6,,,,,,,,,,,
30000.1,54500,54500,51500,54500,48000,51000,53300,0,1.4025e+08,2.029e+06,2.035e+06,2.034e+06,2.035e+06,2.032e+06,2.033e+06,630078,909375,1.6e+09,8,19152,153,40,19144,765,12,4816,57,402,19160,7702,224,19152,4290,264,4816,1271,80,,,,,,,100,100,0,1.03093,100,100
30041.1,,,,,,,,,,,,,,,,,,,,,,,,,,,,,,,,,,,,,,,46896,,,,,,,,,,
30240.6,,,,,,,,,,,,,,,,,,,,,,,,,,,,,,,,,,,,,,,,60,,,,,,,,,
30541.4,,,,,,,,,,,,,,,,,,,,,,,,,,,,,,,,,,,,,,,47679,,,,,,,,,,
30740.3,,,,,,,,,,,,,,,,,,,,,,,,,,,,,,,,,,,,,,,,61,,,,,,,,,
31000.5,54500,54500,51500,54500,48000,51000,53300,0,1.4025e+08,1.997e+06,2.036e+06,2.035e+06,1.996e+06,1.997e+06,1.996e+06,630078,898632,1.6e+09,8,19152,153,40,19144,765,12,4816,57,402,19160,7702,220,19152,4213,264,4808,1269,80,,,,,,,100,100,0,0,100,100
31041.2,,,,,,,,,,,,,,,,,,,,,,,,,,,,,,,,,,,,,,,48458,,,,,,,,,,
31211.5,,,,,,,,,,,,,,,,,,,,,,,,,,,,,,,,,,,,,,,,,11,,,,,,,,
31242.5,,,,,,,,,,,,,,,,,,,,,,,,,,,,,,,,,,,,,,,,62,,,,,,,,,
31541.5,,,,,,,,,,,,,,,,,,,,,,,,,,,,,,,,,,,,,,,49239,,,,,,,,,,
31748.2,,,,,,,,,,,,,,,,,,,,,,,,,,,,,,,,,,,,,,,,63,,,,,,,,,
32000.1,54500,54500,51500,54500,48000,51250,53300,0,1.4025e+08,2.034e+06,2.034e+06,2.034e+06,2.036e+06,2.036e+06,2.035e+06,630078,909375,1.6e+09,8,19152,153,40,19144,765,12,4816,57,402,19160,7702,224,19152,4290,264,4816,1271,80,,,,,,,100,100,0,5,100,100
32041.4,,,,,,,,,,,,,,,,,,,,,,,,,,,,,,,,,,,,,,,50019,,,,,,,,,,
32249.5,,,,,,,,,,,,,,,,,,,,,,,,,,,,,,,,,,,,,,,,64,,,,,,,,,
32541.2,,,,,,,,,,,,,,,,,,,,,,,,,,,,,,,,,,,,,,,50800,,,,,,,,,,
32750.8,,,,,,,,,,,,,,,,,,,,,,,,,,,,,,,,,,,,,,,,65,,,,,,,,,
33000.5,55000,55000,51500,55000,48000,51000,53300,0,1.4025e+08,1.982e+06,2.034e+06,2.035e+06,1.98e+06,1.982e+06,1.981e+06,630078,887890,1.6e+09,8,19152,153,40,19144,765,12,4816,57,400,19160,7664,220,19152,4213,264,4816,1271,80,,,,,,,100,100,0,3,100,100
33041.2,,,,,,,,,,,,,,,,,,,,,,,,,,,,,,,,,,,,,,,51581,,,,,,,,,,
33251,,,,,,,,,,,,,,,,,,,,,,,,,,,,,,,,,,,,,,,,66,,,,,,,,,
33541.3,,,,,,,,,,,,,,,,,,,,,,,,,,,,,,,,,,,,,,,52366,,,,,,,,,,
33750.1,,,,,,,,,,,,,,,,,,,,,,,,,,,,,,,,,,,,,,,,67,,,,,,,,,
34000.7,54500,54500,51500,54500,48000,51000,53300,0,1.4025e+08,1.997e+06,2.035e+06,2.034e+06,1.998e+06,1.997e+06,1.997e+06,630078,898632,1.6e+09,8,19152,153,40,19144,765,12,4816,57,402,19160,7702,224,19152,4290,264,4816,1271,80,,,,,,,100,100,0,1.02041,100,100
34039.1,,,,,,,,,,,,,,,,,,,,,,,,,,,,,,,,,,,,,,,,,12,,,,,,,,
34041.3,,,,,,,,,,,,,,,,,,,,,,,,,,,,,,,,,,,,,,,53149,,,,,,,,,,
34541.2,,,,,,,,,,,,,,,,,,,,,,,,,,,,,,,,,,,,,,,53932,,,,,,,,,,
34715.8,,,,,,,,,,,,,,,,,,,,,,,,,,,,,,,,,,,,,,7,,,,,,,,,,,
34751.2,,,,,,,,,,,,,,,,,,,,,,,,,,,,,,,,,,,,,,,,69,,,,,,,,,
35000,54500,54500,51500,54500,48000,51250,53300,0,1.4025e+08,2.034e+06,2.035e+06,2.035e+06,2.034e+06,2.034e+06,2.036e+06,630078,917968,1.6e+09,8,19152,153,40,19144,765,8,4816,57,402,19160,7702,224,19152,4290,264,4816,1271,80,,,,,,,100,100,0,5.05051,100,100
35041.4,,,,,,,,,,,,,,,,,,,,,,,,,,,,,,,,,,,,,,,54713,,,,,,,,,,
35253.4,,,,,,,,,,,,,,,,,,,,,,,,,,,,,,,,,,,,,,,,70,,,,,,,,,
35541.3,,,,,,,,,,,,,,,,,,,,,,,,,,,,,,,,,,,,,,,55494,,,,,,,,,,
35753.5,,,,,,,,,,,,,,,,,,,,,,,,,,,,,,,,,,,,,,,,71,,,,,,,,,
36000.6,54500,54500,51500,54500,48000,51250,53300,0,1.4025e+08,1.996e+06,2.034e+06,2.034e+06,1.996e+06,1.997e+06,1.997e+06,630078,898632,1.6e+09,8,19152,153,40,19144,765,12,4816,57,402,19160,7702,220,19152,4213,264,4816,1271,80,,,,,,,100,100,0,2.0202,100,100
36041.5,,,,,,,,,,,,,,,,,,,,,,,,,,,,,,,,,,,,,,,56276,,,,,,,,,,
36255.7,,,,,,,,,,,,,,,,,,,,,,,,,,,,,,,,,,,,,,,,72,,,,,,,,,
36541.6,,,,,,,,,,,,,,,,,,,,,,,,,,,,,,,,,,,,,,,57058,,,,,,,,,,
36756.1,,,,,,,,,,,,,,,,,,,,,,,,,,,,,,,,,,,,,,,,73,,,,,,,,,
36869.4,,,,,,,,,,,,,,,,,,,,,,,,,,,,,,,,,,,,,,,,,13,,,,,,,,
37000.1,54500,54500,51500,54500,48000,51250,53300,0,1.4025e+08,1.997e+06,2.035e+06,2.035e+06,1.997e+06,1.998e+06,1.996e+06,630078,898632,1.6e+09,8,19152,153,40,19144,765,12,4816,57,400,19160,7664,220,19152,4213,264,4816,1269,80,,,,,,,100,100,0,2.0202,100,100
37041.2,,,,,,,,,,,,,,,,,,,,,,,,,,,,,,,,,,,,,,,57836,,,,,,,,,,
37258.2,,,,,,,,,,,,,,,,,,,,,,,,,,,,,,,,,,,,,,,,74,,,,,,,,,
37541.3,,,,,,,,,,,,,,,,,,,,,,,,,,,,,,,,,,,,,,,58617,,,,,,,,,,
37762.2,,,,,,,,,,,,,,,,,,,,,,,,,,,,,,,,,,,,,,,,75,,,,,,,,,
38000.8,54500,54500,51500,54500,48000,51250,53300,0,1.4025e+08,1.996e+06,2.035e+06,2.034e+06,1.999e+06,1.998e+06,1.996e+06,630078,898632,1.6e+09,8,19152,153,40,19144,765,8,4816,38,402,19160,7702,224,19152,4290,264,4816,1271,80,,,,,,,100,100,0,4.08163,100,100
38041.5,,,,,,,,,,,,,,,,,,,,,,,,,,,,,,,,,,,,,,,59397,,,,,,,,,,
38263.2,,,,,,,,,,,,,,,,,,,,,,,,,,,,,,,,,,,,,,,,76,,,,,,,,,
38541.3,,,,,,,,,,,,,,,,,,,,,,,,,,,,,,,,,,,,,,,60179,,,,,,,,,,
39000.7,54500,54500,51500,54500,48000,51250,53600,0,1.4025e+08,2.031e+06,2.035e+06,2.035e+06,2.039e+06,2.035e+06,2.037e+06,630078,909375,1.6e+09,8,19152,153,40,19144,765,12,4816,57,402,19160,7702,224,19152,4290,264,4816,1271,80,,,,,,,100,100,0,1.0101,100,100
39041.4,,,,,,,,,,,,,,,,,,,,,,,,,,,,,,,,,,,,,,,60962,,,,,,,,,,
39260.8,,,,,,,,,,,,,,,,,,,,,,,,,,,,,,,,,,,,,,,,78,,,,,,,,,
39541.6,,,,,,,,,,,,,,,,,,,,,,,,,,,,,,,,,,,,,,,61747,,,,,,,,,,
39661.6,,,,,,,,,,,,,,,,,,,,,,,,,,,,,,,,,,,,,,8,,,,,,,,,,,
39699.2,,,,,,,,,,,,,,,,,,,,,,,,,,,,,,,,,,,,,,,,,14,,,,,,,,
39760.1,,,,,,,,,,,,,,,,,,,,,,,,,,,,,,,,,,,,,,,,79,,,,,,,,,
40000.4,54500,54500,51500,54500,48000,51250,53300,0,1.4025e+08,2.032e+06,2.035e+06,2.036e+06,2.036e+06,2.037e+06,2.035e+06,630078,909375,1.6e+09,8,19152,153,40,19144,765,12,4816,57,402,19160,7702,224,19152,4290,264,4816,1271,80,,,,,,,100,100,0,2.04082,100,100
40041.3,,,,,,,,,,,,,,,,,,,,,,,,,,,,,,,,,,,,,,,62533,,,,,,,,,,
40541.7,,,,,,,,,,,,,,,,,,,,,,,,,,,,,,,,,,,,,,,63316,,,,,,,,,,
40761,,,,,,,,,,,,,,,,,,,,,,,,,,,,,,,,,,,,,,,,81,,,,,,,,,
41000.5,55000,55000,51500,55000,48000,51250,53300,0,1.4025e+08,2.028e+06,2.035e+06,2.034e+06,2.035e+06,2.031e+06,2.032e+06,630078,909375,1.6e+09,8,19152,153,40,19144,765,12,4816,57,402,19160,7702,224,19152,4290,264,4816,1271,80,,,,,,,100,100,1,4.0404,100,100
41041.4,,,,,,,,,,,,,,,,,,,,,,,,,,,,,,,,,,,,,,,64097,,,,,,,,,,
41261,,,,,,,,,,,,,,,,,,,,,,,,,,,,,,,,,,,,,,,,82,,,,,,,,,
41541.3,,,,,,,,,,,,,,,,,,,,,,,,,,,,,,,,,,,,,,,64879,,,,,,,,,,
41760.8,,,,,,,,,,,,,,,,,,,,,,,,,,,,,,,,,,,,,,,,83,,,,,,,,,
42000.8,55000,55000,51500,55000,48000,51250,53300,0,1.4025e+08,2.036e+06,2.035e+06,2.034e+06,2.049e+06,2.034e+06,2.038e+06,630078,909375,1.6e+09,8,19152,153,40,19144,765,12,4816,57,402,19160,7702,224,19152,4290,264,4816,1271,80,,,,,,,100,100,0,2.0202,100,100
42041.2,,,,,,,,,,,,,,,,,,,,,,,,,,,,,,,,,,,,,,,65660,,,,,,,,,,
42262.1,,,,,,,,,,,,,,,,,,,,,,,,,,,,,,,,,,,,,,,,84,,,,,,,,,
42527.7,,,,,,,,,,,,,,,,,,,,,,,,,,,,,,,,,,,,,,,,,15,,,,,,,,
42541.5,,,,,,,,,,,,,,,,,,,,,,,,,,,,,,,,,,,,,,,66441,,,,,,,,,,
42764,,,,,,,,,,,,,,,,,,,,,,,,,,,,,,,,,,,,,,,,85,,,,,,,,,
43000.8,55000,55000,51500,55000,48000,51500,53300,0,1.4025e+08,2.035e+06,2.035e+06,2.034e+06,2.035e+06,2.034e+06,2.035e+06,630078,917968,1.6e+09,8,19152,153,40,19144,765,12,4816,57,400,19160,7664,220,19152,4213,264,4816,1271,80,,,,,,,100,100,0,2.0202,100,100
43041.4,,,,,,,,,,,,,,,,,,,,,,,,,,,,,,,,,,,,,,,67220,,,,,,,,,,
43266.2,,,,,,,,,,,,,,,,,,,,,,,,,,,,,,,,,,,,,,,,86,,,,,,,,,
43541.6,,,,,,,,,,,,,,,,,,,,,,,,,,,,,,,,,,,,,,,68000,,,,,,,,,,
43769.3,,,,,,,,,,,,,,,,,,,,,,,,,,,,,,,,,,,,,,,,87,,,,,,,,,
44000.4,55000,55000,51500,55000,48000,51250,53600,0,1.4025e+08,2.032e+06,2.035e+06,2.034e+06,2.035e+06,2.035e+06,2.037e+06,630078,909375,1.6e+09,8,19152,153,40,19144,765,12,4816,57,402,19160,7702,224,19152,4290,264,4816,1271,80,,,,,,,100,100,0,5.05051,100,100
44041.5,,,,,,,,,,,,,,,,,,,,,,,,,,,,,,,,,,,,,,,68783,,,,,,,,,,
44541.5,,,,,,,,,,,,,,,,,,,,,,,,,,,,,,,,,,,,,,,69567,,,,,,,,,,
44609.6,,,,,,,,,,,,,,,,,,,,,,,,,,,,,,,,,,,,,,9,,,,,,,,,,,
44767.5,,,,,,,,,,,,,,,,,,,,,,,,,,,,,,,,,,,,,,,,89,,,,,,,,,
45000,55000,55000,51500,55000,48000,51250,53600,0,1.4025e+08,1.997e+06,2.034e+06,2.034e+06,1.997e+06,1.998e+06,1.997e+06,630078,898632,1.6e+09,8,19152,153,40,19144,765,12,4816,57,402,19160,7702,224,19152,4290,264,4816,1271,80,,,,,,,100,100,0,1.02041,100,100
45041.5,,,,,,,,,,,,,,,,,,,,,,,,,,,,,,,,,,,,,,,70349,,,,,,,,,,
45269.3,,,,,,,,,,,,,,,,,,,,,,,,,,,,,,,,,,,,,,,,90,,,,,,,,,
45357.6,,,,,,,,,,,,,,,,,,,,,,,,,,,,,,,,,,,,,,,,,16,,,,,,,,
45541.1,,,,,,,,,,,,,,,,,,,,,,,,,,,,,,,,,,,,,,,71131,,,,,,,,,,
46000.4,55000,55000,51500,55000,48000,51500,53600,0,1.4025e+08,2.032e+06,2.035e+06,2.036e+06,2.032e+06,2.03e+06,2.027e+06,630078,909375,1.6e+09,8,19152,153,40,19144,765,12,4816,57,402,19160,7702,224,19152,4290,264,4816,1271,80,,,,,,,100,100,0,3,100,100
46041.1,,,,,,,,,,,,,,,,,,,,,,,,,,,,,,,,,,,,,,,71917,,,,,,,,,,
46266.1,,,,,,,,,,,,,,,,,,,,,,,,,,,,,,,,,,,,,,,,92,,,,,,,,,
46541.5,,,,,,,,,,,,,,,,,,,,,,,,,,,,,,,,,,,,,,,72702,,,,,,,,,,
46769.4,,,,,,,,,,,,,,,,,,,,,,,,,,,,,,,,,,,,,,,,93,,,,,,,,,
47000.8,55000,55000,51500,55000,48000,51500,53600,0,1.4025e+08,2.032e+06,2.034e+06,2.035e+06,2.032e+06,2.033e+06,2.033e+06,630078,909375,1.6e+09,8,19152,153,40,19144,765,12,4816,57,402,19160,7702,224,19152,4290,264,4816,1271,80,,,,,,,100,100,1,3.06122,100,100
47041.3,,,,,,,,,,,,,,,,,,,,,,,,,,,,,,,,,,,,,,,73484,,,,,,,,,,
47541.4,,,,,,,,,,,,,,,,,,,,,,,,,,,,,,,,,,,,,,,74268,,,,,,,,,,
47767.6,,,,,,,,,,,,,,,,,,,,,,,,,,,,,,,,,,,,,,,,95,,,,,,,,,
48000,54500,54500,52000,54500,48000,51500,53600,0,1.4025e+08,1.996e+06,2.034e+06,2.034e+06,1.996e+06,1.997e+06,1.996e+06,630078,898632,1.6e+09,8,19152,153,40,19144,765,12,4816,57,402,19160,7702,224,19152,4290,264,4816,1271,80,,,,,,,100,100,0,2.04082,100,100
48041.6,,,,,,,,,,,,,,,,,,,,,,,,,,,,,,,,,,,,,,,75051,,,,,,,,,,
48186.3,,,,,,,,,,,,,,,,,,,,,,,,,,,,,,,,,,,,,,,,,17,,,,,,,,
48268.7,,,,,,,,,,,,,,,,,,,,,,,,,,,,,,,,,,,,,,,,96,,,,,,,,,
48541.5,,,,,,,,,,,,,,,,,,,,,,,,,,,,,,,,,,,,,,,75831,,,,,,,,,,
48770.6,,,,,,,,,,,,,,,,,,,,,,,,,,,,,,,,,,,,,,,,97,,,,,,,,,
49000.7,55000,55000,51500,55000,48000,51500,53800,0,1.4025e+08,2.034e+06,2.034e+06,2.035e+06,2.035e+06,2.035e+06,2.036e+06,630078,917968,1.6e+09,8,19152,153,40,19144,765,8,4816,38,402,19160,7702,220,19152,4213,264,4816,1271,80,,,,,,,100,100,0,3,100,100
49041.3,,,,,,,,,,,,,,,,,,,,,,,,,,,,,,,,,,,,,,,76610,,,,,,,,,,
49272.1,,,,,,,,,,,,,,,,,,,,,,,,,,,,,,,,,,,,,,,,98,,,,,,,,,
49541.3,,,,,,,,,,,,,,,,,,,,,,,,,,,,,,,,,,,,,,,77395,,,,,,,,,,
49556.6,,,,,,,,,,,,,,,,,,,,,,,,,,,,,,,,,,,,,,10,,,,,,,,,,,
49773,,,,,,,,,,,,,,,,,,,,,,,,,,,,,,,,,,,,,,,,99,,,,,,,,,
50000,55000,55000,52000,55000,48000,51500,53800,0,1.4025e+08,2.035e+06,2.035e+06,2.033e+06,2.035e+06,2.035e+06,2.035e+06,630078,917968,1.6e+09,8,19152,153,40,19144,765,12,4816,57,402,19160,7702,224,19152,4290,264,4816,1271,80,,,,,,,100,100,0,2.06186,100,100
50041.3,,,,,,,,,,,,,,,,,,,,,,,,,,,,,,,,,,,,,,,78176,,,,,,,,,,
50275.1,,,,,,,,,,,,,,,,,,,,,,,,,,,,,,,,,,,,,,,,100,,,,,,,,,
50541.5,,,,,,,,,,,,,,,,,,,,,,,,,,,,,,,,,,,,,,,78956,,,,,,,,,,
50777,,,,,,,,,,,,,,,,,,,,,,,,,,,,,,,,,,,,,,,,101,,,,,,,,,
51000.4,55000,55000,52000,55000,48000,51500,53800,0,1.4025e+08,1.998e+06,2.035e+06,2.035e+06,1.997e+06,1.997e+06,1.997e+06,630078,898632,1.6e+09,8,19152,153,40,19144,765,8,4816,38,400,19160,7664,220,19152,4213,264,4816,1271,80,,,,,,,100,100,0,1.02041,100,100
51016,,,,,,,,,,,,,,,,,,,,,,,,,,,,,,,,,,,,,,,,,18,,,,,,,,
51041.1,,,,,,,,,,,,,,,,,,,,,,,,,,,,,,,,,,,,,,,79735,,,,,,,,,,
51278.5,,,,,,,,,,,,,,,,,,,,,,,,,,,,,,,,,,,,,,,,102,,,,,,,,,
51541.2,,,,,,,,,,,,,,,,,,,,,,,,,,,,,,,,,,,,,,,80518,,,,,,,,,,
51778.5,,,,,,,,,,,,,,,,,,,,,,,,,,,,,,,,,,,,,,,,103,,,,,,,,,
52000.7,55000,55000,51500,55000,48000,51500,53800,0,1.4025e+08,2.034e+06,2.034e+06,2.034e+06,2.039e+06,2.031e+06,2.038e+06,630078,909375,1.6e+09,8,19152,153,40,19144,765,12,4816,57,402,19160,7702,224,19152,4290,264,4808,1269,80,,,,,,,100,100,0,2.0202,100,100
52041.6,,,,,,,,,,,,,,,,,,,,,,,,,,,,,,,,,,,,,,,81302,,,,,,,,,,
52280.1,,,,,,,,,,,,,,,,,,,,,,,,,,,,,,,,,,,,,,,,104,,,,,,,,,
52541.7,,,,,,,,,,,,,,,,,,,,,,,,,,,,,,,,,,,,,,,82083,,,,,,,,,,
52781.2,,,,,,,,,,,,,,,,,,,,,,,,,,,,,,,,,,,,,,,,105,,,,,,,,,
53000.4,55000,55000,52000,55000,48000,51750,53600,0,1.4025e+08,2.036e+06,2.034e+06,2.034e+06,2.034e+06,2.036e+06,2.036e+06,630078,917968,1.6e+09,8,19152,153,40,19144,765,12,4816,57,402,19160,7702,224,19152,4290,264,4816,1271,80,,,,,,,100,100,0,4.08163,100,100
53041.4,,,,,,,,,,,,,,,,,,,,,,,,,,,,,,,,,,,,,,,82865,,,,,,,,,,
53284,,,,,,,,,,,,,,,,,,,,,,,,,,,,,,,,,,,,,,,,106,,,,,,,,,
53541.5,,,,,,,,,,,,,,,,,,,,,,,,,,,,,,,,,,,,,,,83643,,,,,,,,,,
53786.6,,,,,,,,,,,,,,,,,,,,,,,,,,,,,,,,,,,,,,,,107,,,,,,,,,
53846.6,,,,,,,,,,,,,,,,,,,,,,,,,,,,,,,,,,,,,,,,,19,,,,,,,,
54000.2,55000,55000,52000,55000,48000,51500,53800,0,1.4025e+08,2.035e+06,2.035e+06,2.034e+06,2.035e+06,2.034e+06,2.034e+06,630078,917968,1.6e+09,8,19152,153,40,19144,765,12,4816,57,402,19160,7702,224,19152,4290,264,4816,1271,80,,,,,,,100,100,0,4.9505,100,100
54041.3,,,,,,,,,,,,,,,,,,,,,,,,,,,,,,,,,,,,,,,84422,,,,,,,,,,
54288.2,,,,,,,,,,,,,,,,,,,,,,,,,,,,,,,,,,,,,,,,108,,,,,,,,,
54505.5,,,,,,,,,,,,,,,,,,,,,,,,,,,,,,,,,,,,,,11,,,,,,,,,,,
54541.1,,,,,,,,,,,,,,,,,,,,,,,,,,,,,,,,,,,,,,,85203,,,,,,,,,,
54788.4,,,,,,,,,,,,,,,,,,,,,,,,,,,,,,,,,,,,,,,,109,,,,,,,,,
55000.6,55000,55000,52000,55000,48000,51500,53800,0,1.4025e+08,1.996e+06,2.035e+06,2.034e+06,1.996e+06,1.996e+06,1.998e+06,630078,909375,1.6e+09,8,19152,153,40,19144,765,12,4816,57,402,19160,7702,224,19152,4290,264,4816,1271,80,,,,,,,100,100,0,2.04082,100,100
55041.5,,,,,,,,,,,,,,,,,,,,,,,,,,,,,,,,,,,,,,,85986,,,,,,,,,,
55541.2,,,,,,,,,,,,,,,,,,,,,,,,,,,,,,,,,,,,,,,86772,,,,,,,,,,
55789.4,,,,,,,,,,,,,,,,,,,,,,,,,,,,,,,,,,,,,,,,111,,,,,,,,,
56000.3,55000,55000,52500,55000,48000,51500,53800,0,1.4025e+08,2.035e+06,2.035e+06,2.034e+06,2.037e+06,2.04e+06,2.034e+06,630078,909375,1.6e+09,8,19152,153,40,19144,765,12,4816,57,402,19160,7702,224,19152,4290,264,4816,1271,80,,,,,,,100,100,0,4.0404,100,100
56041.1,,,,,,,,,,,,,,,,,,,,,,,,,,,,,,,,,,,,,,,87553,,,,,,,,,,
56290.5,,,,,,,,,,,,,,,,,,,,,,,,,,,,,,,,,,,,,,,,112,,,,,,,,,
56541.7,,,,,,,,,,,,,,,,,,,,,,,,,,,,,,,,,,,,,,,88335,,,,,,,,,,
56674.6,,,,,,,,,,,,,,,,,,,,,,,,,,,,,,,,,,,,,,,,,20,,,,,,,,
56792.4,,,,,,,,,,,,,,,,,,,,,,,,,,,,,,,,,,,,,,,,113,,,,,,,,,
57000.9,55000,55000,52000,55000,48000,51750,53800,0,1.4025e+08,2.035e+06,2.034e+06,2.035e+06,2.034e+06,2.034e+06,2.034e+06,630078,917968,1.6e+09,8,19152,153,40,19144,765,12,4816,57,402,19160,7702,220,19152,4213,264,4816,1271,80,,,,,,,100,100,0,3,100,100
57043.7,,,,,,,,,,,,,,,,,,,,,,,,,,,,,,,,,,,,,,,89116,,,,,,,,,,
57294.3,,,,,,,,,,,,,,,,,,,,,,,,,,,,,,,,,,,,,,,,114,,,,,,,,,
57541.6,,,,,,,,,,,,,,,,,,,,,,,,,,,,,,,,,,,,,,,89897,,,,,,,,,,
57794.5,,,,,,,,,,,,,,,,,,,,,,,,,,,,,,,,,,,,,,,,115,,,,,,,,,
58000.5,55000,55000,52000,55000,48000,51500,53800,0,1.4025e+08,2.035e+06,2.035e+06,2.034e+06,2.035e+06,2.034e+06,2.036e+06,630078,917968,1.6e+09,8,19152,153,40,19144,765,12,4816,57,402,19160,7702,224,19152,4290,264,4816,1271,80,,,,,,,100,100,0,1.02041,100,100
58041.3,,,,,,,,,,,,,,,,,,,,,,,,,,,,,,,,,,,,,,,90680,,,,,,,,,,
58295.9,,,,,,,,,,,,,,,,,,,,,,,,,,,,,,,,,,,,,,,,116,,,,,,,,,
58541.6,,,,,,,,,,,,,,,,,,,,,,,,,,,,,,,,,,,,,,,91460,,,,,,,,,,
58800.1,,,,,,,,,,,,,,,,,,,,,,,,,,,,,,,,,,,,,,,,117,,,,,,,,,
59000.8,55000,55000,52000,55000,48000,51500,53800,0,1.4025e+08,1.997e+06,2.035e+06,2.035e+06,2.001e+06,1.998e+06,1.996e+06,630078,898632,1.6e+09,8,19152,153,40,19144,765,12,4816,57,402,19160,7702,224,19152,4290,264,4808,1269,80,,,,,,,100,100,0,4.08163,100,100
59041.4,,,,,,,,,,,,,,,,,,,,,,,,,,,,,,,,,,,,,,,92240,,,,,,,,,,
59302.4,,,,,,,,,,,,,,,,,,,,,,,,,,,,,,,,,,,,,,,,118,,,,,,,,,
59462,,,,,,,,,,,,,,,,,,,,,,,,,,,,,,,,,,,,,,12,,,,,,,,,,,
59505.4,,,,,,,,,,,,,,,,,,,,,,,,,,,,,,,,,,,,,,,,,21,,,,,,,,
59541.1,,,,,,,,,,,,,,,,,,,,,,,,,,,,,,,,,,,,,,,93019,,,,,,,,,,
59803.8,,,,,,,,,,,,,,,,,,,,,,,,,,,,,,,,,,,,,,,,119,,,,,,,,,
60000.4,55000,55000,52000,55000,49000,51750,53800,0,1.4025e+08,1.998e+06,2.035e+06,2.034e+06,1.997e+06,1.998e+06,1.999e+06,630078,898632,1.6e+09,8,19152,153,40,19144,765,12,4816,57,402,19160,7702,224,19152,4290,264,4816,1271,80,,,,,,,100,100,0,3,100,100
60041.6,,,,,,,,,,,,,,,,,,,,,,,,,,,,,,,,,,,,,,,93800,,,,,,,,,,
60304.7,,,,,,,,,,,,,,,,,,,,,,,,,,,,,,,,,,,,,,,,120,,,,,,,,,
60541.2,,,,,,,,,,,,,,,,,,,,,,,,,,,,,,,,,,,,,,,94581,,,,,,,,,,
60806.3,,,,,,,,,,,,,,,,,,,,,,,,,,,,,,,,,,,,,,,,121,,,,,,,,,
61000.4,55000,55000,52000,55000,49000,51750,53800,0,1.4025e+08,2.036e+06,2.034e+06,2.034e+06,2.035e+06,2.035e+06,2.035e+06,630078,917968,1.6e+09,8,19152,153,40,19144,765,12,4816,57,402,19160,7702,220,19152,4213,264,4816,1271,80,,,,,,,100,100,0,2.0202,100,100
61041.6,,,,,,,,,,,,,,,,,,,,,,,,,,,,,,,,,,,,,,,95362,,,,,,,,,,
61308.4,,,,,,,,,,,,,,,,,,,,,,,,,,,,,,,,,,,,,,,,122,,,,,,,,,
61541.2,,,,,,,,,,,,,,,,,,,,,,,,,,,,,,,,,,,,,,,96141,,,,,,,,,,
61811.1,,,,,,,,,,,,,,,,,,,,,,,,,,,,,,,,,,,,,,,,123,,,,,,,,,
62000.1,55500,55500,52000,55500,49000,51750,54100,0,1.4025e+08,2.034e+06,2.034e+06,2.033e+06,2.035e+06,2.034e+06,2.035e+06,630078,917968,1.6e+09,8,19152,153,40,19144,765,12,4816,57,402,19160,7702,224,19152,4290,264,4808,1269,80,,,,,,,100,100,1,3.06122,100,100
62041.4,,,,,,,,,,,,,,,,,,,,,,,,,,,,,,,,,,,,,,,96922,,,,,,,,,,
62312.8,,,,,,,,,,,,,,,,,,,,,,,,,,,,,,,,,,,,,,,,124,,,,,,,,,
62336.6,,,,,,,,,,,,,,,,,,,,,,,,,,,,,,,,,,,,,,,,,22,,,,,,,,
62541.6,,,,,,,,,,,,,,,,,,,,,,,,,,,,,,,,,,,,,,,97701,,,,,,,,,,
62814.7,,,,,,,,,,,,,,,,,,,,,,,,,,,,,,,,,,,,,,,,125,,,,,,,,,
63000.8,55000,55000,52000,55000,49000,51750,54100,0,1.4025e+08,2.035e+06,2.034e+06,2.034e+06,2.035e+06,2.035e+06,2.036e+06,630078,917968,1.6e+09,8,19152,153,40,19144,765,12,4816,57,402,19160,7702,220,19152,4213,264,4816,1271,80,,,,,,,100,100,0,1.02041,100,100
63041.2,,,,,,,,,,,,,,,,,,,,,,,,,,,,,,,,,,,,,,,98482,,,,,,,,,,
63316.9,,,,,,,,,,,,,,,,,,,,,,,,,,,,,,,,,,,,,,,,126,,,,,,,,,
63541.3,,,,,,,,,,,,,,,,,,,,,,,,,,,,,,,,,,,,,,,99264,,,,,,,,,,
63816.3,,,,,,,,,,,,,,,,,,,,,,,,,,,,,,,,,,,,,,,,127,,,,,,,,,
64000.9,55000,55000,52000,55000,49000,51750,54000,0,1.4025e+08,2.037e+06,2.036e+06,2.034e+06,2.033e+06,2.036e+06,2.036e+06,630078,909375,1.6e+09,8,19152,153,40,19144,765,12,4816,57,402,19160,7702,224,19152,4290,264,4816,1271,80,,,,,,,100,100,0,2.0202,100,100
64041.4,,,,,,,,,,,,,,,,,,,,,,,,,,,,,,,,,,,,,,,100047,,,,,,,,,,
64317.8,,,,,,,,,,,,,,,,,,,,,,,,,,,,,,,,,,,,,,,,128,,,,,,,,,
64418,,,,,,,,,,,,,,,,,,,,,,,,,,,,,,,,,,,,,,13,,,,,,,,,,,
64541.2,,,,,,,,,,,,,,,,,,,,,,,,,,,,,,,,,,,,,,,100827,,,,,,,,,,
64820.3,,,,,,,,,,,,,,,,,,,,,,,,,,,,,,,,,,,,,,,,129,,,,,,,,,
65000.4,55500,55500,52000,55500,49000,51750,54100,0,1.4025e+08,2.034e+06,2.036e+06,2.034e+06,2.036e+06,2.034e+06,2.035e+06,630078,917968,1.6e+09,8,19152,153,40,19144,765,8,4816,38,402,19160,7702,224,19152,4290,264,4816,1271,80,,,,,,,100,100,0,5.05051,100,100
65041.3,,,,,,,,,,,,,,,,,,,,,,,,,,,,,,,,,,,,,,,101609,,,,,,,,,,
65165.3,,,,,,,,,,,,,,,,,,,,,,,,,,,,,,,,,,,,,,,,,23,,,,,,,,
65321.3,,,,,,,,,,,,,,,,,,,,,,,,,,,,,,,,,,,,,,,,130,,,,,,,,,
65541.6,,,,,,,,,,,,,,,,,,,,,,,,,,,,,,,,,,,,,,,102392,,,,,,,,,,
65821.7,,,,,,,,,,,,,,,,,,,,,,,,,,,,,,,,,,,,,,,,131,,,,,,,,,
66000.5,55000,55000,52500,55000,49000,52000,54000,0,1.4025e+08,1.997e+06,2.035e+06,2.034e+06,1.997e+06,1.996e+06,1.996e+06,630078,898632,1.6e+09,8,19152,153,40,19144,765,12,4816,57,402,19160,7702,224,19152,4290,264,4816,1271,80,,,,,,,100,100,0,0,100,100
66041.5,,,,,,,,,,,,,,,,,,,,,,,,,,,,,,,,,,,,,,,103173,,,,,,,,,,
66323.1,,,,,,,,,,,,,,,,,,,,,,,,,,,,,,,,,,,,,,,,132,,,,,,,,,
66541.6,,,,,,,,,,,,,,,,,,,,,,,,,,,,,,,,,,,,,,,103954,,,,,,,,,,
67000.7,55500,55500,52500,55500,49000,51750,53800,0,1.4025e+08,2.036e+06,2.035e+06,2.035e+06,2.04e+06,2.037e+06,2.034e+06,630078,909375,1.6e+09,8,19152,153,40,19144,765,12,4816,57,402,19160,7702,224,19152,4290,264,4816,1271,80,,,,,,,100,100,0,1.02041,100,100
67041.3,,,,,,,,,,,,,,,,,,,,,,,,,,,,,,,,,,,,,,,104738,,,,,,,,,,
67322.7,,,,,,,,,,,,,,,,,,,,,,,,,,,,,,,,,,,,,,,,134,,,,,,,,,
67541.2,,,,,,,,,,,,,,,,,,,,,,,,,,,,,,,,,,,,,,,105520,,,,,,,,,,
67825,,,,,,,,,,,,,,,,,,,,,,,,,,,,,,,,,,,,,,,,135,,,,,,,,,
67995.2,,,,,,,,,,,,,,,,,,,,,,,,,,,,,,,,,,,,,,,,,24,,,,,,,,
68000.3,55000,55000,52500,55000,49000,51750,53800,0,1.4025e+08,2.032e+06,2.034e+06,2.034e+06,2.035e+06,2.033e+06,2.037e+06,630078,909375,1.6e+09,8,19152,153,40,19144,765,12,4816,57,402,19160,7702,224,19152,4290,264,4816,1271,80,,,,,,,100,100,0,4.08163,100,100
68041.6,,,,,,,,,,,,,,,,,,,,,,,,,,,,,,,,,,,,,,,106305,,,,,,,,,,
68326,,,,,,,,,,,,,,,,,,,,,,,,,,,,,,,,,,,,,,,,136,,,,,,,,,
68541.1,,,,,,,,,,,,,,,,,,,,,,,,,,,,,,,,,,,,,,,107084,,,,,,,,,,
68827.9,,,,,,,,,,,,,,,,,,,,,,,,,,,,,,,,,,,,,,,,137,,,,,,,,,
69000.2,55500,55500,52000,55500,49000,51750,54000,0,1.4025e+08,2.032e+06,2.034e+06,2.034e+06,2.033e+06,2.038e+06,2.036e+06,630078,909375,1.6e+09,8,19152,153,40,19144,765,12,4816,57,402,19160,7702,224,19152,4290,264,4816,1271,80,,,,,,,100,100,0,2,100,100
69041.3,,,,,,,,,,,,,,,,,,,,,,,,,,,,,,,,,,,,,,,107867,,,,,,,,,,
69328.8,,,,,,,,,,,,,,,,,,,,,,,,,,,,,,,,,,,,,,,,138,,,,,,,,,
69363.4,,,,,,,,,,,,,,,,,,,,,,,,,,,,,,,,,,,,,,14,,,,,,,,,,,
69541.1,,,,,,,,,,,,,,,,,,,,,,,,,,,,,,,,,,,,,,,108646,,,,,,,,,,
69830.7,,,,,,,,,,,,,,,,,,,,,,,,,,,,,,,,,,,,,,,,139,,,,,,,,,
70000.1,55500,55500,52500,55500,49000,52000,54100,0,1.4025e+08,1.998e+06,2.034e+06,2.036e+06,1.996e+06,1.997e+06,1.999e+06,630078,898632,1.6e+09,8,19152,153,40,19144,765,12,4816,57,402,19160,7702,220,19152,4213,264,4808,1269,80,,,,,,,100,100,0,2.04082,100,100
70041.5,,,,,,,,,,,,,,,,,,,,,,,,,,,,,,,,,,,,,,,109429,,,,,,,,,,
70332.9,,,,,,,,,,,,,,,,,,,,,,,,,,,,,,,,,,,,,,,,140,,,,,,,,,
70541.2,,,,,,,,,,,,,,,,,,,,,,,,,,,,,,,,,,,,,,,110210,,,,,,,,,,
70825.4,,,,,,,,,,,,,,,,,,,,,,,,,,,,,,,,,,,,,,,,,25,,,,,,,,
70837.2,,,,,,,,,,,,,,,,,,,,,,,,,,,,,,,,,,,,,,,,141,,,,,,,,,
71000.7,55500,55500,52500,55500,49000,51750,53800,0,1.4025e+08,1.996e+06,2.035e+06,2.035e+06,1.997e+06,1.997e+06,1.997e+06,630078,898632,1.6e+09,8,19152,153,40,19144,765,8,4816,38,402,19160,7702,224,19152,4290,264,4808,1269,80,,,,,,,100,100,1,5,100,100
71041.4,,,,,,,,,,,,,,,,,,,,,,,,,,,,,,,,,,,,,,,110990,,,,,,,,,,
71339.4,,,,,,,,,,,,,,,,,,,,,,,,,,,,,,,,,,,,,,,,142,,,,,,,,,
71541.2,,,,,,,,,,,,,,,,,,,,,,,,,,,,,,,,,,,,,,,111769,,,,,,,,,,
71840.8,,,,,,,,,,,,,,,,,,,,,,,,,,,,,,,,,,,,,,,,143,,,,,,,,,
72000.5,55000,55000,52500,55000,49000,52000,54000,0,1.4025e+08,2.034e+06,2.034e+06,2.035e+06,2.034e+06,2.034e+06,2.034e+06,630078,917968,1.6e+09,8,19152,153,40,19144,765,8,4816,38,402,19160,7702,224,19152,4290,264,4816,1271,80,,,,,,,100,100,0,3,100,100
72041.2,,,,,,,,,,,,,,,,,,,,,,,,,,,,,,,,,,,,,,,112549,,,,,,,,,,
72340.4,,,,,,,,,,,,,,,,,,,,,,,,,,,,,,,,,,,,,,,,144,,,,,,,,,
72541.2,,,,,,,,,,,,,,,,,,,,,,,,,,,,,,,,,,,,,,,113334,,,,,,,,,,
72841.6,,,,,,,,,,,,,,,,,,,,,,,,,,,,,,,,,,,,,,,,145,,,,,,,,,
73000,55000,55000,52500,55000,49000,52000,54000,0,1.4025e+08,1.996e+06,2.035e+06,2.035e+06,1.997e+06,1.997e+06,1.997e+06,630078,898632,1.6e+09,8,19152,153,40,19144,765,12,4816,57,402,19160,7702,224,19152,4290,264,4816,1271,80,,,,,,,100,100,0,2.04082,100,100
73041.3,,,,,,,,,,,,,,,,,,,,,,,,,,,,,,,,,,,,,,,114115,,,,,,,,,,
73343.9,,,,,,,,,,,,,,,,,,,,,,,,,,,,,,,,,,,,,,,,146,,,,,,,,,
73541.1,,,,,,,,,,,,,,,,,,,,,,,,,,,,,,,,,,,,,,,114894,,,,,,,,,,
73653.9,,,,,,,,,,,,,,,,,,,,,,,,,,,,,,,,,,,,,,,,,26,,,,,,,,
73846.1,,,,,,,,,,,,,,,,,,,,,,,,,,,,,,,,,,,,,,,,147,,,,,,,,,
74000.2,55000,55000,52500,55000,49000,52000,54000,0,1.4025e+08,2.034e+06,2.034e+06,2.035e+06,2.037e+06,2.037e+06,2.038e+06,630078,909375,1.6e+09,8,19152,153,40,19144,765,12,4816,57,402,19160,7702,224,19152,4290,264,4816,1271,80,,,,,,,100,100,0,5,100,100
74041.1,,,,,,,,,,,,,,,,,,,,,,,,,,,,,,,,,,,,,,,115678,,,,,,,,,,
74320.6,,,,,,,,,,,,,,,,,,,,,,,,,,,,,,,,,,,,,,15,,,,,,,,,,,
74541.4,,,,,,,,,,,,,,,,,,,,,,,,,,,,,,,,,,,,,,,116462,,,,,,,,,,
74846.6,,,,,,,,,,,,,,,,,,,,,,,,,,,,,,,,,,,,,,,,149,,,,,,,,,
75000.1,55500,55500,52500,55500,49000,52000,54300,0,1.4025e+08,2.035e+06,2.034e+06,2.033e+06,2.035e+06,2.034e+06,2.034e+06,630078,917968,1.6e+09,8,19152,153,40,19144,765,12,4816,57,402,19160,7702,224,19152,4290,264,4816,1271,80,,,,,,,100,100,0,3.9604,100,100
75041.3,,,,,,,,,,,,,,,,,,,,,,,,,,,,,,,,,,,,,,,117243,,,,,,,,,,
75348.8,,,,,,,,,,,,,,,,,,,,,,,,,,,,,,,,,,,,,,,,150,,,,,,,,,
75541.5,,,,,,,,,,,,,,,,,,,,,,,,,,,,,,,,,,,,,,,118022,,,,,,,,,,
75850.7,,,,,,,,,,,,,,,,,,,,,,,,,,,,,,,,,,,,,,,,151,,,,,,,,,
76000.8,55500,55500,52500,55500,49000,52000,54300,0,1.4025e+08,2.036e+06,2.035e+06,2.033e+06,2.036e+06,2.036e+06,2.038e+06,630078,909375,1.6e+09,8,19152,153,40,19144,765,12,4816,57,402,19160,7702,224,19152,4290,264,4816,1271,80,,,,,,,100,100,0,1.02041,100,100
76041.6,,,,,,,,,,,,,,,,,,,,,,,,,,,,,,,,,,,,,,,118804,,,,,,,,,,
76351.5,,,,,,,,,,,,,,,,,,,,,,,,,,,,,,,,,,,,,,,,152,,,,,,,,,
76483.5,,,,,,,,,,,,,,,,,,,,,,,,,,,,,,,,,,,,,,,,,27,,,,,,,,
76541.4,,,,,,,,,,,,,,,,,,,,,,,,,,,,,,,,,,,,,,,119585,,,,,,,,,,
76853.8,,,,,,,,,,,,,,,,,,,,,,,,,,,,,,,,,,,,,,,,153,,,,,,,,,
77000.7,55500,55500,52500,55500,49000,52000,54300,0,1.4025e+08,1.997e+06,2.035e+06,2.035e+06,1.998e+06,1.996e+06,1.999e+06,630078,898632,1.6e+09,8,19152,153,40,19144,765,12,4816,57,402,19160,7702,224,19152,4290,264,4816,1271,80,,,,,,,100,100,1,5.05051,100,100
77041.2,,,,,,,,,,,,,,,,,,,,,,,,,,,,,,,,,,,,,,,120368,,,,,,,,,,
77354.2,,,,,,,,,,,,,,,,,,,,,,,,,,,,,,,,,,,,,,,,154,,,,,,,,,
77541.4,,,,,,,,,,,,,,,,,,,,,,,,,,,,,,,,,,,,,,,121153,,,,,,,,,,
77854.6,,,,,,,,,,,,,,,,,,,,,,,,,,,,,,,,,,,,,,,,155,,,,,,,,,
77999.9,55000,55000,52500,55000,49000,52000,54300,0,1.4025e+08,2.036e+06,2.035e+06,2.034e+06,2.034e+06,2.035e+06,2.037e+06,630078,909375,1.6e+09,8,19152,153,40,19144,765,12,4816,57,402,19160,7702,224,19152,4290,264,4816,1271,80,,,,,,,100,100,0,1.02041,100,100
78041.7,,,,,,,,,,,,,,,,,,,,,,,,,,,,,,,,,,,,,,,121934,,,,,,,,,,
78354.5,,,,,,,,,,,,,,,,,,,,,,,,,,,,,,,,,,,,,,,,156,,,,,,,,,
78541.5,,,,,,,,,,,,,,,,,,,,,,,,,,,,,,,,,,,,,,,122718,,,,,,,,,,
78855.8,,,,,,,,,,,,,,,,,,,,,,,,,,,,,,,,,,,,,,,,157,,,,,,,,,
79000.6,55500,55500,52500,55500,49000,52000,54300,0,1.4025e+08,1.996e+06,2.035e+06,2.035e+06,1.997e+06,1.997e+06,1.997e+06,630078,898632,1.6e+09,8,19152,153,40,19144,765,12,4816,57,402,19160,7702,224,19152,4290,264,4816,1271,80,,,,,,,100,100,0,3,100,100
79041.7,,,,,,,,,,,,,,,,,,,,,,,,,,,,,,,,,,,,,,,123497,,,,,,,,,,
79266.2,,,,,,,,,,,,,,,,,,,,,,,,,,,,,,,,,,,,,,16,,,,,,,,,,,
79313.1,,,,,,,,,,,,,,,,,,,,,,,,,,,,,,,,,,,,,,,,,28,,,,,,,,
79356.6,,,,,,,,,,,,,,,,,,,,,,,,,,,,,,,,,,,,,,,,158,,,,,,,,,
79541.4,,,,,,,,,,,,,,,,,,,,,,,,,,,,,,,,,,,,,,,124280,,,,,,,,,,
79858.3,,,,,,,,,,,,,,,,,,,,,,,,,,,,,,,,,,,,,,,,159,,,,,,,,,
80000.7,55500,55500,52500,55500,49000,52250,54000,0,1.4025e+08,1.998e+06,2.035e+06,2.034e+06,1.999e+06,1.997e+06,1.997e+06,630078,898632,1.6e+09,8,19152,153,40,19144,765,12,4816,57,402,19160,7702,224,19152,4290,264,4816,1271,80,,,,,,,100,100,0,5,100,100
80041.3,,,,,,,,,,,,,,,,,,,,,,,,,,,,,,,,,,,,,,,125063,,,,,,,,,,
80359.8,,,,,,,,,,,,,,,,,,,,,,,,,,,,,,,,,,,,,,,,160,,,,,,,,,
80541.1,,,,,,,,,,,,,,,,,,,,,,,,,,,,,,,,,,,,,,,125844,,,,,,,,,,
81000.8,55500,55500,52500,55500,49000,52000,54300,0,1.4025e+08,1.996e+06,2.036e+06,2.035e+06,1.997e+06,1.997e+06,1.998e+06,630078,898632,1.6e+09,8,19152,153,40,19144,765,12,4816,57,402,19160,7702,224,19152,4290,264,4816,1271,80,,,,,,,100,100,0,2.0202,100,100
81041.5,,,,,,,,,,,,,,,,,,,,,,,,,,,,,,,,,,,,,,,126629,,,,,,,,,,
81359.8,,,,,,,,,,,,,,,,,,,,,,,,,,,,,,,,,,,,,,,,162,,,,,,,,,
81541.5,,,,,,,,,,,,,,,,,,,,,,,,,,,,,,,,,,,,,,,127407,,,,,,,,,,
81860.8,,,,,,,,,,,,,,,,,,,,,,,,,,,,,,,,,,,,,,,,163,,,,,,,,,
82000.7,55500,55500,52500,55500,49000,52000,54300,0,1.4025e+08,2.035e+06,2.035e+06,2.035e+06,2.034e+06,2.035e+06,2.036e+06,630078,917968,1.6e+09,8,19152,153,40,19144,765,12,4816,38,402,19160,7702,224,19152,4290,264,4816,1271,80,,,,,,,100,100,0,2.0202,100,100
82041.3,,,,,,,,,,,,,,,,,,,,,,,,,,,,,,,,,,,,,,,128187,,,,,,,,,,
82141,,,,,,,,,,,,,,,,,,,,,,,,,,,,,,,,,,,,,,,,,29,,,,,,,,
82361.2,,,,,,,,,,,,,,,,,,,,,,,,,,,,,,,,,,,,,,,,164,,,,,,,,,
82541.6,,,,,,,,,,,,,,,,,,,,,,,,,,,,,,,,,,,,,,,128968,,,,,,,,,,
82864.1,,,,,,,,,,,,,,,,,,,,,,,,,,,,,,,,,,,,,,,,165,,,,,,,,,
83000.8,55500,55500,52500,55500,49000,52250,54300,0,1.4025e+08,1.996e+06,2.034e+06,2.035e+06,1.998e+06,1.996e+06,1.997e+06,630078,898632,1.6e+09,8,19152,153,40,19144,765,12,4816,57,402,19160,7702,224,19152,4290,264,4816,1271,80,,,,,,,100,100,0,4.08163,100,100
83041.5,,,,,,,,,,,,,,,,,,,,,,,,,,,,,,,,,,,,,,,129748,,,,,,,,,,
83366.3,,,,,,,,,,,,,,,,,,,,,,,,,,,,,,,,,,,,,,,,166,,,,,,,,,
83541.2,,,,,,,,,,,,,,,,,,,,,,,,,,,,,,,,,,,,,,,130527,,,,,,,,,,
83867.4,,,,,,,,,,,,,,,,,,,,,,,,,,,,,,,,,,,,,,,,167,,,,,,,,,
84000.8,55500,55500,52500,55500,49000,52000,54300,0,1.4025e+08,2.035e+06,2.034e+06,2.033e+06,2.034e+06,2.035e+06,2.035e+06,630078,917968,1.6e+09,8,19152,153,40,19144,765,12,4816,57,402,19160,7702,224,19152,4290,264,4816,1271,80,,,,,,,100,100,0,1.0101,100,100
84041.4,,,,,,,,,,,,,,,,,,,,,,,,,,,,,,,,,,,,,,,131307,,,,,,,,,,
84217.9,,,,,,,,,,,,,,,,,,,,,,,,,,,,,,,,,,,,,,17,,,,,,,,,,,
84367.9,,,,,,,,,,,,,,,,,,,,,,,,,,,,,,,,,,,,,,,,168,,,,,,,,,
84541.2,,,,,,,,,,,,,,,,,,,,,,,,,,,,,,,,,,,,,,,132090,,,,,,,,,,
84869.8,,,,,,,,,,,,,,,,,,,,,,,,,,,,,,,,,,,,,,,,169,,,,,,,,,
84970.5,,,,,,,,,,,,,,,,,,,,,,,,,,,,,,,,,,,,,,,,,30,,,,,,,,
85000.3,55500,55500,52500,55500,49000,52250,54300,0,1.4025e+08,2.034e+06,2.035e+06,2.035e+06,2.035e+06,2.035e+06,2.035e+06,630078,917968,1.6e+09,8,19152,153,40,19144,765,12,4816,57,402,19160,7702,224,19152,4290,264,4816,1271,80,,,,,,,100,100,0,0,100,100
85041.4,,,,,,,,,,,,,,,,,,,,,,,,,,,,,,,,,,,,,,,132871,,,,,,,,,,
85372,,,,,,,,,,,,,,,,,,,,,,,,,,,,,,,,,,,,,,,,170,,,,,,,,,
85541.2,,,,,,,,,,,,,,,,,,,,,,,,,,,,,,,,,,,,,,,133650,,,,,,,,,,
85875.9,,,,,,,,,,,,,,,,,,,,,,,,,,,,,,,,,,,,,,,,171,,,,,,,,,
86000.4,55500,55500,52500,55500,49000,52250,54300,0,1.4025e+08,2.034e+06,2.034e+06,2.035e+06,2.034e+06,2.033e+06,2.035e+06,630078,917968,1.6e+09,8,19152,153,40,19144,765,12,4816,57,402,19160,7702,224,19152,4290,264,4816,1271,80,,,,,,,100,100,0,3.06122,100,100
86041.6,,,,,,,,,,,,,,,,,,,,,,,,,,,,,,,,,,,,,,,134431,,,,,,,,,,
86378.1,,,,,,,,,,,,,,,,,,,,,,,,,,,,,,,,,,,,,,,,172,,,,,,,,,
86541.4,,,,,,,,,,,,,,,,,,,,,,,,,,,,,,,,,,,,,,,135212,,,,,,,,,,
87000.4,55500,55500,53000,55500,49000,52250,54300,0,1.4025e+08,1.997e+06,2.036e+06,2.035e+06,1.997e+06,1.997e+06,1.997e+06,630078,898632,1.6e+09,8,19152,153,40,19144,765,12,4816,57,402,19160,7702,224,19152,4290,264,4816,1271,80,,,,,,,100,100,0,1.02041,100,100
87041.6,,,,,,,,,,,,,,,,,,,,,,,,,,,,,,,,,,,,,,,135996,,,,,,,,,,
87377,,,,,,,,,,,,,,,,,,,,,,,,,,,,,,,,,,,,,,,,174,,,,,,,,,
87541.5,,,,,,,,,,,,,,,,,,,,,,,,,,,,,,,,,,,,,,,136779,,,,,,,,,,
87800.7,,,,,,,,,,,,,,,,,,,,,,,,,,,,,,,,,,,,,,,,,31,,,,,,,,
88000.7,55500,55500,52500,55500,49000,52250,54300,0,1.4025e+08,2.034e+06,2.035e+06,2.034e+06,2.034e+06,2.035e+06,2.035e+06,630078,917968,1.6e+09,8,19152,153,40,19144,765,12,4816,57,402,19160,7702,224,19152,4290,264,4816,1271,80,,,,,,,100,100,0,2.0202,100,100
88041.6,,,,,,,,,,,,,,,,,,,,,,,,,,,,,,,,,,,,,,,137566,,,,,,,,,,
88377,,,,,,,,,,,,,,,,,,,,,,,,,,,,,,,,,,,,,,,,176,,,,,,,,,
88541.2,,,,,,,,,,,,,,,,,,,,,,,,,,,,,,,,,,,,,,,138346,,,,,,,,,,
88879.9,,,,,,,,,,,,,,,,,,,,,,,,,,,,,,,,,,,,,,,,177,,,,,,,,,
89000.5,55500,55500,53000,55500,49000,52250,54500,0,1.4025e+08,2.036e+06,2.034e+06,2.033e+06,2.035e+06,2.035e+06,2.035e+06,630078,917968,1.6e+09,8,19152,153,40,19144,765,12,4816,57,402,19160,7702,224,19152,4290,264,4816,1271,80,,,,,,,100,100,0,5,100,100
89041.4,,,,,,,,,,,,,,,,,,,,,,,,,,,,,,,,,,,,,,,139128,,,,,,,,,,
89172.7,,,,,,,,,,,,,,,,,,,,,,,,,,,,,,,,,,,,,,18,,,,,,,,,,,
89381.3,,,,,,,,,,,,,,,,,,,,,,,,,,,,,,,,,,,,,,,,178,,,,,,,,,
89541.3,,,,,,,,,,,,,,,,,,,,,,,,,,,,,,,,,,,,,,,139907,,,,,,,,,,
90000.5,55500,55500,52500,55500,49000,52500,54300,0,1.4025e+08,2.034e+06,2.034e+06,2.034e+06,2.04e+06,2.035e+06,2.036e+06,630078,909375,1.6e+09,8,19152,153,40,19144,765,8,4816,38,404,19160,7740,224,19152,4290,264,4808,1269,80,,,,,,,100,100,0,1.03093,100,100
90041.5,,,,,,,,,,,,,,,,,,,,,,,,,,,,,,,,,,,,,,,140693,,,,,,,,,,
90380.3,,,,,,,,,,,,,,,,,,,,,,,,,,,,,,,,,,,,,,,,180,,,,,,,,,
90541.2,,,,,,,,,,,,,,,,,,,,,,,,,,,,,,,,,,,,,,,141474,,,,,,,,,,
90629.4,,,,,,,,,,,,,,,,,,,,,,,,,,,,,,,,,,,,,,,,,32,,,,,,,,
90880.5,,,,,,,,,,,,,,,,,,,,,,,,,,,,,,,,,,,,,,,,181,,,,,,,,,
91000.2,55500,55500,52500,55500,49000,52250,54300,0,1.4025e+08,2.014e+06,2.035e+06,2.035e+06,2.035e+06,2.034e+06,2.035e+06,630078,917968,1.6e+09,8,19152,153,40,19144,765,12,4816,57,402,19160,7702,224,19152,4290,264,4808,1269,80,,,,,,,100,100,0,2,100,100
91041.6,,,,,,,,,,,,,,,,,,,,,,,,,,,,,,,,,,,,,,,142257,,,,,,,,,,
91541.3,,,,,,,,,,,,,,,,,,,,,,,,,,,,,,,,,,,,,,,143041,,,,,,,,,,
91882.3,,,,,,,,,,,,,,,,,,,,,,,,,,,,,,,,,,,,,,,,183,,,,,,,,,
92000,55500,55500,53000,55500,49000,52250,54800,0,1.4025e+08,1.999e+06,2.035e+06,2.034e+06,1.999e+06,1.997e+06,1.998e+06,630078,898632,1.6e+09,8,19152,153,40,19144,765,12,4816,57,402,19160,7702,224,19152,4290,264,4816,1271,80,,,,,,,100,100,0,4.08163,100,100
92041.2,,,,,,,,,,,,,,,,,,,,,,,,,,,,,,,,,,,,,,,143820,,,,,,,,,,
92384,,,,,,,,,,,,,,,,,,,,,,,,,,,,,,,,,,,,,,,,184,,,,,,,,,
92541.6,,,,,,,,,,,,,,,,,,,,,,,,,,,,,,,,,,,,,,,144601,,,,,,,,,,
92885,,,,,,,,,,,,,,,,,,,,,,,,,,,,,,,,,,,,,,,,185,,,,,,,,,
92999.9,55500,55500,53000,55500,49000,52250,54500,0,1.4025e+08,1.997e+06,2.035e+06,2.034e+06,1.998e+06,1.997e+06,1.997e+06,630078,898632,1.6e+09,8,19152,153,40,19144,765,12,4816,57,402,19160,7702,224,19152,4290,264,4816,1271,80,,,,,,,100,100,0,2,100,100
93041.2,,,,,,,,,,,,,,,,,,,,,,,,,,,,,,,,,,,,,,,145382,,,,,,,,,,
93386.8,,,,,,,,,,,,,,,,,,,,,,,,,,,,,,,,,,,,,,,,186,,,,,,,,,
93459.5,,,,,,,,,,,,,,,,,,,,,,,,,,,,,,,,,,,,,,,,,33,,,,,,,,
93541.3,,,,,,,,,,,,,,,,,,,,,,,,,,,,,,,,,,,,,,,146160,,,,,,,,,,
93888,,,,,,,,,,,,,,,,,,,,,,,,,,,,,,,,,,,,,,,,187,,,,,,,,,
94000.1,55500,55500,52500,55500,49000,52500,54500,0,1.4025e+08,2.035e+06,2.034e+06,2.034e+06,2.036e+06,2.034e+06,2.034e+06,630078,917968,1.6e+09,8,19152,153,40,19144,765,8,4816,57,402,19160,7702,224,19152,4290,264,4816,1271,80,,,,,,,100,100,0,1.03093,100,100
94041.1,,,,,,,,,,,,,,,,,,,,,,,,,,,,,,,,,,,,,,,146942,,,,,,,,,,
94120.2,,,,,,,,,,,,,,,,,,,,,,,,,,,,,,,,,,,,,,19,,,,,,,,,,,
94389.5,,,,,,,,,,,,,,,,,,,,,,,,,,,,,,,,,,,,,,,,188,,,,,,,,,
94541.5,,,,,,,,,,,,,,,,,,,,,,,,,,,,,,,,,,,,,,,147723,,,,,,,,,,
94894.1,,,,,,,,,,,,,,,,,,,,,,,,,,,,,,,,,,,,,,,,189,,,,,,,,,
95000.3,55500,55500,53000,55500,49000,52250,54300,0,1.4025e+08,2.036e+06,2.034e+06,2.035e+06,2.034e+06,2.034e+06,2.035e+06,630078,917968,1.6e+09,8,19152,153,40,19144,765,8,4816,38,402,19160,7702,224,19152,4290,264,4808,1269,80,,,,,,,100,100,0,3.06122,100,100
95041.3,,,,,,,,,,,,,,,,,,,,,,,,,,,,,,,,,,,,,,,148502,,,,,,,,,,
95395.9,,,,,,,,,,,,,,,,,,,,,,,,,,,,,,,,,,,,,,,,190,,,,,,,,,
95541.6,,,,,,,,,,,,,,,,,,,,,,,,,,,,,,,,,,,,,,,149283,,,,,,,,,,
95899.2,,,,,,,,,,,,,,,,,,,,,,,,,,,,,,,,,,,,,,,,191,,,,,,,,,
96000,55500,55500,53000,55500,49000,52250,54500,0,1.4025e+08,1.998e+06,2.035e+06,2.035e+06,1.997e+06,1.997e+06,1.997e+06,630078,898632,1.6e+09,8,19152,153,40,19144,765,12,4816,57,402,19160,7702,224,19152,4290,264,4816,1271,80,,,,,,,100,100,0,3,100,100
96041.3,,,,,,,,,,,,,,,,,,,,,,,,,,,,,,,,,,,,,,,150062,,,,,,,,,,
96288.3,,,,,,,,,,,,,,,,,,,,,,,,,,,,,,,,,,,,,,,,,34,,,,,,,,
96397.3,,,,,,,,,,,,,,,,,,,,,,,,,,,,,,,,,,,,,,,,192,,,,,,,,,
96541.7,,,,,,,,,,,,,,,,,,,,,,,,,,,,,,,,,,,,,,,150845,,,,,,,,,,
96898.7,,,,,,,,,,,,,,,,,,,,,,,,,,,,,,,,,,,,,,,,193,,,,,,,,,
97000.8,56000,56000,53000,56000,49000,52500,54500,0,1.4025e+08,2.035e+06,2.034e+06,2.035e+06,2.034e+06,2.035e+06,2.035e+06,630078,909375,1.6e+09,8,19152,153,40,19144,765,12,4816,57,402,19160,7702,224,19152,4290,264,4816,1271,80,,,,,,,100,100,0,1.02041,100,100
97041.4,,,,,,,,,,,,,,,,,,,,,,,,,,,,,,,,,,,,,,,151625,,,,,,,,,,
97400.2,,,,,,,,,,,,,,,,,,,,,,,,,,,,,,,,,,,,,,,,194,,,,,,,,,
97541.2,,,,,,,,,,,,,,,,,,,,,,,,,,,,,,,,,,,,,,,152403,,,,,,,,,,
97904.1,,,,,,,,,,,,,,,,,,,,,,,,,,,,,,,,,,,,,,,,195,,,,,,,,,
98000.1,55500,55500,53000,55500,49000,52500,54500,0,1.4025e+08,2.035e+06,2.035e+06,2.034e+06,2.036e+06,2.036e+06,2.035e+06,630078,917968,1.6e+09,8,19152,153,40,19144,765,12,4816,57,402,19160,7702,224,19152,4290,264,4816,1271,80,,,,,,,100,100,1,3.06122,100,100
98041.4,,,,,,,,,,,,,,,,,,,,,,,,,,,,,,,,,,,,,,,153184,,,,,,,,,,
98406.3,,,,,,,,,,,,,,,,,,,,,,,,,,,,,,,,,,,,,,,,196,,,,,,,,,
98541.6,,,,,,,,,,,,,,,,,,,,,,,,,,,,,,,,,,,,,,,153963,,,,,,,,,,
98907.5,,,,,,,,,,,,,,,,,,,,,,,,,,,,,,,,,,,,,,,,197,,,,,,,,,
99000.4,55500,55500,53000,55500,49000,52500,54800,0,1.4025e+08,1.997e+06,2.035e+06,2.035e+06,1.997e+06,1.996e+06,1.998e+06,630078,898632,1.6e+09,8,19152,153,40,19144,765,12,4816,57,402,19160,7702,224,19152,4290,264,4816,1271,80,,,,,,,100,100,0,2.0202,100,100
99041.2,,,,,,,,,,,,,,,,,,,,,,,,,,,,,,,,,,,,,,,154743,,,,,,,,,,
99081.7,,,,,,,,,,,,,,,,,,,,,,,,,,,,,,,,,,,,,,20,,,,,,,,,,,
99118.7,,,,,,,,,,,,,,,,,,,,,,,,,,,,,,,,,,,,,,,,,35,,,,,,,,
99541.1,,,,,,,,,,,,,,,,,,,,,,,,,,,,,,,,,,,,,,,155526,,,,,,,,,,
99908.4,,,,,,,,,,,,,,,,,,,,,,,,,,,,,,,,,,,,,,,,199,,,,,,,,,
100000,56000,56000,53000,56000,49000,52500,54500,0,1.4025e+08,2.036e+06,2.036e+06,2.034e+06,2.034e+06,2.035e+06,2.035e+06,630078,917968,1.6e+09,8,19152,153,40,19144,765,12,4816,57,402,19160,7702,224,19152,4290,264,4816,1271,80,,,,,,,100,100,0,1.03093,100,100
100041,,,,,,,,,,,,,,,,,,,,,,,,,,,,,,,,,,,,,,,156307,,,,,,,,,,
100412,,,,,,,,,,,,,,,,,,,,,,,,,,,,,,,,,,,,,,,,200,,,,,,,,,
100541,,,,,,,,,,,,,,,,,,,,,,,,,,,,,,,,,,,,,,,157088,,,,,,,,,,
100914,,,,,,,,,,,,,,,,,,,,,,,,,,,,,,,,,,,,,,,,201,,,,,,,,,
101000,55500,55500,53000,55500,49000,52500,54500,0,1.4025e+08,2.036e+06,2.035e+06,2.035e+06,2.038e+06,2.038e+06,2.034e+06,630078,909375,1.6e+09,8,19152,153,40,19144,765,12,4816,57,402,19160,7702,224,19152,4290,264,4816,1271,80,,,,,,,100,100,0,4.0404,100,100
101041,,,,,,,,,,,,,,,,,,,,,,,,,,,,,,,,,,,,,,,157869,,,,,,,,,,
101416,,,,,,,,,,,,,,,,,,,,,,,,,,,,,,,,,,,,,,,,202,,,,,,,,,
101541,,,,,,,,,,,,,,,,,,,,,,,,,,,,,,,,,,,,,,,158648,,,,,,,,,,
101917,,,,,,,,,,,,,,,,,,,,,,,,,,,,,,,,,,,,,,,,203,,,,,,,,,
101948,,,,,,,,,,,,,,,,,,,,,,,,,,,,,,,,,,,,,,,,,36,,,,,,,,
102000,56000,56000,53000,56000,49000,52500,54800,0,1.4025e+08,2.036e+06,2.036e+06,2.035e+06,2.035e+06,2.034e+06,2.034e+06,630078,917968,1.6e+09,8,19152,153,40,19144,765,12,4816,57,402,19160,7702,224,19152,4290,264,4816,1271,80,,,,,,,100,100,0,3,100,100
102041,,,,,,,,,,,,,,,,,,,,,,,,,,,,,,,,,,,,,,,159430,,,,,,,,,,
102418,,,,,,,,,,,,,,,,,,,,,,,,,,,,,,,,,,,,,,,,204,,,,,,,,,
102541,,,,,,,,,,,,,,,,,,,,,,,,,,,,,,,,,,,,,,,160213,,,,,,,,,,
102917,,,,,,,,,,,,,,,,,,,,,,,,,,,,,,,,,,,,,,,,205,,,,,,,,,
103000,56000,56000,53000,56000,49000,52500,54800,0,1.4025e+08,2.035e+06,2.033e+06,2.035e+06,2.035e+06,2.034e+06,2.035e+06,630078,917968,1.6e+09,8,19152,153,40,19144,765,12,4816,57,402,19160,7702,224,19152,4290,264,4816,1271,80,,,,,,,100,100,0,0,100,100
103042,,,,,,,,,,,,,,,,,,,,,,,,,,,,,,,,,,,,,,,160996,,,,,,,,,,
103419,,,,,,,,,,,,,,,,,,,,,,,,,,,,,,,,,,,,,,,,206,,,,,,,,,
103541,,,,,,,,,,,,,,,,,,,,,,,,,,,,,,,,,,,,,,,161775,,,,,,,,,,
103922,,,,,,,,,,,,,,,,,,,,,,,,,,,,,,,,,,,,,,,,207,,,,,,,,,
104000,56000,56000,53000,56000,49000,52500,54800,0,1.4025e+08,1.996e+06,2.035e+06,2.034e+06,1.998e+06,1.998e+06,1.998e+06,630078,898632,1.6e+09,8,19152,153,40,19144,765,12,4816,57,402,19160,7702,224,19152,4290,264,4808,1269,80,,,,,,,100,100,0,4.0404,100,100
104036,,,,,,,,,,,,,,,,,,,,,,,,,,,,,,,,,,,,,,21,,,,,,,,,,,
104042,,,,,,,,,,,,,,,,,,,,,,,,,,,,,,,,,,,,,,,162559,,,,,,,,,,
104423,,,,,,,,,,,,,,,,,,,,,,,,,,,,,,,,,,,,,,,,208,,,,,,,,,
104541,,,,,,,,,,,,,,,,,,,,,,,,,,,,,,,,,,,,,,,163340,,,,,,,,,,
104776,,,,,,,,,,,,,,,,,,,,,,,,,,,,,,,,,,,,,,,,,37,,,,,,,,
105000,56000,56000,53000,56000,49000,52500,54800,0,1.4025e+08,1.996e+06,2.035e+06,2.035e+06,1.998e+06,1.996e+06,1.997e+06,630078,898632,1.6e+09,8,19152,153,40,19144,765,12,4816,57,402,19160,7702,224,19152,4290,264,4816,1271,80,,,,,,,100,100,0,3,100,100
105041,,,,,,,,,,,,,,,,,,,,,,,,,,,,,,,,,,,,,,,164124,,,,,,,,,,
105424,,,,,,,,,,,,,,,,,,,,,,,,,,,,,,,,,,,,,,,,210,,,,,,,,,
105542,,,,,,,,,,,,,,,,,,,,,,,,,,,,,,,,,,,,,,,164904,,,,,,,,,,
105926,,,,,,,,,,,,,,,,,,,,,,,,,,,,,,,,,,,,,,,,211,,,,,,,,,
106000,56000,56000,53000,56000,49000,52500,54800,0,1.4025e+08,1.997e+06,2.034e+06,2.036e+06,1.997e+06,1.996e+06,1.997e+06,630078,898632,1.6e+09,8,19152,153,40,19144,765,12,4816,57,402,19160,7702,224,19152,4290,264,4816,1271,80,,,,,,,100,100,0,3.0303,100,100
106042,,,,,,,,,,,,,,,,,,,,,,,,,,,,,,,,,,,,,,,165685,,,,,,,,,,
106430,,,,,,,,,,,,,,,,,,,,,,,,,,,,,,,,,,,,,,,,212,,,,,,,,,
106541,,,,,,,,,,,,,,,,,,,,,,,,,,,,,,,,,,,,,,,166465,,,,,,,,,,
106932,,,,,,,,,,,,,,,,,,,,,,,,,,,,,,,,,,,,,,,,213,,,,,,,,,
107001,56000,56000,53000,56000,49000,52500,54800,0,1.4025e+08,2.034e+06,2.034e+06,2.035e+06,2.035e+06,2.036e+06,2.034e+06,630078,917968,1.6e+09,8,19152,153,40,19144,765,12,4816,57,402,19160,7702,224,19152,4290,264,4816,1271,80,,,,,,,100,100,1,4.9505,100,100
107041,,,,,,,,,,,,,,,,,,,,,,,,,,,,,,,,,,,,,,,167245,,,,,,,,,,
107434,,,,,,,,,,,,,,,,,,,,,,,,,,,,,,,,,,,,,,,,214,,,,,,,,,
107542,,,,,,,,,,,,,,,,,,,,,,,,,,,,,,,,,,,,,,,168025,,,,,,,,,,
107607,,,,,,,,,,,,,,,,,,,,,,,,,,,,,,,,,,,,,,,,,38,,,,,,,,
107935,,,,,,,,,,,,,,,,,,,,,,,,,,,,,,,,,,,,,,,,215,,,,,,,,,
108000,56000,56000,53000,56000,49000,52500,54800,0,1.4025e+08,1.997e+06,2.034e+06,2.034e+06,1.996e+06,1.997e+06,1.997e+06,630078,898632,1.6e+09,8,19152,153,40,19144,765,12,4816,57,402,19160,7702,224,19152,4290,264,4816,1271,80,,,,,,,100,100,0,2.04082,100,100
108041,,,,,,,,,,,,,,,,,,,,,,,,,,,,,,,,,,,,,,,168804,,,,,,,,,,
108437,,,,,,,,,,,,,,,,,,,,,,,,,,,,,,,,,,,,,,,,216,,,,,,,,,
108541,,,,,,,,,,,,,,,,,,,,,,,,,,,,,,,,,,,,,,,169585,,,,,,,,,,
108985,,,,,,,,,,,,,,,,,,,,,,,,,,,,,,,,,,,,,,22,,,,,,,,,,,
109000,56000,56000,53000,56000,49000,52750,54800,0,1.4025e+08,2.033e+06,2.035e+06,2.034e+06,2.035e+06,2.036e+06,2.035e+06,630078,917968,1.6e+09,8,19152,153,40,19144,765,12,4816,57,402,19160,7702,224,19152,4290,264,4816,1271,80,,,,,,,100,100,0,2,100,100
109042,,,,,,,,,,,,,,,,,,,,,,,,,,,,,,,,,,,,,,,170365,,,,,,,,,,
109439,,,,,,,,,,,,,,,,,,,,,,,,,,,,,,,,,,,,,,,,218,,,,,,,,,
109541,,,,,,,,,,,,,,,,,,,,,,,,,,,,,,,,,,,,,,,171145,,,,,,,,,,
109941,,,,,,,,,,,,,,,,,,,,,,,,,,,,,,,,,,,,,,,,219,,,,,,,,,
110001,56000,56000,53000,56000,49000,52750,55100,0,1.4025e+08,1.998e+06,2.035e+06,2.035e+06,1.998e+06,1.999e+06,1.996e+06,630078,898632,1.6e+09,8,19152,153,40,19144,765,12,4816,57,402,19160,7702,224,19152,4290,264,4816,1271,80,,,,,,,100,100,0,4.08163,100,100
110041,,,,,,,,,,,,,,,,,,,,,,,,,,,,,,,,,,,,,,,171925,,,,,,,,,,
110437,,,,,,,,,,,,,,,,,,,,,,,,,,,,,,,,,,,,,,,,,39,,,,,,,,
110442,,,,,,,,,,,,,,,,,,,,,,,,,,,,,,,,,,,,,,,,220,,,,,,,,,
110541,,,,,,,,,,,,,,,,,,,,,,,,,,,,,,,,,,,,,,,172707,,,,,,,,,,
110942,,,,,,,,,,,,,,,,,,,,,,,,,,,,,,,,,,,,,,,,221,,,,,,,,,
111000,56000,56000,53000,56000,49000,52500,54800,0,1.4025e+08,1.983e+06,2.035e+06,2.034e+06,1.982e+06,1.98e+06,1.981e+06,630078,887890,1.6e+09,8,19152,153,40,19144,765,12,4816,57,402,19160,7702,224,19152,4290,264,4816,1271,80,,,,,,,100,100,0,1.0101,100,100
111042,,,,,,,,,,,,,,,,,,,,,,,,,,,,,,,,,,,,,,,173491,,,,,,,,,,
111444,,,,,,,,,,,,,,,,,,,,,,,,,,,,,,,,,,,,,,,,222,,,,,,,,,
111541,,,,,,,,,,,,,,,,,,,,,,,,,,,,,,,,,,,,,,,174268,,,,,,,,,,
111944,,,,,,,,,,,,,,,,,,,,,,,,,,,,,,,,,,,,,,,,223,,,,,,,,,
112000,56000,56000,53500,56000,49000,52500,54800,0,1.4025e+08,1.997e+06,2.035e+06,2.035e+06,1.998e+06,1.997e+06,1.997e+06,630078,898632,1.6e+09,8,19152,153,40,19144,765,8,4816,38,402,19160,7702,224,19152,4290,264,4816,1271,80,,,,,,,100,100,0,2.04082,100,100
112042,,,,,,,,,,,,,,,,,,,,,,,,,,,,,,,,,,,,,,,175053,,,,,,,,,,
112449,,,,,,,,,,,,,,,,,,,,,,,,,,,,,,,,,,,,,,,,224,,,,,,,,,
112541,,,,,,,,,,,,,,,,,,,,,,,,,,,,,,,,,,,,,,,175832,,,,,,,,,,
112951,,,,,,,,,,,,,,,,,,,,,,,,,,,,,,,,,,,,,,,,225,,,,,,,,,
113001,56000,56000,53000,56000,49000,52750,54800,0,1.4025e+08,1.997e+06,2.035e+06,2.034e+06,1.997e+06,1.997e+06,1.997e+06,630078,898632,1.6e+09,8,19152,153,40,19144,765,12,4816,57,402,19160,7702,224,19152,4290,264,4816,1271,80,,,,,,,100,100,0,4.0404,100,100
113042,,,,,,,,,,,,,,,,,,,,,,,,,,,,,,,,,,,,,,,176611,,,,,,,,,,
113265,,,,,,,,,,,,,,,,,,,,,,,,,,,,,,,,,,,,,,,,,40,,,,,,,,
113454,,,,,,,,,,,,,,,,,,,,,,,,,,,,,,,,,,,,,,,,226,,,,,,,,,
113541,,,,,,,,,,,,,,,,,,,,,,,,,,,,,,,,,,,,,,,177388,,,,,,,,,,
113942,,,,,,,,,,,,,,,,,,,,,,,,,,,,,,,,,,,,,,23,,,,,,,,,,,
113955,,,,,,,,,,,,,,,,,,,,,,,,,,,,,,,,,,,,,,,,227,,,,,,,,,
114001,56000,56000,53000,56000,49000,52750,55000,0,1.4025e+08,1.983e+06,2.035e+06,2.035e+06,1.982e+06,1.984e+06,1.981e+06,630078,887890,1.6e+09,8,19152,153,40,19144,765,12,4816,57,402,19160,7702,224,19152,4290,264,4816,1271,80,,,,,,,100,100,0,4.0404,100,100
114042,,,,,,,,,,,,,,,,,,,,,,,,,,,,,,,,,,,,,,,178170,,,,,,,,,,
114456,,,,,,,,,,,,,,,,,,,,,,,,,,,,,,,,,,,,,,,,228,,,,,,,,,
114541,,,,,,,,,,,,,,,,,,,,,,,,,,,,,,,,,,,,,,,178951,,,,,,,,,,
114957,,,,,,,,,,,,,,,,,,,,,,,,,,,,,,,,,,,,,,,,229,,,,,,,,,
115000,56000,56000,53000,56000,49000,52750,54800,0,1.4025e+08,2.034e+06,2.035e+06,2.035e+06,2.037e+06,2.035e+06,2.034e+06,630078,909375,1.6e+09,8,19152,153,40,19144,765,12,4816,57,402,19160,7702,224,19152,4290,264,4816,1271,80,,,,,,,100,100,0,3.9604,100,100
115041,,,,,,,,,,,,,,,,,,,,,,,,,,,,,,,,,,,,,,,179732,,,,,,,,,,
115460,,,,,,,,,,,,,,,,,,,,,,,,,,,,,,,,,,,,,,,,230,,,,,,,,,
115541,,,,,,,,,,,,,,,,,,,,,,,,,,,,,,,,,,,,,,,180512,,,,,,,,,,
115961,,,,,,,,,,,,,,,,,,,,,,,,,,,,,,,,,,,,,,,,231,,,,,,,,,
116000,56000,56000,53000,56000,49000,52750,54800,0,1.4025e+08,1.998e+06,2.036e+06,2.033e+06,1.996e+06,1.998e+06,1.997e+06,630078,898632,1.6e+09,8,19152,153,40,19144,765,12,4816,57,402,19160,7702,224,19152,4290,264,4816,1271,80,,,,,,,100,100,0,4.0404,100,100
116041,,,,,,,,,,,,,,,,,,,,,,,,,,,,,,,,,,,,,,,181291,,,,,,,,,,
116095,,,,,,,,,,,,,,,,,,,,,,,,,,,,,,,,,,,,,,,,,41,,,,,,,,
116463,,,,,,,,,,,,,,,,,,,,,,,,,,,,,,,,,,,,,,,,232,,,,,,,,,
116542,,,,,,,,,,,,,,,,,,,,,,,,,,,,,,,,,,,,,,,182071,,,,,,,,,,
116965,,,,,,,,,,,,,,,,,,,,,,,,,,,,,,,,,,,,,,,,233,,,,,,,,,
117000,56500,56500,53000,56500,50000,52750,54800,0,1.4025e+08,2.035e+06,2.034e+06,2.035e+06,2.035e+06,2.034e+06,2.033e+06,630078,917968,1.6e+09,8,19152,153,40,19144,765,8,4816,38,402,19160,7702,224,19152,4290,264,4816,1271,80,,,,,,,100,100,0,0,100,100
117041,,,,,,,,,,,,,,,,,,,,,,,,,,,,,,,,,,,,,,,182852,,,,,,,,,,
117466,,,,,,,,,,,,,,,,,,,,,,,,,,,,,,,,,,,,,,,,234,,,,,,,,,
117541,,,,,,,,,,,,,,,,,,,,,,,,,,,,,,,,,,,,,,,183634,,,,,,,,,,
117967,,,,,,,,,,,,,,,,,,,,,,,,,,,,,,,,,,,,,,,,235,,,,,,,,,
118000,56500,56500,53000,56500,50000,52750,55100,0,1.4025e+08,1.998e+06,2.035e+06,2.034e+06,1.996e+06,1.997e+06,1.997e+06,630078,898632,1.6e+09,8,19152,153,40,19144,765,12,4816,57,402,19160,7702,224,19152,4290,264,4816,1271,80,,,,,,,100,100,0,3,100,100
118042,,,,,,,,,,,,,,,,,,,,,,,,,,,,,,,,,,,,,,,184415,,,,,,,,,,
118472,,,,,,,,,,,,,,,,,,,,,,,,,,,,,,,,,,,,,,,,236,,,,,,,,,
118541,,,,,,,,,,,,,,,,,,,,,,,,,,,,,,,,,,,,,,,185196,,,,,,,,,,
118903,,,,,,,,,,,,,,,,,,,,,,,,,,,,,,,,,,,,,,24,,,,,,,,,,,
118926,,,,,,,,,,,,,,,,,,,,,,,,,,,,,,,,,,,,,,,,,42,,,,,,,,
118974,,,,,,,,,,,,,,,,,,,,,,,,,,,,,,,,,,,,,,,,237,,,,,,,,,
119000,56500,56500,53000,56500,50000,52750,55300,0,1.4025e+08,2.034e+06,2.035e+06,2.034e+06,2.037e+06,2.034e+06,2.034e+06,630078,909375,1.6e+09,8,19152,153,40,19144,765,12,4816,57,402,19160,7702,224,19152,4290,264,4816,1271,80,,,,,,,100,100,0,4.08163,100,100
119042,,,,,,,,,,,,,,,,,,,,,,,,,,,,,,,,,,,,,,,185976,,,,,,,,,,
119475,,,,,,,,,,,,,,,,,,,,,,,,,,,,,,,,,,,,,,,,238,,,,,,,,,
119542,,,,,,,,,,,,,,,,,,,,,,,,,,,,,,,,,,,,,,,186757,,,,,,,,,,
119977,,,,,,,,,,,,,,,,,,,,,,,,,,,,,,,,,,,,,,,,239,,,,,,,,,
120001,56000,56000,53500,56000,50000,52750,54800,0,1.4025e+08,2.035e+06,2.034e+06,2.034e+06,2.035e+06,2.035e+06,2.035e+06,630078,898632,1.6e+09,8,19152,153,40,19144,765,8,4816,38,402,19160,7702,224,19152,4290,264,4816,1271,80,,,,,,,100,100,0,2.0202,100,100
120041,,,,,,,,,,,,,,,,,,,,,,,,,,,,,,,,,,,,,,,187537,,,,,,,,,,
120478,,,,,,,,,,,,,,,,,,,,,,,,,,,,,,,,,,,,,,,,240,,,,,,,,,
120542,,,,,,,,,,,,,,,,,,,,,,,,,,,,,,,,,,,,,,,188319,,,,,,,,,,
120979,,,,,,,,,,,,,,,,,,,,,,,,,,,,,,,,,,,,,,,,241,,,,,,,,,
121000,56000,56000,53000,56000,50000,52750,55100,0,1.4025e+08,1.999e+06,2.035e+06,2.034e+06,1.997e+06,1.998e+06,1.997e+06,630078,898632,1.6e+09,8,19152,153,40,19144,765,12,4816,38,402,19160,7702,224,19152,4290,264,4816,1271,80,,,,,,,100,100,0,2.0202,100,100
121041,,,,,,,,,,,,,,,,,,,,,,,,,,,,,,,,,,,,,,,189099,,,,,,,,,,
121484,,,,,,,,,,,,,,,,,,,,,,,,,,,,,,,,,,,,,,,,242,,,,,,,,,
121542,,,,,,,,,,,,,,,,,,,,,,,,,,,,,,,,,,,,,,,189879,,,,,,,,,,
121754,,,,,,,,,,,,,,,,,,,,,,,,,,,,,,,,,,,,,,,,,43,,,,,,,,
121986,,,,,,,,,,,,,,,,,,,,,,,,,,,,,,,,,,,,,,,,243,,,,,,,,,
122001,56000,56000,53500,56000,50000,52750,55300,0,1.4025e+08,2.035e+06,2.034e+06,2.035e+06,2.034e+06,2.034e+06,2.034e+06,630078,917968,1.6e+09,8,19152,153,40,19144,765,12,4816,57,402,19160,7702,224,19152,4290,264,4808,1269,80,,,,,,,100,100,0,5,100,100
122041,,,,,,,,,,,,,,,,,,,,,,,,,,,,,,,,,,,,,,,190659,,,,,,,,,,
122486,,,,,,,,,,,,,,,,,,,,,,,,,,,,,,,,,,,,,,,,244,,,,,,,,,
122541,,,,,,,,,,,,,,,,,,,,,,,,,,,,,,,,,,,,,,,191439,,,,,,,,,,
122988,,,,,,,,,,,,,,,,,,,,,,,,,,,,,,,,,,,,,,,,245,,,,,,,,,
123001,56000,56000,53500,56000,50000,53000,54800,0,1.4025e+08,1.996e+06,2.035e+06,2.035e+06,1.998e+06,2.005e+06,1.997e+06,630078,898632,1.6e+09,8,19152,153,40,19144,765,12,4816,57,402,19160,7702,224,19152,4290,264,4816,1271,80,,,,,,,100,100,0,2.0202,100,100
123041,,,,,,,,,,,,,,,,,,,,,,,,,,,,,,,,,,,,,,,192221,,,,,,,,,,
123490,,,,,,,,,,,,,,,,,,,,,,,,,,,,,,,,,,,,,,,,246,,,,,,,,,
123542,,,,,,,,,,,,,,,,,,,,,,,,,,,,,,,,,,,,,,,192999,,,,,,,,,,
123856,,,,,,,,,,,,,,,,,,,,,,,,,,,,,,,,,,,,,,25,,,,,,,,,,,
123992,,,,,,,,,,,,,,,,,,,,,,,,,,,,,,,,,,,,,,,,247,,,,,,,,,
124000,56500,56500,53500,56500,50000,53000,55100,0,1.4025e+08,2.034e+06,2.036e+06,2.035e+06,2.034e+06,2.034e+06,2.035e+06,630078,917968,1.6e+09,8,19152,153,40,19144,765,12,4816,57,402,19160,7702,224,19152,4290,264,4816,1271,80,,,,,,,100,100,0,1.02041,100,100
124042,,,,,,,,,,,,,,,,,,,,,,,,,,,,,,,,,,,,,,,193779,,,,,,,,,,
124496,,,,,,,,,,,,,,,,,,,,,,,,,,,,,,,,,,,,,,,,248,,,,,,,,,
124541,,,,,,,,,,,,,,,,,,,,,,,,,,,,,,,,,,,,,,,194558,,,,,,,,,,
124584,,,,,,,,,,,,,,,,,,,,,,,,,,,,,,,,,,,,,,,,,44,,,,,,,,
124998,,,,,,,,,,,,,,,,,,,,,,,,,,,,,,,,,,,,,,,,249,,,,,,,,,
125001,56500,56500,53500,56500,50000,53000,55000,0,1.4025e+08,2.034e+06,2.034e+06,2.034e+06,2.033e+06,2.034e+06,2.035e+06,630078,917968,1.6e+09,8,19152,153,40,19144,765,12,4816,57,402,19160,7702,224,19152,4290,264,4816,1271,80,,,,,,,100,100,1,5.94059,100,100
125042,,,,,,,,,,,,,,,,,,,,,,,,,,,,,,,,,,,,,,,195340,,,,,,,,,,
125498,,,,,,,,,,,,,,,,,,,,,,,,,,,,,,,,,,,,,,,,250,,,,,,,,,
125542,,,,,,,,,,,,,,,,,,,,,,,,,,,,,,,,,,,,,,,196121,,,,,,,,,,
125999,,,,,,,,,,,,,,,,,,,,,,,,,,,,,,,,,,,,,,,,251,,,,,,,,,
126001,56500,56500,53500,56500,50000,53000,55000,0,1.4025e+08,1.996e+06,2.034e+06,2.034e+06,1.999e+06,1.998e+06,1.999e+06,630078,898632,1.6e+09,8,19152,153,40,19144,765,12,4816,57,402,19160,7702,224,19152,4290,264,4816,1271,80,,,,,,,100,100,0,2.04082,100,100
126042,,,,,,,,,,,,,,,,,,,,,,,,,,,,,,,,,,,,,,,196901,,,,,,,,,,
126500,,,,,,,,,,,,,,,,,,,,,,,,,,,,,,,,,,,,,,,,252,,,,,,,,,
126542,,,,,,,,,,,,,,,,,,,,,,,,,,,,,,,,,,,,,,,197683,,,,,,,,,,
127000,56500,56500,53500,56500,50000,53000,55300,0,1.4025e+08,1.98e+06,2.035e+06,2.035e+06,1.983e+06,1.982e+06,1.989e+06,630078,887890,1.6e+09,8,19152,153,40,19144,765,12,4816,57,402,19160,7702,224,19152,4290,264,4816,1271,80,,,,,,,100,100,0,0,100,100
127009,,,,,,,,,,,,,,,,,,,,,,,,,,,,,,,,,,,,,,,,253,,,,,,,,,
127041,,,,,,,,,,,,,,,,,,,,,,,,,,,,,,,,,,,,,,,198464,,,,,,,,,,
127414,,,,,,,,,,,,,,,,,,,,,,,,,,,,,,,,,,,,,,,,,45,,,,,,,,
127506,,,,,,,,,,,,,,,,,,,,,,,,,,,,,,,,,,,,,,,,254,,,,,,,,,
127541,,,,,,,,,,,,,,,,,,,,,,,,,,,,,,,,,,,,,,,199246,,,,,,,,,,
128000,56500,56500,53500,56500,50000,53000,55300,0,1.4025e+08,1.998e+06,2.035e+06,2.034e+06,1.997e+06,1.997e+06,1.997e+06,630078,898632,1.6e+09,8,19152,153,40,19144,765,12,4816,57,404,19160,7740,224,19152,4290,264,4816,1271,80,,,,,,,100,100,0,4.0404,100,100
128009,,,,,,,,,,,,,,,,,,,,,,,,,,,,,,,,,,,,,,,,255,,,,,,,,,
128041,,,,,,,,,,,,,,,,,,,,,,,,,,,,,,,,,,,,,,,200028,,,,,,,,,,
128508,,,,,,,,,,,,,,,,,,,,,,,,,,,,,,,,,,,,,,,,256,,,,,,,,,
128541,,,,,,,,,,,,,,,,,,,,,,,,,,,,,,,,,,,,,,,200808,,,,,,,,,,
128811,,,,,,,,,,,,,,,,,,,,,,,,,,,,,,,,,,,,,,26,,,,,,,,,,,
129000,56500,56500,53500,56500,50000,53000,55300,0,1.4025e+08,1.998e+06,2.035e+06,2.035e+06,1.998e+06,1.998e+06,1.998e+06,630078,898632,1.6e+09,8,19152,153,40,19144,765,12,4816,57,402,19160,7702,224,19152,4290,264,4816,1271,80,,,,,,,100,100,0,1.02041,100,100
129009,,,,,,,,,,,,,,,,,,,,,,,,,,,,,,,,,,,,,,,,257,,,,,,,,,
129042,,,,,,,,,,,,,,,,,,,,,,,,,,,,,,,,,,,,,,,201593,,,,,,,,,,
129510,,,,,,,,,,,,,,,,,,,,,,,,,,,,,,,,,,,,,,,,258,,,,,,,,,
129542,,,,,,,,,,,,,,,,,,,,,,,,,,,,,,,,,,,,,,,202373,,,,,,,,,,
130000,56000,56000,53500,56000,50000,53000,55300,0,1.4025e+08,1.997e+06,2.035e+06,2.036e+06,1.997e+06,1.997e+06,1.997e+06,630078,898632,1.6e+09,8,19152,153,40,19144,765,12,4816,57,402,19160,7702,224,19152,4290,264,4816,1271,80,,,,,,,100,100,0,2.0202,100,100
130013,,,,,,,,,,,,,,,,,,,,,,,,,,,,,,,,,,,,,,,,259,,,,,,,,,
130041,,,,,,,,,,,,,,,,,,,,,,,,,,,,,,,,,,,,,,,203152,,,,,,,,,,
130242,,,,,,,,,,,,,,,,,,,,,,,,,,,,,,,,,,,,,,,,,46,,,,,,,,
130516,,,,,,,,,,,,,,,,,,,,,,,,,,,,,,,,,,,,,,,,260,,,,,,,,,
130541,,,,,,,,,,,,,,,,,,,,,,,,,,,,,,,,,,,,,,,203934,,,,,,,,,,
131001,56500,56500,53500,56500,50000,53000,55300,0,1.4025e+08,2.035e+06,2.036e+06,2.035e+06,2.035e+06,2.036e+06,2.039e+06,630078,909375,1.6e+09,8,19152,153,40,19144,765,12,4816,57,402,19160,7702,224,19152,4290,264,4816,1271,80,,,,,,,100,100,0,3.06122,100,100
131017,,,,,,,,,,,,,,,,,,,,,,,,,,,,,,,,,,,,,,,,261,,,,,,,,,
131041,,,,,,,,,,,,,,,,,,,,,,,,,,,,,,,,,,,,,,,204714,,,,,,,,,,
131519,,,,,,,,,,,,,,,,,,,,,,,,,,,,,,,,,,,,,,,,262,,,,,,,,,
131542,,,,,,,,,,,,,,,,,,,,,,,,,,,,,,,,,,,,,,,205496,,,,,,,,,,
132001,56500,56500,53500,56500,50000,53000,55300,0,1.4025e+08,1.997e+06,2.035e+06,2.034e+06,1.997e+06,1.997e+06,1.998e+06,630078,898632,1.6e+09,8,19152,153,40,19144,765,12,4816,57,402,19160,7702,224,19152,4290,264,4816,1271,80,,,,,,,100,100,0,3,100,100
132020,,,,,,,,,,,,,,,,,,,,,,,,,,,,,,,,,,,,,,,,263,,,,,,,,,
132041,,,,,,,,,,,,,,,,,,,,,,,,,,,,,,,,,,,,,,,206274,,,,,,,,,,
132541,,,,,,,,,,,,,,,,,,,,,,,,,,,,,,,,,,,,,,,207057,,,,,,,,,,
133001,56500,56500,53500,56500,50000,53250,55300,0,1.4025e+08,2.034e+06,2.036e+06,2.034e+06,2.036e+06,2.035e+06,2.035e+06,630078,909375,1.6e+09,8,19152,153,40,19144,765,12,4816,57,402,19160,7702,224,19152,4290,264,4816,1271,80,,,,,,,100,100,0,1.03093,100,100
133019,,,,,,,,,,,,,,,,,,,,,,,,,,,,,,,,,,,,,,,,265,,,,,,,,,
133041,,,,,,,,,,,,,,,,,,,,,,,,,,,,,,,,,,,,,,,207842,,,,,,,,,,
133072,,,,,,,,,,,,,,,,,,,,,,,,,,,,,,,,,,,,,,,,,47,,,,,,,,
133523,,,,,,,,,,,,,,,,,,,,,,,,,,,,,,,,,,,,,,,,266,,,,,,,,,
133541,,,,,,,,,,,,,,,,,,,,,,,,,,,,,,,,,,,,,,,208622,,,,,,,,,,
133767,,,,,,,,,,,,,,,,,,,,,,,,,,,,,,,,,,,,,,27,,,,,,,,,,,
134000,56500,56500,53500,56500,50000,53250,55300,0,1.4025e+08,2.034e+06,2.035e+06,2.036e+06,2.034e+06,2.035e+06,2.034e+06,630078,917968,1.6e+09,8,19152,153,40,19144,765,12,4816,57,404,19160,7740,224,19152,4290,264,4816,1271,80,,,,,,,100,100,0,4.0404,100,100
134025,,,,,,,,,,,,,,,,,,,,,,,,,,,,,,,,,,,,,,,,267,,,,,,,,,
134042,,,,,,,,,,,,,,,,,,,,,,,,,,,,,,,,,,,,,,,209402,,,,,,,,,,
134525,,,,,,,,,,,,,,,,,,,,,,,,,,,,,,,,,,,,,,,,268,,,,,,,,,
134541,,,,,,,,,,,,,,,,,,,,,,,,,,,,,,,,,,,,,,,210183,,,,,,,,,,
135001,56500,56500,53500,56500,50000,53250,55300,0,1.4025e+08,2.034e+06,2.035e+06,2.034e+06,2.036e+06,2.038e+06,2.034e+06,630078,909375,1.6e+09,8,19152,153,40,19144,765,12,4816,57,402,19160,7702,224,19152,4290,264,4816,1271,80,,,,,,,100,100,0,2.0202,100,100
135027,,,,,,,,,,,,,,,,,,,,,,,,,,,,,,,,,,,,,,,,269,,,,,,,,,
135041,,,,,,,,,,,,,,,,,,,,,,,,,,,,,,,,,,,,,,,210965,,,,,,,,,,
135528,,,,,,,,,,,,,,,,,,,,,,,,,,,,,,,,,,,,,,,,270,,,,,,,,,
135541,,,,,,,,,,,,,,,,,,,,,,,,,,,,,,,,,,,,,,,211746,,,,,,,,,,
135902,,,,,,,,,,,,,,,,,,,,,,,,,,,,,,,,,,,,,,,,,48,,,,,,,,
136001,56500,56500,53500,56500,50000,53000,55300,0,1.4025e+08,2.034e+06,2.035e+06,2.035e+06,2.035e+06,2.034e+06,2.035e+06,630078,909375,1.6e+09,8,19152,153,40,19144,765,12,4816,57,402,19160,7702,224,19152,4290,264,4816,1271,80,,,,,,,100,100,0,2.0202,100,100
136030,,,,,,,,,,,,,,,,,,,,,,,,,,,,,,,,,,,,,,,,271,,,,,,,,,
136041,,,,,,,,,,,,,,,,,,,,,,,,,,,,,,,,,,,,,,,212526,,,,,,,,,,
136533,,,,,,,,,,,,,,,,,,,,,,,,,,,,,,,,,,,,,,,,272,,,,,,,,,
136542,,,,,,,,,,,,,,,,,,,,,,,,,,,,,,,,,,,,,,,213310,,,,,,,,,,
137001,56500,56500,53500,56500,50000,53250,55300,0,1.4025e+08,1.998e+06,2.035e+06,2.034e+06,1.997e+06,1.995e+06,1.997e+06,630078,898632,1.6e+09,8,19152,153,40,19144,765,12,4816,57,402,19160,7702,224,19152,4290,264,4816,1271,80,,,,,,,100,100,0.990099,5,100,100
137035,,,,,,,,,,,,,,,,,,,,,,,,,,,,,,,,,,,,,,,,273,,,,,,,,,
137041,,,,,,,,,,,,,,,,,,,,,,,,,,,,,,,,,,,,,,,214090,,,,,,,,,,
137535,,,,,,,,,,,,,,,,,,,,,,,,,,,,,,,,,,,,,,,,274,,,,,,,,,
137542,,,,,,,,,,,,,,,,,,,,,,,,,,,,,,,,,,,,,,,214872,,,,,,,,,,
138001,56500,56500,53500,56500,50000,53000,55300,0,1.4025e+08,2.035e+06,2.035e+06,2.034e+06,2.035e+06,2.035e+06,2.035e+06,630078,909375,1.6e+09,8,19152,153,40,19144,765,12,4816,57,402,19160,7702,224,19152,4290,264,4816,1271,80,,,,,,,100,100,0,1.02041,100,100
138036,,,,,,,,,,,,,,,,,,,,,,,,,,,,,,,,,,,,,,,,275,,,,,,,,,
138042,,,,,,,,,,,,,,,,,,,,,,,,,,,,,,,,,,,,,,,215651,,,,,,,,,,
138537,,,,,,,,,,,,,,,,,,,,,,,,,,,,,,,,,,,,,,,,276,,,,,,,,,
138541,,,,,,,,,,,,,,,,,,,,,,,,,,,,,,,,,,,,,,,216433,,,,,,,,,,
138716,,,,,,,,,,,,,,,,,,,,,,,,,,,,,,,,,,,,,,28,,,,,,,,,,,
138730,,,,,,,,,,,,,,,,,,,,,,,,,,,,,,,,,,,,,,,,,49,,,,,,,,
139000,56500,56500,53500,56500,50000,53000,55300,0,1.4025e+08,2.035e+06,2.035e+06,2.035e+06,2.035e+06,2.035e+06,2.034e+06,630078,917968,1.6e+09,8,19152,153,40,19144,765,12,4816,57,402,19160,7702,224,19152,4290,264,4808,1269,80,,,,,,,100,100,0,1.02041,100,100
139039,,,,,,,,,,,,,,,,,,,,,,,,,,,,,,,,,,,,,,,,277,,,,,,,,,
139041,,,,,,,,,,,,,,,,,,,,,,,,,,,,,,,,,,,,,,,217212,,,,,,,,,,
139542,,,,,,,,,,,,,,,,,,,,,,,,,,,,,,,,,,,,,,,217992,,,,,,,,,,
139542,,,,,,,,,,,,,,,,,,,,,,,,,,,,,,,,,,,,,,,,278,,,,,,,,,
140000,56500,56500,53500,56500,50000,53250,55300,0,1.4025e+08,1.997e+06,2.034e+06,2.035e+06,1.996e+06,1.997e+06,1.997e+06,630078,898632,1.6e+09,8,19152,153,40,19144,765,12,4816,57,404,19160,7740,224,19152,4290,264,4816,1271,80,,,,,,,100,100,0,3.06122,100,100
140042,,,,,,,,,,,,,,,,,,,,,,,,,,,,,,,,,,,,,,,218773,,,,,,,,,,
140043,,,,,,,,,,,,,,,,,,,,,,,,,,,,,,,,,,,,,,,,279,,,,,,,,,
140541,,,,,,,,,,,,,,,,,,,,,,,,,,,,,,,,,,,,,,,219553,,,,,,,,,,
140545,,,,,,,,,,,,,,,,,,,,,,,,,,,,,,,,,,,,,,,,280,,,,,,,,,
141001,56500,56500,53500,56500,50000,53250,55300,0,1.4025e+08,2.033e+06,2.035e+06,2.035e+06,2.034e+06,2.035e+06,2.034e+06,630078,917968,1.6e+09,8,19152,153,40,19144,765,12,4816,57,402,19160,7702,224,19152,4290,264,4816,1271,80,,,,,,,100,100,0,3,100,100
141041,,,,,,,,,,,,,,,,,,,,,,,,,,,,,,,,,,,,,,,220333,,,,,,,,,,
141047,,,,,,,,,,,,,,,,,,,,,,,,,,,,,,,,,,,,,,,,281,,,,,,,,,
141542,,,,,,,,,,,,,,,,,,,,,,,,,,,,,,,,,,,,,,,221112,,,,,,,,,,
141548,,,,,,,,,,,,,,,,,,,,,,,,,,,,,,,,,,,,,,,,282,,,,,,,,,
141561,,,,,,,,,,,,,,,,,,,,,,,,,,,,,,,,,,,,,,,,,50,,,,,,,,
142000,56500,56500,53500,56500,50000,53250,55600,0,1.4025e+08,1.997e+06,2.034e+06,2.034e+06,1.998e+06,1.998e+06,1.997e+06,630078,917968,1.6e+09,8,19152,153,40,19144,765,12,4816,57,402,19160,7702,224,19152,4290,264,4816,1271,80,,,,,,,100,100,0,2.04082,100,100
142041,,,,,,,,,,,,,,,,,,,,,,,,,,,,,,,,,,,,,,,221893,,,,,,,,,,
142050,,,,,,,,,,,,,,,,,,,,,,,,,,,,,,,,,,,,,,,,283,,,,,,,,,
142542,,,,,,,,,,,,,,,,,,,,,,,,,,,,,,,,,,,,,,,222673,,,,,,,,,,
142554,,,,,,,,,,,,,,,,,,,,,,,,,,,,,,,,,,,,,,,,284,,,,,,,,,
143001,56500,56500,53500,56500,50000,53250,55300,0,1.4025e+08,1.997e+06,2.035e+06,2.035e+06,1.998e+06,1.997e+06,1.999e+06,630078,898632,1.6e+09,8,19152,153,40,19144,765,12,4816,57,404,19160,7740,224,19152,4290,264,4808,1269,80,,,,,,,100,100,0,4.9505,100,100
143041,,,,,,,,,,,,,,,,,,,,,,,,,,,,,,,,,,,,,,,223453,,,,,,,,,,
143056,,,,,,,,,,,,,,,,,,,,,,,,,,,,,,,,,,,,,,,,285,,,,,,,,,
143541,,,,,,,,,,,,,,,,,,,,,,,,,,,,,,,,,,,,,,,224235,,,,,,,,,,
143556,,,,,,,,,,,,,,,,,,,,,,,,,,,,,,,,,,,,,,,,286,,,,,,,,,
143677,,,,,,,,,,,,,,,,,,,,,,,,,,,,,,,,,,,,,,29,,,,,,,,,,,
144000,56500,56500,53500,56500,50000,53250,55300,0,1.4025e+08,2.035e+06,2.035e+06,2.034e+06,2.034e+06,2.035e+06,2.035e+06,630078,917968,1.6e+09,8,19152,153,40,19144,765,12,4816,57,404,19160,7740,224,19152,4290,264,4816,1271,80,,,,,,,100,100,0,2.04082,100,100
144041,,,,,,,,,,,,,,,,,,,,,,,,,,,,,,,,,,,,,,,225014,,,,,,,,,,
144058,,,,,,,,,,,,,,,,,,,,,,,,,,,,,,,,,,,,,,,,287,,,,,,,,,
144389,,,,,,,,,,,,,,,,,,,,,,,,,,,,,,,,,,,,,,,,,51,,,,,,,,
144541,,,,,,,,,,,,,,,,,,,,,,,,,,,,,,,,,,,,,,,225796,,,,,,,,,,
144559,,,,,,,,,,,,,,,,,,,,,,,,,,,,,,,,,,,,,,,,288,,,,,,,,,
145000,56500,56500,53500,56500,50000,53250,55300,0,1.4025e+08,2.034e+06,2.035e+06,2.035e+06,2.035e+06,2.034e+06,2.034e+06,630078,917968,1.6e+09,8,19152,153,40,19144,765,12,4816,57,402,19160,7702,224,19152,4290,264,4816,1271,80,,,,,,,100,100,0,2.0202,100,100
145042,,,,,,,,,,,,,,,,,,,,,,,,,,,,,,,,,,,,,,,226576,,,,,,,,,,
145061,,,,,,,,,,,,,,,,,,,,,,,,,,,,,,,,,,,,,,,,289,,,,,,,,,
145541,,,,,,,,,,,,,,,,,,,,,,,,,,,,,,,,,,,,,,,227358,,,,,,,,,,
145563,,,,,,,,,,,,,,,,,,,,,,,,,,,,,,,,,,,,,,,,290,,,,,,,,,
146000,56500,56500,54000,56500,50000,53250,55500,0,1.4025e+08,2.033e+06,2.034e+06,2.034e+06,2.034e+06,2.033e+06,2.039e+06,630078,909375,1.6e+09,8,19152,153,40,19144,765,12,4816,57,404,19160,7740,224,19152,4290,264,4808,1269,80,,,,,,,100,100,1,2.06186,100,100
146041,,,,,,,,,,,,,,,,,,,,,,,,,,,,,,,,,,,,,,,228139,,,,,,,,,,
146065,,,,,,,,,,,,,,,,,,,,,,,,,,,,,,,,,,,,,,,,291,,,,,,,,,
146542,,,,,,,,,,,,,,,,,,,,,,,,,,,,,,,,,,,,,,,228920,,,,,,,,,,
146566,,,,,,,,,,,,,,,,,,,,,,,,,,,,,,,,,,,,,,,,292,,,,,,,,,
147000,57000,57000,53500,57000,50000,53250,55500,0,1.4025e+08,2.035e+06,2.035e+06,2.035e+06,2.035e+06,2.036e+06,2.034e+06,630078,917968,1.6e+09,8,19152,153,40,19144,765,12,4816,57,402,19160,7702,224,19152,4290,264,4816,1271,80,,,,,,,100,100,0,2.0202,100,100
147041,,,,,,,,,,,,,,,,,,,,,,,,,,,,,,,,,,,,,,,229699,,,,,,,,,,
147068,,,,,,,,,,,,,,,,,,,,,,,,,,,,,,,,,,,,,,,,293,,,,,,,,,
147219,,,,,,,,,,,,,,,,,,,,,,,,,,,,,,,,,,,,,,,,,52,,,,,,,,
147541,,,,,,,,,,,,,,,,,,,,,,,,,,,,,,,,,,,,,,,230478,,,,,,,,,,
147574,,,,,,,,,,,,,,,,,,,,,,,,,,,,,,,,,,,,,,,,294,,,,,,,,,
148001,56500,56500,53500,56500,50000,53250,55600,0,1.4025e+08,1.998e+06,2.035e+06,2.033e+06,1.997e+06,2.003e+06,1.999e+06,630078,898632,1.6e+09,8,19152,153,40,19144,765,12,4816,57,402,19160,7702,224,19152,4290,264,4808,1269,80,,,,,,,100,100,0,3,100,100
148042,,,,,,,,,,,,,,,,,,,,,,,,,,,,,,,,,,,,,,,231260,,,,,,,,,,
148071,,,,,,,,,,,,,,,,,,,,,,,,,,,,,,,,,,,,,,,,295,,,,,,,,,
148541,,,,,,,,,,,,,,,,,,,,,,,,,,,,,,,,,,,,,,,232040,,,,,,,,,,
148574,,,,,,,,,,,,,,,,,,,,,,,,,,,,,,,,,,,,,,,,296,,,,,,,,,
148637,,,,,,,,,,,,,,,,,,,,,,,,,,,,,,,,,,,,,,30,,,,,,,,,,,
149000,57000,57000,53500,57000,50000,53250,55800,0,1.4025e+08,1.997e+06,2.036e+06,2.034e+06,1.997e+06,1.996e+06,1.998e+06,630078,898632,1.6e+09,8,19152,153,40,19144,765,12,4816,57,404,19160,7740,224,19152,4290,264,4816,1271,80,,,,,,,100,100,0,4.0404,100,100
149042,,,,,,,,,,,,,,,,,,,,,,,,,,,,,,,,,,,,,,,232821,,,,,,,,,,
149076,,,,,,,,,,,,,,,,,,,,,,,,,,,,,,,,,,,,,,,,297,,,,,,,,,
149541,,,,,,,,,,,,,,,,,,,,,,,,,,,,,,,,,,,,,,,233605,,,,,,,,,,
149576,,,,,,,,,,,,,,,,,,,,,,,,,,,,,,,,,,,,,,,,298,,,,,,,,,
150001,56500,56500,54000,56500,50000,53500,55500,0,1.4025e+08,2.035e+06,2.035e+06,2.034e+06,2.035e+06,2.034e+06,2.035e+06,630078,917968,1.6e+09,8,19152,153,40,19144,765,12,4816,57,404,19160,7740,224,19152,4290,264,4816,1271,80,,,,,,,100,100,0,1.02041,100,100
150041,,,,,,,,,,,,,,,,,,,,,,,,,,,,,,,,,,,,,,,234383,,,,,,,,,,
150049,,,,,,,,,,,,,,,,,,,,,,,,,,,,,,,,,,,,,,,,,53,,,,,,,,
150078,,,,,,,,,,,,,,,,,,,,,,,,,,,,,,,,,,,,,,,,299,,,,,,,,,
150541,,,,,,,,,,,,,,,,,,,,,,,,,,,,,,,,,,,,,,,235166,,,,,,,,,,
150579,,,,,,,,,,,,,,,,,,,,,,,,,,,,,,,,,,,,,,,,300,,,,,,,,,
151000,57000,57000,53500,57000,50000,53500,55800,0,1.4025e+08,1.998e+06,2.036e+06,2.034e+06,1.998e+06,1.997e+06,1.997e+06,630078,898632,1.6e+09,8,19152,153,40,19144,765,12,4816,57,402,19160,7702,224,19152,4290,264,4816,1271,80,,,,,,,100,100,0,1.03093,100,100
151042,,,,,,,,,,,,,,,,,,,,,,,,,,,,,,,,,,,,,,,235949,,,,,,,,,,
151078,,,,,,,,,,,,,,,,,,,,,,,,,,,,,,,,,,,,,,,,301,,,,,,,,,
151542,,,,,,,,,,,,,,,,,,,,,,,,,,,,,,,,,,,,,,,236730,,,,,,,,,,
151582,,,,,,,,,,,,,,,,,,,,,,,,,,,,,,,,,,,,,,,,302,,,,,,,,,
152001,57000,57000,54000,57000,50000,53500,55800,192,1.4025e+08,2.035e+06,2.034e+06,2.035e+06,2.035e+06,2.036e+06,2.034e+06,630078,898632,1.6e+09,8,19152,153,40,19144,765,12,4816,57,404,19160,7740,224,19152,4290,264,4816,1271,80,,,,,,,100,100,0,4.0404,100,100
152041,,,,,,,,,,,,,,,,,,,,,,,,,,,,,,,,,,,,,,,237508,,,,,,,,,,
152084,,,,,,,,,,,,,,,,,,,,,,,,,,,,,,,,,,,,,,,,303,,,,,,,,,
152541,,,,,,,,,,,,,,,,,,,,,,,,,,,,,,,,,,,,,,,238288,,,,,,,,,,
152586,,,,,,,,,,,,,,,,,,,,,,,,,,,,,,,,,,,,,,,,304,,,,,,,,,
152877,,,,,,,,,,,,,,,,,,,,,,,,,,,,,,,,,,,,,,,,,54,,,,,,,,
153000,57000,57000,53500,57000,50000,53250,55500,0,1.4025e+08,2.049e+06,2.034e+06,2.034e+06,2.035e+06,2.034e+06,2.034e+06,630078,917968,1.6e+09,8,19152,153,40,19144,765,12,4816,57,402,19160,7702,224,19152,4290,264,4816,1271,80,,,,,,,100,100,0,2.0202,100,100
153041,,,,,,,,,,,,,,,,,,,,,,,,,,,,,,,,,,,,,,,239072,,,,,,,,,,
153087,,,,,,,,,,,,,,,,,,,,,,,,,,,,,,,,,,,,,,,,305,,,,,,,,,
153542,,,,,,,,,,,,,,,,,,,,,,,,,,,,,,,,,,,,,,,239852,,,,,,,,,,
153586,,,,,,,,,,,,,,,,,,,,,,,,,,,,,,,,,,,,,,31,,,,,,,,,,,
153589,,,,,,,,,,,,,,,,,,,,,,,,,,,,,,,,,,,,,,,,306,,,,,,,,,
154000,56500,56500,54000,56500,50000,53250,55800,0,1.4025e+08,1.997e+06,2.035e+06,2.034e+06,1.997e+06,1.999e+06,1.998e+06,630078,898632,1.6e+09,8,19152,153,40,19144,765,12,4816,57,402,19160,7702,224,19152,4290,264,4816,1271,80,,,,,,,100,100,0,2.0202,100,100
154042,,,,,,,,,,,,,,,,,,,,,,,,,,,,,,,,,,,,,,,240630,,,,,,,,,,
154091,,,,,,,,,,,,,,,,,,,,,,,,,,,,,,,,,,,,,,,,307,,,,,,,,,
154542,,,,,,,,,,,,,,,,,,,,,,,,,,,,,,,,,,,,,,,241410,,,,,,,,,,
154594,,,,,,,,,,,,,,,,,,,,,,,,,,,,,,,,,,,,,,,,308,,,,,,,,,
155001,57000,57000,54000,57000,50000,53500,55800,0,1.4025e+08,1.997e+06,2.036e+06,2.035e+06,1.998e+06,2.005e+06,1.997e+06,630078,898632,1.6e+09,8,19152,153,40,19144,765,12,4816,57,404,19160,7740,224,19152,4290,264,4816,1271,80,,,,,,,100,100,0.990099,4.0404,100,100
155042,,,,,,,,,,,,,,,,,,,,,,,,,,,,,,,,,,,,,,,242189,,,,,,,,,,
155096,,,,,,,,,,,,,,,,,,,,,,,,,,,,,,,,,,,,,,,,309,,,,,,,,,
155541,,,,,,,,,,,,,,,,,,,,,,,,,,,,,,,,,,,,,,,242970,,,,,,,,,,
155598,,,,,,,,,,,,,,,,,,,,,,,,,,,,,,,,,,,,,,,,310,,,,,,,,,
155707,,,,,,,,,,,,,,,,,,,,,,,,,,,,,,,,,,,,,,,,,55,,,,,,,,
156000,57000,57000,54000,57000,50000,53500,55800,192,1.4025e+08,1.997e+06,2.035e+06,2.034e+06,1.998e+06,1.997e+06,1.997e+06,630078,898632,1.6e+09,8,19152,153,40,19144,765,12,4816,57,404,19160,7740,224,19152,4290,264,4816,1271,80,,,,,,,100,100,0,1.03093,100,100
156041,,,,,,,,,,,,,,,,,,,,,,,,,,,,,,,,,,,,,,,243748,,,,,,,,,,
156100,,,,,,,,,,,,,,,,,,,,,,,,,,,,,,,,,,,,,,,,311,,,,,,,,,
156541,,,,,,,,,,,,,,,,,,,,,,,,,,,,,,,,,,,,,,,244530,,,,,,,,,,
156600,,,,,,,,,,,,,,,,,,,,,,,,,,,,,,,,,,,,,,,,312,,,,,,,,,
157001,56500,56500,54000,56500,50000,53500,55800,0,1.4025e+08,1.997e+06,2.035e+06,2.035e+06,1.997e+06,1.996e+06,1.997e+06,630078,898632,1.6e+09,8,19152,153,40,19144,765,12,4816,57,402,19160,7702,224,19152,4290,264,4816,1271,80,,,,,,,100,100,0,2.9703,100,100
157042,,,,,,,,,,,,,,,,,,,,,,,,,,,,,,,,,,,,,,,245310,,,,,,,,,,
157102,,,,,,,,,,,,,,,,,,,,,,,,,,,,,,,,,,,,,,,,313,,,,,,,,,
157541,,,,,,,,,,,,,,,,,,,,,,,,,,,,,,,,,,,,,,,246090,,,,,,,,,,
157606,,,,,,,,,,,,,,,,,,,,,,,,,,,,,,,,,,,,,,,,314,,,,,,,,,
158000,57000,57000,54000,57000,50000,53500,55800,188,1.4025e+08,1.998e+06,2.035e+06,2.035e+06,1.997e+06,1.997e+06,1.997e+06,630078,898632,1.6e+09,8,19152,153,40,19144,765,12,4816,57,404,19160,7740,224,19152,4290,264,4808,1269,80,,,,,,,100,100,0,4.08163,100,100
158041,,,,,,,,,,,,,,,,,,,,,,,,,,,,,,,,,,,,,,,246873,,,,,,,,,,
158106,,,,,,,,,,,,,,,,,,,,,,,,,,,,,,,,,,,,,,,,315,,,,,,,,,
158537,,,,,,,,,,,,,,,,,,,,,,,,,,,,,,,,,,,,,,,,,56,,,,,,,,
158541,,,,,,,,,,,,,,,,,,,,,,,,,,,,,,,,,,,,,,,247652,,,,,,,,,,
158546,,,,,,,,,,,,,,,,,,,,,,,,,,,,,,,,,,,,,,32,,,,,,,,,,,
158608,,,,,,,,,,,,,,,,,,,,,,,,,,,,,,,,,,,,,,,,316,,,,,,,,,
159001,57000,57000,54000,57000,50000,53500,55800,0,1.4025e+08,1.997e+06,2.035e+06,2.035e+06,1.997e+06,1.997e+06,1.999e+06,630078,898632,1.6e+09,8,19152,153,40,19144,765,12,4816,57,402,19160,7702,224,19152,4290,264,4808,1269,80,,,,,,,100,100,0,2,100,100
159041,,,,,,,,,,,,,,,,,,,,,,,,,,,,,,,,,,,,,,,248432,,,,,,,,,,
159110,,,,,,,,,,,,,,,,,,,,,,,,,,,,,,,,,,,,,,,,317,,,,,,,,,
159541,,,,,,,,,,,,,,,,,,,,,,,,,,,,,,,,,,,,,,,249213,,,,,,,,,,
159611,,,,,,,,,,,,,,,,,,,,,,,,,,,,,,,,,,,,,,,,318,,,,,,,,,
160000,57000,57000,54000,57000,50000,53500,55800,0,1.4025e+08,2.034e+06,2.034e+06,2.036e+06,2.035e+06,2.035e+06,2.035e+06,630078,909375,1.6e+09,8,19152,153,40,19144,765,8,4816,38,402,19160,7702,224,19152,4290,264,4816,1271,80,,,,,,,100,100,0,2.04082,100,100
160041,,,,,,,,,,,,,,,,,,,,,,,,,,,,,,,,,,,,,,,249992,,,,,,,,,,
160113,,,,,,,,,,,,,,,,,,,,,,,,,,,,,,,,,,,,,,,,319,,,,,,,,,
160542,,,,,,,,,,,,,,,,,,,,,,,,,,,,,,,,,,,,,,,250774,,,,,,,,,,
160615,,,,,,,,,,,,,,,,,,,,,,,,,,,,,,,,,,,,,,,,320,,,,,,,,,
161000,57000,57000,54000,57000,50000,53500,55800,0,1.4025e+08,1.997e+06,2.035e+06,2.034e+06,1.997e+06,1.998e+06,1.998e+06,630078,898632,1.6e+09,8,19152,153,40,19144,765,12,4816,57,404,19160,7740,224,19152,4290,264,4816,1271,80,,,,,,,100,100,0,5,100,100
161042,,,,,,,,,,,,,,,,,,,,,,,,,,,,,,,,,,,,,,,251554,,,,,,,,,,
161116,,,,,,,,,,,,,,,,,,,,,,,,,,,,,,,,,,,,,,,,321,,,,,,,,,
161365,,,,,,,,,,,,,,,,,,,,,,,,,,,,,,,,,,,,,,,,,57,,,,,,,,
161542,,,,,,,,,,,,,,,,,,,,,,,,,,,,,,,,,,,,,,,252336,,,,,,,,,,
161617,,,,,,,,,,,,,,,,,,,,,,,,,,,,,,,,,,,,,,,,322,,,,,,,,,
162001,57000,57000,54000,57000,50000,53500,55800,53,1.4025e+08,1.998e+06,2.035e+06,2.035e+06,2.003e+06,1.997e+06,1.997e+06,630078,898632,1.6e+09,8,19152,153,40,19144,765,12,4816,57,404,19160,7740,224,19152,4290,264,4808,1269,80,,,,,,,100,100,0,3,100,100
162042,,,,,,,,,,,,,,,,,,,,,,,,,,,,,,,,,,,,,,,253116,,,,,,,,,,
162118,,,,,,,,,,,,,,,,,,,,,,,,,,,,,,,,,,,,,,,,323,,,,,,,,,
162541,,,,,,,,,,,,,,,,,,,,,,,,,,,,,,,,,,,,,,,253898,,,,,,,,,,
162620,,,,,,,,,,,,,,,,,,,,,,,,,,,,,,,,,,,,,,,,324,,,,,,,,,
163000,57000,57000,54000,57000,50000,53500,55800,0,1.4025e+08,1.996e+06,2.034e+06,2.035e+06,1.997e+06,1.997e+06,1.997e+06,630078,898632,1.6e+09,8,19152,153,40,19144,765,12,4816,57,402,19160,7702,224,19152,4290,264,4816,1271,80,,,,,,,100,100,0,1.02041,100,100
163042,,,,,,,,,,,,,,,,,,,,,,,,,,,,,,,,,,,,,,,254678,,,,,,,,,,
163121,,,,,,,,,,,,,,,,,,,,,,,,,,,,,,,,,,,,,,,,325,,,,,,,,,
163504,,,,,,,,,,,,,,,,,,,,,,,,,,,,,,,,,,,,,,33,,,,,,,,,,,
163541,,,,,,,,,,,,,,,,,,,,,,,,,,,,,,,,,,,,,,,255458,,,,,,,,,,
163624,,,,,,,,,,,,,,,,,,,,,,,,,,,,,,,,,,,,,,,,326,,,,,,,,,
164001,57000,57000,54000,57000,50000,53750,55800,53,1.4025e+08,2.035e+06,2.034e+06,2.034e+06,2.035e+06,2.034e+06,2.035e+06,630078,917968,1.6e+09,8,19152,153,40,19144,765,12,4816,57,404,19160,7740,224,19152,4290,264,4816,1271,80,,,,,,,100,100,1,4.0404,100,100
164041,,,,,,,,,,,,,,,,,,,,,,,,,,,,,,,,,,,,,,,256240,,,,,,,,,,
164126,,,,,,,,,,,,,,,,,,,,,,,,,,,,,,,,,,,,,,,,327,,,,,,,,,
164195,,,,,,,,,,,,,,,,,,,,,,,,,,,,,,,,,,,,,,,,,58,,,,,,,,
164541,,,,,,,,,,,,,,,,,,,,,,,,,,,,,,,,,,,,,,,257023,,,,,,,,,,
164626,,,,,,,,,,,,,,,,,,,,,,,,,,,,,,,,,,,,,,,,328,,,,,,,,,
165000,57000,57000,54000,57000,50000,53500,55800,0,1.4025e+08,2.036e+06,2.033e+06,2.034e+06,2.037e+06,2.037e+06,2.036e+06,630078,909375,1.6e+09,8,19152,153,40,19144,765,12,4816,57,404,19160,7740,224,19152,4290,264,4816,1271,80,,,,,,,100,100,0,2.0202,100,100
165041,,,,,,,,,,,,,,,,,,,,,,,,,,,,,,,,,,,,,,,257809,,,,,,,,,,
165541,,,,,,,,,,,,,,,,,,,,,,,,,,,,,,,,,,,,,,,258589,,,,,,,,,,
165627,,,,,,,,,,,,,,,,,,,,,,,,,,,,,,,,,,,,,,,,330,,,,,,,,,
166001,57000,57000,54000,57000,50000,53500,55800,0,1.4025e+08,1.997e+06,2.035e+06,2.035e+06,1.996e+06,2.004e+06,1.997e+06,630078,898632,1.6e+09,8,19152,153,40,19144,765,12,4816,57,402,19160,7702,224,19152,4290,264,4816,1271,80,,,,,,,100,100,0,2.0202,100,100
166042,,,,,,,,,,,,,,,,,,,,,,,,,,,,,,,,,,,,,,,259371,,,,,,,,,,
166128,,,,,,,,,,,,,,,,,,,,,,,,,,,,,,,,,,,,,,,,331,,,,,,,,,
166541,,,,,,,,,,,,,,,,,,,,,,,,,,,,,,,,,,,,,,,260154,,,,,,,,,,
166631,,,,,,,,,,,,,,,,,,,,,,,,,,,,,,,,,,,,,,,,332,,,,,,,,,
167000,57000,57000,54000,57000,50000,53500,55800,0,1.4025e+08,1.998e+06,2.035e+06,2.035e+06,1.997e+06,1.997e+06,1.998e+06,630078,898632,1.6e+09,8,19152,153,40,19144,765,12,4816,57,404,19160,7740,224,19152,4290,264,4816,1271,80,,,,,,,100,100,0,4.08163,100,100
167026,,,,,,,,,,,,,,,,,,,,,,,,,,,,,,,,,,,,,,,,,59,,,,,,,,
167042,,,,,,,,,,,,,,,,,,,,,,,,,,,,,,,,,,,,,,,260934,,,,,,,,,,
167133,,,,,,,,,,,,,,,,,,,,,,,,,,,,,,,,,,,,,,,,333,,,,,,,,,
167541,,,,,,,,,,,,,,,,,,,,,,,,,,,,,,,,,,,,,,,261716,,,,,,,,,,
168003,57000,57000,54000,57000,50000,53750,55800,11,1.4025e+08,1.977e+06,2.035e+06,2.035e+06,1.98e+06,1.98e+06,1.978e+06,630078,887890,1.6e+09,8,19152,153,40,19144,765,8,4816,38,404,19160,7740,224,19152,4290,264,4816,1271,80,,,,,,,100,100,0,2,100,100
168041,,,,,,,,,,,,,,,,,,,,,,,,,,,,,,,,,,,,,,,262498,,,,,,,,,,
168133,,,,,,,,,,,,,,,,,,,,,,,,,,,,,,,,,,,,,,,,335,,,,,,,,,
168449,,,,,,,,,,,,,,,,,,,,,,,,,,,,,,,,,,,,,,34,,,,,,,,,,,
168541,,,,,,,,,,,,,,,,,,,,,,,,,,,,,,,,,,,,,,,263280,,,,,,,,,,
168635,,,,,,,,,,,,,,,,,,,,,,,,,,,,,,,,,,,,,,,,336,,,,,,,,,
169000,57000,57000,54000,57000,50000,53750,55800,0,1.4025e+08,2.035e+06,2.034e+06,2.034e+06,2.033e+06,2.035e+06,2.035e+06,630078,909375,1.6e+09,8,19152,153,40,19144,765,12,4816,57,404,19160,7740,224,19152,4290,264,4816,1271,80,,,,,,,100,100,0,0,100,100
169041,,,,,,,,,,,,,,,,,,,,,,,,,,,,,,,,,,,,,,,264063,,,,,,,,,,
169135,,,,,,,,,,,,,,,,,,,,,,,,,,,,,,,,,,,,,,,,337,,,,,,,,,
169541,,,,,,,,,,,,,,,,,,,,,,,,,,,,,,,,,,,,,,,264842,,,,,,,,,,
169639,,,,,,,,,,,,,,,,,,,,,,,,,,,,,,,,,,,,,,,,338,,,,,,,,,
169854,,,,,,,,,,,,,,,,,,,,,,,,,,,,,,,,,,,,,,,,,60,,,,,,,,
170000,57000,57000,54000,57000,50000,53750,55800,0,1.4025e+08,2.034e+06,2.036e+06,2.035e+06,2.035e+06,2.039e+06,2.036e+06,630078,909375,1.6e+09,8,19152,153,40,19144,765,12,4816,57,404,19160,7740,224,19152,4290,264,4816,1271,80,,,,,,,100,100,0.990099,4,100,100
170041,,,,,,,,,,,,,,,,,,,,,,,,,,,,,,,,,,,,,,,265625,,,,,,,,,,
170139,,,,,,,,,,,,,,,,,,,,,,,,,,,,,,,,,,,,,,,,339,,,,,,,,,
170542,,,,,,,,,,,,,,,,,,,,,,,,,,,,,,,,,,,,,,,266408,,,,,,,,,,
170639,,,,,,,,,,,,,,,,,,,,,,,,,,,,,,,,,,,,,,,,340,,,,,,,,,
171001,57000,57000,54000,57000,50000,53750,55800,0,1.4025e+08,1.999e+06,2.034e+06,2.034e+06,1.997e+06,1.998e+06,1.997e+06,630078,898632,1.6e+09,8,19152,153,40,19144,765,12,4816,57,402,19160,7702,224,19152,4290,264,4816,1271,80,,,,,,,100,100,0,2.04082,100,100
171041,,,,,,,,,,,,,,,,,,,,,,,,,,,,,,,,,,,,,,,267188,,,,,,,,,,
171142,,,,,,,,,,,,,,,,,,,,,,,,,,,,,,,,,,,,,,,,341,,,,,,,,,
171541,,,,,,,,,,,,,,,,,,,,,,,,,,,,,,,,,,,,,,,267969,,,,,,,,,,
171643,,,,,,,,,,,,,,,,,,,,,,,,,,,,,,,,,,,,,,,,342,,,,,,,,,
172000,57000,57000,54000,57000,50000,53750,55800,0,1.4025e+08,1.998e+06,2.033e+06,2.035e+06,1.997e+06,1.996e+06,1.997e+06,630078,898632,1.6e+09,8,19152,153,40,19144,765,12,4816,57,402,19160,7702,224,19152,4290,264,4816,1271,80,,,,,,,100,100,0,1.02041,100,100
172041,,,,,,,,,,,,,,,,,,,,,,,,,,,,,,,,,,,,,,,268748,,,,,,,,,,
172144,,,,,,,,,,,,,,,,,,,,,,,,,,,,,,,,,,,,,,,,343,,,,,,,,,
172541,,,,,,,,,,,,,,,,,,,,,,,,,,,,,,,,,,,,,,,269529,,,,,,,,,,
172648,,,,,,,,,,,,,,,,,,,,,,,,,,,,,,,,,,,,,,,,344,,,,,,,,,
172685,,,,,,,,,,,,,,,,,,,,,,,,,,,,,,,,,,,,,,,,,61,,,,,,,,
173001,57000,57000,54000,57000,50000,53750,55800,0,1.4025e+08,1.998e+06,2.035e+06,2.034e+06,1.998e+06,1.998e+06,1.998e+06,630078,898632,1.6e+09,8,19152,153,40,19144,765,8,4816,38,404,19160,7740,224,19152,4290,264,4816,1271,80,,,,,,,100,100,0,4.0404,100,100
173041,,,,,,,,,,,,,,,,,,,,,,,,,,,,,,,,,,,,,,,270311,,,,,,,,,,
173150,,,,,,,,,,,,,,,,,,,,,,,,,,,,,,,,,,,,,,,,345,,,,,,,,,
173404,,,,,,,,,,,,,,,,,,,,,,,,,,,,,,,,,,,,,,35,,,,,,,,,,,
173541,,,,,,,,,,,,,,,,,,,,,,,,,,,,,,,,,,,,,,,271088,,,,,,,,,,
173653,,,,,,,,,,,,,,,,,,,,,,,,,,,,,,,,,,,,,,,,346,,,,,,,,,
174000,57000,57000,54000,57000,50000,53750,55800,0,1.4025e+08,1.997e+06,2.035e+06,2.034e+06,1.997e+06,1.997e+06,1.997e+06,630078,898632,1.6e+09,8,19152,153,40,19144,765,12,4816,57,404,19160,7740,224,19152,4290,264,4816,1271,80,,,,,,,100,100,0,4,100,100
174041,,,,,,,,,,,,,,,,,,,,,,,,,,,,,,,,,,,,,,,271866,,,,,,,,,,
174156,,,,,,,,,,,,,,,,,,,,,,,,,,,,,,,,,,,,,,,,347,,,,,,,,,
174541,,,,,,,,,,,,,,,,,,,,,,,,,,,,,,,,,,,,,,,272649,,,,,,,,,,
175001,57000,57000,54000,57000,50000,53750,55800,0,1.4025e+08,1.997e+06,2.036e+06,2.034e+06,1.996e+06,1.998e+06,1.998e+06,630078,898632,1.6e+09,8,19152,153,40,19144,765,12,4816,57,404,19160,7740,224,19152,4290,264,4816,1271,80,,,,,,,100,100,0,1.03093,100,100
175041,,,,,,,,,,,,,,,,,,,,,,,,,,,,,,,,,,,,,,,273429,,,,,,,,,,
175157,,,,,,,,,,,,,,,,,,,,,,,,,,,,,,,,,,,,,,,,349,,,,,,,,,
175516,,,,,,,,,,,,,,,,,,,,,,,,,,,,,,,,,,,,,,,,,62,,,,,,,,
175541,,,,,,,,,,,,,,,,,,,,,,,,,,,,,,,,,,,,,,,274208,,,,,,,,,,
175661,,,,,,,,,,,,,,,,,,,,,,,,,,,,,,,,,,,,,,,,350,,,,,,,,,
176000,57000,57000,54000,57000,50000,53750,55800,0,1.4025e+08,1.996e+06,2.035e+06,2.034e+06,1.996e+06,1.999e+06,1.998e+06,630078,898632,1.6e+09,8,19152,153,40,19144,765,12,4816,57,402,19160,7702,224,19152,4290,264,4816,1271,80,,,,,,,100,100,0.990099,3.06122,100,100
176041,,,,,,,,,,,,,,,,,,,,,,,,,,,,,,,,,,,,,,,274987,,,,,,,,,,
176163,,,,,,,,,,,,,,,,,,,,,,,,,,,,,,,,,,,,,,,,351,,,,,,,,,
176541,,,,,,,,,,,,,,,,,,,,,,,,,,,,,,,,,,,,,,,275768,,,,,,,,,,
176665,,,,,,,,,,,,,,,,,,,,,,,,,,,,,,,,,,,,,,,,352,,,,,,,,,
177001,57000,57000,54000,57000,50000,53750,55800,0,1.4025e+08,1.996e+06,2.034e+06,2.036e+06,1.999e+06,1.998e+06,1.997e+06,630078,898632,1.6e+09,8,19152,153,40,19144,765,12,4816,57,402,19160,7702,224,19152,4290,264,4816,1271,80,,,,,,,100,100,0,2.0202,100,100
177041,,,,,,,,,,,,,,,,,,,,,,,,,,,,,,,,,,,,,,,276550,,,,,,,,,,
177167,,,,,,,,,,,,,,,,,,,,,,,,,,,,,,,,,,,,,,,,353,,,,,,,,,
177541,,,,,,,,,,,,,,,,,,,,,,,,,,,,,,,,,,,,,,,277330,,,,,,,,,,
177667,,,,,,,,,,,,,,,,,,,,,,,,,,,,,,,,,,,,,,,,354,,,,,,,,,
178000,57000,57000,54000,57000,50000,53750,55800,0,1.4025e+08,1.997e+06,2.034e+06,2.035e+06,1.998e+06,1.997e+06,1.996e+06,630078,898632,1.6e+09,8,19152,153,40,19144,765,12,4816,57,404,19160,7740,224,19152,4290,264,4816,1271,80,,,,,,,100,100,0,1.03093,100,100
178041,,,,,,,,,,,,,,,,,,,,,,,,,,,,,,,,,,,,,,,278112,,,,,,,,,,
178169,,,,,,,,,,,,,,,,,,,,,,,,,,,,,,,,,,,,,,,,355,,,,,,,,,
178343,,,,,,,,,,,,,,,,,,,,,,,,,,,,,,,,,,,,,,,,,63,,,,,,,,
178357,,,,,,,,,,,,,,,,,,,,,,,,,,,,,,,,,,,,,,36,,,,,,,,,,,
178541,,,,,,,,,,,,,,,,,,,,,,,,,,,,,,,,,,,,,,,278896,,,,,,,,,,
178671,,,,,,,,,,,,,,,,,,,,,,,,,,,,,,,,,,,,,,,,356,,,,,,,,,
179000,57000,57000,54000,57000,50000,53750,55800,0,1.4025e+08,1.997e+06,2.035e+06,2.034e+06,1.996e+06,1.999e+06,1.997e+06,630078,898632,1.6e+09,8,19152,153,40,19144,765,12,4816,57,404,19160,7740,224,19152,4290,264,4816,1271,80,,,,,,,100,100,0,5.94059,100,100
179041,,,,,,,,,,,,,,,,,,,,,,,,,,,,,,,,,,,,,,,279675,,,,,,,,,,
179172,,,,,,,,,,,,,,,,,,,,,,,,,,,,,,,,,,,,,,,,357,,,,,,,,,
179541,,,,,,,,,,,,,,,,,,,,,,,,,,,,,,,,,,,,,,,280456,,,,,,,,,,
179673,,,,,,,,,,,,,,,,,,,,,,,,,,,,,,,,,,,,,,,,358,,,,,,,,,
180000,57000,57000,54500,57000,50000,53750,55800,0,1.4025e+08,2.035e+06,2.035e+06,2.035e+06,2.035e+06,2.035e+06,2.035e+06,630078,917968,1.6e+09,8,19152,153,40,19144,765,12,4816,57,402,19160,7702,224,19152,4290,264,4816,1271,80,,,,,,,100,100,0,3.92157,100,100
