# Started at: 2022-05-02 17:31:16 +0000, Version: v0.1-177-gf3f14d1, Generated by: thermobench --verbose --fan-cmd=fan --fan-on=0 --time=180 --wait=50 --wait-timeout=60 --sensors_file=/root/thermobench/src/sensors.imx8 --cpu-usage --column=CPU0_work_done --column=CPU1_work_done --column=CPU2_work_done --column=CPU3_work_done --column=CPU4_work_done --column=CPU5_work_done --output=/root/JSA/lr_experiment/measurements/imx8a//12_0_0_0_29_15.json.yaml.csv -- demos-sched -p high -c /root/JSA/lr_experiment/demos_configurations/imx8a//12_0_0_0_29_15.json.yaml
time/ms,CPU_0_temp/m°C,CPU_1_temp/m°C,GPU_0_temp/m°C,GPU_1_temp/m°C,DRC_temp/m°C,PMIC_temp/m°C,Cortex_A53_0_freq/Hz,Cortex_A53_1_freq/Hz,Cortex_A53_2_freq/Hz,Cortex_A53_3_freq/Hz,Cortex_A72_0_freq/Hz,Cortex_A72_1_freq/Hz,ambient,energy,cam_cpu,cam_mem,heat_sources,CPU0_work_done,CPU1_work_done,CPU2_work_done,CPU3_work_done,CPU4_work_done,CPU5_work_done,CPU0_load/%,CPU1_load/%,CPU2_load/%,CPU3_load/%,CPU4_load/%,CPU5_load/%
1.12553,49100,50500,50500,48500,49100,70000,600000,600000,600000,600000,1.056e+06,1.056e+06,,,,,,,,,,,,50,0,0,0,50,0
160.042,,,,,,,,,,,,,,,,,,,,,,0,,,,,,,
318.911,,,,,,,,,,,,,,,,,,,,,,,1,,,,,,
661.945,,,,,,,,,,,,,,,,,,,,,,180,,,,,,,
824.509,,,,,,,,,,,,,,,,,,,,,,,7,,,,,,
994.106,49700,51700,50900,48900,49500,70000,1.2e+06,1.2e+06,1.2e+06,1.2e+06,1.596e+06,1.596e+06,26.67,165807.090,,,,,,,,,,86,7.07071,3.06122,5.05051,86.1386,85.7143
1163.54,,,,,,,,,,,,,,,,,,,,,,360,,,,,,,
1330.27,,,,,,,,,,,,,,,,,,,,,,,13,,,,,,
1664.88,,,,,,,,,,,,,,,,,,,,,,540,,,,,,,
1667.33,,,,,,,,,,,,,,,,,,,,,,,17,,,,,,
1836.25,,,,,,,,,,,,,,,,,,,,,,,19,,,,,,
1993.54,49700,51700,50700,48900,49500,70000,1.2e+06,1.2e+06,1.2e+06,1.2e+06,1.596e+06,1.596e+06,,165815.526,,,,,,,,,,100,0,1.9802,0.990099,100,100
2166.47,,,,,,,,,,,,,,,,,,,,,,720,,,,,,,
2173.47,,,,,,,,,,,,,,,,,,,,,,,23,,,,,,
2667.83,,,,,,,,,,,,,,,,,,,,,,900,,,,,,,
2679.06,,,,,,,,,,,,,,,,,,,,,,,29,,,,,,
2993.39,49900,51700,50500,48900,49900,70000,1.2e+06,1.2e+06,1.2e+06,1.2e+06,1.596e+06,1.596e+06,,165823.886,,,,,,,,,,100,0,0,0,100,100
3169.27,,,,,,,,,,,,,,,,,,,,,,1080,,,,,,,
3184.82,,,,,,,,,,,,,,,,,,,,,,,35,,,,,,
3670.51,,,,,,,,,,,,,,,,,,,,,,1260,,,,,,,
3690.41,,,,,,,,,,,,,,,,,,,,,,,41,,,,,,
3994.08,49700,51700,50500,48900,49700,70000,1.2e+06,1.2e+06,1.2e+06,1.2e+06,1.596e+06,1.596e+06,,165832.341,,,,,,,,,,100,0,1,0,100,100
4172,,,,,,,,,,,,,,,,,,,,,,1440,,,,,,,
4196.16,,,,,,,,,,,,,,,,,,,,,,,47,,,,,,
4673.3,,,,,,,,,,,,,,,,,,,,,,1620,,,,,,,
4701.7,,,,,,,,,,,,,,,,,,,,,,,53,,,,,,
4993.89,49700,51900,50500,49100,49900,70000,1.2e+06,1.2e+06,1.2e+06,1.2e+06,1.596e+06,1.596e+06,,165840.709,,,,,,,,,,100,0.990099,1,0,100,100
5174.8,,,,,,,,,,,,,,,,,,,,,,1800,,,,,,,
5207.42,,,,,,,,,,,,,,,,,,,,,,,59,,,,,,
5676.11,,,,,,,,,,,,,,,,,,,,,,1980,,,,,,,
5712.99,,,,,,,,,,,,,,,,,,,,,,,65,,,,,,
5993.69,49900,51900,50900,48900,49500,70000,1.2e+06,1.2e+06,1.2e+06,1.2e+06,1.596e+06,1.596e+06,,165849.162,,,,,,,,,,100,0,1,0,100,100
6177.61,,,,,,,,,,,,,,,,,,,,,,2160,,,,,,,
6218.72,,,,,,,,,,,,,,,,,,,,,,,71,,,,,,
6678.9,,,,,,,,,,,,,,,,,,,,,,2340,,,,,,,
6993.47,50300,52300,50900,49300,49900,70000,1.2e+06,1.2e+06,1.2e+06,1.2e+06,1.596e+06,1.596e+06,,165857.619,,,,,,,,,,100,0,1,0,100,100
7180.36,,,,,,,,,,,,,,,,,,,,,,2520,,,,,,,
7314.29,,,,,,,,,,,,,,,,,,,,,,,84,,,,,,
7681.62,,,,,,,,,,,,,,,,,,,,,,2700,,,,,,,
7819.9,,,,,,,,,,,,,,,,,,,,,,,90,,,,,,
7993.53,50100,52300,50900,49300,49900,70000,1.2e+06,1.2e+06,1.2e+06,1.2e+06,1.596e+06,1.596e+06,,165865.996,,,,,,,,,,100,0,0,0,100,100
8183.11,,,,,,,,,,,,,,,,,,,,,,2880,,,,,,,
8325.61,,,,,,,,,,,,,,,,,,,,,,,96,,,,,,
8684.39,,,,,,,,,,,,,,,,,,,,,,3060,,,,,,,
8831.2,,,,,,,,,,,,,,,,,,,,,,,102,,,,,,
8993.88,50300,52100,51300,49500,50100,70000,1.2e+06,1.2e+06,1.2e+06,1.2e+06,1.596e+06,1.596e+06,,165874.463,,,,,,,,,,100,0,1.9802,0,100,100
9185.8,,,,,,,,,,,,,,,,,,,,,,3240,,,,,,,
9336.96,,,,,,,,,,,,,,,,,,,,,,,108,,,,,,
9687.12,,,,,,,,,,,,,,,,,,,,,,3420,,,,,,,
9842.53,,,,,,,,,,,,,,,,,,,,,,,114,,,,,,
9993.43,50500,52300,51300,49500,50100,70000,1.2e+06,1.2e+06,1.2e+06,1.2e+06,1.596e+06,1.596e+06,,165882.847,,,,,,,,,,100,1,0,0,100,100
10188.5,,,,,,,,,,,,,,,,,,,,,,3600,,,,,,,
10348.3,,,,,,,,,,,,,,,,,,,,,,,120,,,,,,
10689.8,,,,,,,,,,,,,,,,,,,,,,3780,,,,,,,
10853.8,,,,,,,,,,,,,,,,,,,,,,,126,,,,,,
10993.9,50500,52500,51300,49700,50100,70000,1.2e+06,1.2e+06,1.2e+06,1.2e+06,1.596e+06,1.596e+06,26.67,165891.318,,,,,,,,,,100,0,1,0,100,100
11191.3,,,,,,,,,,,,,,,,,,,,,,3960,,,,,,,
11359.6,,,,,,,,,,,,,,,,,,,,,,,132,,,,,,
11692.6,,,,,,,,,,,,,,,,,,,,,,4140,,,,,,,
11696.6,,,,,,,,,,,,,,,,,,,,,,,136,,,,,,
11865.1,,,,,,,,,,,,,,,,,,,,,,,138,,,,,,
11993.6,50500,52500,51300,49700,50300,70000,1.2e+06,1.2e+06,1.2e+06,1.2e+06,1.596e+06,1.596e+06,,165899.778,,,,,,,,,,100,0.990099,0.990099,0,100,100
12194.1,,,,,,,,,,,,,,,,,,,,,,4320,,,,,,,
12202.3,,,,,,,,,,,,,,,,,,,,,,,142,,,,,,
12421.8,,,,,,,,,,,,,,,,,,1,,,,,,,,,,,
12455.1,,,,,,,,,,,,,,,,,,,,,,,145,,,,,,
12695.4,,,,,,,,,,,,,,,,,,,,,,4500,,,,,,,
12707.9,,,,,,,,,,,,,,,,,,,,,,,148,,,,,,
12993.8,50500,52500,51500,49700,50500,70000,1.2e+06,1.2e+06,1.2e+06,1.2e+06,1.596e+06,1.596e+06,,165908.183,,,,,,,,,,100,1,0,0,100,100
13196.9,,,,,,,,,,,,,,,,,,,,,,4680,,,,,,,
13213.7,,,,,,,,,,,,,,,,,,,,,,,154,,,,,,
13698.1,,,,,,,,,,,,,,,,,,,,,,4860,,,,,,,
13719.2,,,,,,,,,,,,,,,,,,,,,,,160,,,,,,
13994.1,50700,52800,51500,49900,50700,70000,1.2e+06,1.2e+06,1.2e+06,1.2e+06,1.596e+06,1.596e+06,,165916.686,,,,,,,,,,100,1,1.9802,0,100,100
14199.5,,,,,,,,,,,,,,,,,,,,,,5040,,,,,,,
14224.9,,,,,,,,,,,,,,,,,,,,,,,166,,,,,,
14700.8,,,,,,,,,,,,,,,,,,,,,,5220,,,,,,,
14730.5,,,,,,,,,,,,,,,,,,,,,,,172,,,,,,
14993.4,50900,52800,51700,49700,50700,70000,1.2e+06,1.2e+06,1.2e+06,1.2e+06,1.596e+06,1.596e+06,,165925.109,,,,,,,,,,100,0,1,0,100,100
15202.2,,,,,,,,,,,,,,,,,,,,,,5400,,,,,,,
15236.2,,,,,,,,,,,,,,,,,,,,,,,178,,,,,,
15703.5,,,,,,,,,,,,,,,,,,,,,,5580,,,,,,,
15741.8,,,,,,,,,,,,,,,,,,,,,,,184,,,,,,
15993.5,50900,53000,52100,50100,50700,70000,1.2e+06,1.2e+06,1.2e+06,1.2e+06,1.596e+06,1.596e+06,,165933.608,,,,,,,,,,100,0,0,0,100,100
16205,,,,,,,,,,,,,,,,,,,,,,5760,,,,,,,
16247.6,,,,,,,,,,,,,,,,,,,,,,,190,,,,,,
16706.3,,,,,,,,,,,,,,,,,,,,,,5940,,,,,,,
16837.4,,,,,,,,,,,,,,,,,,,,,,,197,,,,,,
16994.3,51300,53000,52100,50100,50700,70000,1.2e+06,1.2e+06,1.2e+06,1.2e+06,1.596e+06,1.596e+06,,165942.031,,,,,,,,,,100,0,1.9802,0.990099,100,100
17207.7,,,,,,,,,,,,,,,,,,,,,,6120,,,,,,,
17343.1,,,,,,,,,,,,,,,,,,,,,,,203,,,,,,
17709,,,,,,,,,,,,,,,,,,,,,,6300,,,,,,,
17848.6,,,,,,,,,,,,,,,,,,,,,,,209,,,,,,
17994,51300,52800,52100,50100,50900,70000,1.2e+06,1.2e+06,1.2e+06,1.2e+06,1.596e+06,1.596e+06,,165950.554,,,,,,,,,,100,0,1,1,100,100
18210.4,,,,,,,,,,,,,,,,,,,,,,6480,,,,,,,
18354.3,,,,,,,,,,,,,,,,,,,,,,,215,,,,,,
18711.9,,,,,,,,,,,,,,,,,,,,,,6660,,,,,,,
18859.7,,,,,,,,,,,,,,,,,,,,,,,221,,,,,,
18994,51300,53200,52500,50500,51100,70000,1.2e+06,1.2e+06,1.2e+06,1.2e+06,1.596e+06,1.596e+06,,165958.982,,,,,,,,,,100,0.990099,0,0,100,100
19213.5,,,,,,,,,,,,,,,,,,,,,,6840,,,,,,,
19365.3,,,,,,,,,,,,,,,,,,,,,,,227,,,,,,
19714.8,,,,,,,,,,,,,,,,,,,,,,7020,,,,,,,
19870.8,,,,,,,,,,,,,,,,,,,,,,,233,,,,,,
19993.8,51300,53400,52300,50900,51100,70000,1.2e+06,1.2e+06,1.2e+06,1.2e+06,1.596e+06,1.596e+06,,165967.506,,,,,,,,,,100,0,0.990099,0,100,100
20216.3,,,,,,,,,,,,,,,,,,,,,,7200,,,,,,,
20376.4,,,,,,,,,,,,,,,,,,,,,,,239,,,,,,
20717.7,,,,,,,,,,,,,,,,,,,,,,7380,,,,,,,
20881.8,,,,,,,,,,,,,,,,,,,,,,,245,,,,,,
20993.8,51700,53200,52300,50500,51100,70000,1.2e+06,1.2e+06,1.2e+06,1.2e+06,1.596e+06,1.596e+06,26.659,165975.941,,,,,,,,,,100,0,0,0,100,100
21219.4,,,,,,,,,,,,,,,,,,,,,,7560,,,,,,,
21387.4,,,,,,,,,,,,,,,,,,,,,,,251,,,,,,
21720.8,,,,,,,,,,,,,,,,,,,,,,7740,,,,,,,
21724.3,,,,,,,,,,,,,,,,,,,,,,,255,,,,,,
21892.8,,,,,,,,,,,,,,,,,,,,,,,257,,,,,,
21993.8,51700,53400,52300,50900,51300,70000,1.2e+06,1.2e+06,1.2e+06,1.2e+06,1.596e+06,1.596e+06,,165984.451,,,,,,,,,,100,0,1.9802,0,100,99.0099
22222.3,,,,,,,,,,,,,,,,,,,,,,7920,,,,,,,
22229.9,,,,,,,,,,,,,,,,,,,,,,,261,,,,,,
22723.8,,,,,,,,,,,,,,,,,,,,,,8100,,,,,,,
22735.3,,,,,,,,,,,,,,,,,,,,,,,267,,,,,,
22994.1,51700,53400,52500,50500,51300,70000,1.2e+06,1.2e+06,1.2e+06,1.2e+06,1.596e+06,1.596e+06,,165992.898,,,,,,,,,,100,1,1.96078,0,100,100
23225.4,,,,,,,,,,,,,,,,,,,,,,8280,,,,,,,
23240.9,,,,,,,,,,,,,,,,,,,,,,,273,,,,,,
23726.8,,,,,,,,,,,,,,,,,,,,,,8460,,,,,,,
23746.3,,,,,,,,,,,,,,,,,,,,,,,279,,,,,,
23993.8,51500,53600,52800,50900,51500,70000,1.2e+06,1.2e+06,1.2e+06,1.2e+06,1.596e+06,1.596e+06,,166001.421,,,,,,,,,,100,0.990099,0,0,100,100
24228.3,,,,,,,,,,,,,,,,,,,,,,8640,,,,,,,
24251.9,,,,,,,,,,,,,,,,,,,,,,,285,,,,,,
24579,,,,,,,,,,,,,,,,,,2,,,,,,,,,,,
24588.8,,,,,,,,,,,,,,,,,,,,,,,289,,,,,,
24729.7,,,,,,,,,,,,,,,,,,,,,,8820,,,,,,,
24757.3,,,,,,,,,,,,,,,,,,,,,,,291,,,,,,
24993.7,51700,53600,52500,50900,51500,70000,1.2e+06,1.2e+06,1.2e+06,1.2e+06,1.596e+06,1.596e+06,,166009.867,,,,,,,,,,100,0,1,0,100,100
25231.2,,,,,,,,,,,,,,,,,,,,,,9000,,,,,,,
25262.9,,,,,,,,,,,,,,,,,,,,,,,297,,,,,,
25732.6,,,,,,,,,,,,,,,,,,,,,,9180,,,,,,,
25768.3,,,,,,,,,,,,,,,,,,,,,,,303,,,,,,
25993.8,51700,53800,52500,51100,51500,70000,1.2e+06,1.2e+06,1.2e+06,1.2e+06,1.596e+06,1.596e+06,,166018.383,,,,,,,,,,100,0,1.9802,0,100,100
26234.1,,,,,,,,,,,,,,,,,,,,,,9360,,,,,,,
26273.9,,,,,,,,,,,,,,,,,,,,,,,309,,,,,,
26735.5,,,,,,,,,,,,,,,,,,,,,,9540,,,,,,,
26779.3,,,,,,,,,,,,,,,,,,,,,,,315,,,,,,
26993.7,52100,53800,52600,51100,51900,70000,1.2e+06,1.2e+06,1.2e+06,1.2e+06,1.596e+06,1.596e+06,,166026.843,,,,,,,,,,100,0,0.990099,0,100,100
27237,,,,,,,,,,,,,,,,,,,,,,9720,,,,,,,
27369.1,,,,,,,,,,,,,,,,,,,,,,,322,,,,,,
27738.3,,,,,,,,,,,,,,,,,,,,,,9900,,,,,,,
27874.6,,,,,,,,,,,,,,,,,,,,,,,328,,,,,,
27993.9,51900,54000,52800,51100,51700,70000,1.2e+06,1.2e+06,1.2e+06,1.2e+06,1.596e+06,1.596e+06,,166035.374,,,,,,,,,,100,1,0,0,100,100
28239.8,,,,,,,,,,,,,,,,,,,,,,10080,,,,,,,
28380.1,,,,,,,,,,,,,,,,,,,,,,,334,,,,,,
28741.2,,,,,,,,,,,,,,,,,,,,,,10260,,,,,,,
28885.6,,,,,,,,,,,,,,,,,,,,,,,340,,,,,,
28993.9,52300,54000,53200,51500,51900,70000,1.2e+06,1.2e+06,1.2e+06,1.2e+06,1.596e+06,1.596e+06,,166043.839,,,,,,,,,,100,1,0.990099,1,100,100
29242.8,,,,,,,,,,,,,,,,,,,,,,10440,,,,,,,
29391.2,,,,,,,,,,,,,,,,,,,,,,,346,,,,,,
29744.1,,,,,,,,,,,,,,,,,,,,,,10620,,,,,,,
29896.6,,,,,,,,,,,,,,,,,,,,,,,352,,,,,,
29994,52300,54000,53000,51300,51900,70000,1.2e+06,1.2e+06,1.2e+06,1.2e+06,1.596e+06,1.596e+06,,166052.379,,,,,,,,,,100,0,0,0,100,100
30245.6,,,,,,,,,,,,,,,,,,,,,,10800,,,,,,,
30402.2,,,,,,,,,,,,,,,,,,,,,,,358,,,,,,
30747,,,,,,,,,,,,,,,,,,,,,,10980,,,,,,,
30907.6,,,,,,,,,,,,,,,,,,,,,,,364,,,,,,
30994,52300,54200,53200,51300,52100,70000,1.2e+06,1.2e+06,1.2e+06,1.2e+06,1.596e+06,1.596e+06,26.649,166060.834,,,,,,,,,,100,1,0,0,100,100
31248.5,,,,,,,,,,,,,,,,,,,,,,11160,,,,,,,
31413.2,,,,,,,,,,,,,,,,,,,,,,,370,,,,,,
31749.8,,,,,,,,,,,,,,,,,,,,,,11340,,,,,,,
31750.1,,,,,,,,,,,,,,,,,,,,,,,374,,,,,,
31918.6,,,,,,,,,,,,,,,,,,,,,,,376,,,,,,
31994.1,52300,54200,53400,51500,52100,70000,1.2e+06,1.2e+06,1.2e+06,1.2e+06,1.596e+06,1.596e+06,,166069.299,,,,,,,,,,100,0,0.990099,0,100,100
32251.3,,,,,,,,,,,,,,,,,,,,,,11520,,,,,,,
32255.7,,,,,,,,,,,,,,,,,,,,,,,380,,,,,,
32424.2,,,,,,,,,,,,,,,,,,,,,,,382,,,,,,
32752.8,,,,,,,,,,,,,,,,,,,,,,11700,,,,,,,
32761.1,,,,,,,,,,,,,,,,,,,,,,,386,,,,,,
32994,52500,54400,53400,51700,52100,70000,1.2e+06,1.2e+06,1.2e+06,1.2e+06,1.596e+06,1.596e+06,,166077.838,,,,,,,,,,100,1.9802,0,0,100,100
33254.3,,,,,,,,,,,,,,,,,,,,,,11880,,,,,,,
33266.7,,,,,,,,,,,,,,,,,,,,,,,392,,,,,,
33755.6,,,,,,,,,,,,,,,,,,,,,,12060,,,,,,,
33772.1,,,,,,,,,,,,,,,,,,,,,,,398,,,,,,
33993.9,52500,54800,53600,51900,52300,70000,1.2e+06,1.2e+06,1.2e+06,1.2e+06,1.596e+06,1.596e+06,,166086.304,,,,,,,,,,100,1.0101,0.990099,0,100,100
34257.1,,,,,,,,,,,,,,,,,,,,,,12240,,,,,,,
34277.7,,,,,,,,,,,,,,,,,,,,,,,404,,,,,,
34758.4,,,,,,,,,,,,,,,,,,,,,,12420,,,,,,,
34783.1,,,,,,,,,,,,,,,,,,,,,,,410,,,,,,
34993.7,52500,54400,53600,51700,52300,70000,1.2e+06,1.2e+06,1.2e+06,1.2e+06,1.596e+06,1.596e+06,,166094.850,,,,,,,,,,100,0,0,0,100,100
35260,,,,,,,,,,,,,,,,,,,,,,12600,,,,,,,
35288.7,,,,,,,,,,,,,,,,,,,,,,,416,,,,,,
35761.4,,,,,,,,,,,,,,,,,,,,,,12780,,,,,,,
35794.1,,,,,,,,,,,,,,,,,,,,,,,422,,,,,,
35993.6,52600,54800,53600,51700,52300,70000,1.2e+06,1.2e+06,1.2e+06,1.2e+06,1.596e+06,1.596e+06,,166103.326,,,,,,,,,,100,1.9802,0,0,100,100
36262.8,,,,,,,,,,,,,,,,,,,,,,12960,,,,,,,
36299.7,,,,,,,,,,,,,,,,,,,,,,,428,,,,,,
36732.9,,,,,,,,,,,,,,,,,,3,,,,,,,,,,,
36764.1,,,,,,,,,,,,,,,,,,,,,,13140,,,,,,,
36805.1,,,,,,,,,,,,,,,,,,,,,,,434,,,,,,
36993.4,52600,54600,53600,51900,52300,70000,1.2e+06,1.2e+06,1.2e+06,1.2e+06,1.596e+06,1.596e+06,,166111.889,,,,,,,,,,100,1,0.990099,0,100,100
37265.6,,,,,,,,,,,,,,,,,,,,,,13320,,,,,,,
37767,,,,,,,,,,,,,,,,,,,,,,13500,,,,,,,
37900.3,,,,,,,,,,,,,,,,,,,,,,,447,,,,,,
37994.3,52800,54600,53600,51900,52300,70000,1.2e+06,1.2e+06,1.2e+06,1.2e+06,1.596e+06,1.596e+06,,166120.356,,,,,,,,,,100,0,0,0,100,100
38268.5,,,,,,,,,,,,,,,,,,,,,,13680,,,,,,,
38406,,,,,,,,,,,,,,,,,,,,,,,453,,,,,,
38769.8,,,,,,,,,,,,,,,,,,,,,,13860,,,,,,,
38911.4,,,,,,,,,,,,,,,,,,,,,,,459,,,,,,
38994.1,52800,54600,53600,51700,52500,70000,1.2e+06,1.2e+06,1.2e+06,1.2e+06,1.596e+06,1.596e+06,,166128.913,,,,,,,,,,100,1,0.990099,0,100,100
39271.4,,,,,,,,,,,,,,,,,,,,,,14040,,,,,,,
39417,,,,,,,,,,,,,,,,,,,,,,,465,,,,,,
39772.8,,,,,,,,,,,,,,,,,,,,,,14220,,,,,,,
39922.4,,,,,,,,,,,,,,,,,,,,,,,471,,,,,,
39994,52800,54400,53600,51700,52600,70000,1.2e+06,1.2e+06,1.2e+06,1.2e+06,1.596e+06,1.596e+06,,166137.481,,,,,,,,,,100,1,0,0,100,100
40274.3,,,,,,,,,,,,,,,,,,,,,,14400,,,,,,,
40428,,,,,,,,,,,,,,,,,,,,,,,477,,,,,,
40775.7,,,,,,,,,,,,,,,,,,,,,,14580,,,,,,,
40933.4,,,,,,,,,,,,,,,,,,,,,,,483,,,,,,
40993.4,52800,54800,53800,52100,52600,70000,1.2e+06,1.2e+06,1.2e+06,1.2e+06,1.596e+06,1.596e+06,26.649,166145.949,,,,,,,,,,100,1,0,1,100,100
41277.2,,,,,,,,,,,,,,,,,,,,,,14760,,,,,,,
41439,,,,,,,,,,,,,,,,,,,,,,,489,,,,,,
41778.5,,,,,,,,,,,,,,,,,,,,,,14940,,,,,,,
41944.4,,,,,,,,,,,,,,,,,,,,,,,495,,,,,,
41994.2,52800,54800,54000,52100,52500,70000,1.2e+06,1.2e+06,1.2e+06,1.2e+06,1.596e+06,1.596e+06,,166154.515,,,,,,,,,,100,1,1,0,100,100
42280,,,,,,,,,,,,,,,,,,,,,,15120,,,,,,,
42281.5,,,,,,,,,,,,,,,,,,,,,,,499,,,,,,
42450,,,,,,,,,,,,,,,,,,,,,,,501,,,,,,
42781.4,,,,,,,,,,,,,,,,,,,,,,15300,,,,,,,
42786.9,,,,,,,,,,,,,,,,,,,,,,,505,,,,,,
42955.4,,,,,,,,,,,,,,,,,,,,,,,507,,,,,,
42994.1,52800,54800,54000,52100,52600,70000,1.2e+06,1.2e+06,1.2e+06,1.2e+06,1.596e+06,1.596e+06,,166160.871,,,,,,,,,,100,1,0,0,100,100
43282.9,,,,,,,,,,,,,,,,,,,,,,15480,,,,,,,
43292.5,,,,,,,,,,,,,,,,,,,,,,,511,,,,,,
43784.3,,,,,,,,,,,,,,,,,,,,,,15660,,,,,,,
43797.9,,,,,,,,,,,,,,,,,,,,,,,517,,,,,,
43993.5,53000,54800,54000,52500,52600,70000,1.2e+06,1.2e+06,1.2e+06,1.2e+06,1.596e+06,1.596e+06,,166169.362,,,,,,,,,,100,0,0.990099,0,100,100
44285.7,,,,,,,,,,,,,,,,,,,,,,15840,,,,,,,
44303.5,,,,,,,,,,,,,,,,,,,,,,,523,,,,,,
44787.1,,,,,,,,,,,,,,,,,,,,,,16020,,,,,,,
44809,,,,,,,,,,,,,,,,,,,,,,,529,,,,,,
44993.6,53200,55200,54200,52500,53000,70000,1.2e+06,1.2e+06,1.2e+06,1.2e+06,1.596e+06,1.596e+06,,166177.932,,,,,,,,,,100,1,0,0,100,100
45288.6,,,,,,,,,,,,,,,,,,,,,,16200,,,,,,,
45314.6,,,,,,,,,,,,,,,,,,,,,,,535,,,,,,
45789.9,,,,,,,,,,,,,,,,,,,,,,16380,,,,,,,
45820,,,,,,,,,,,,,,,,,,,,,,,541,,,,,,
45993.6,53200,55200,54400,52500,52800,70000,1.2e+06,1.2e+06,1.2e+06,1.2e+06,1.596e+06,1.596e+06,,166186.410,,,,,,,,,,100,1,0,0,100,100
46291.5,,,,,,,,,,,,,,,,,,,,,,16560,,,,,,,
46325.6,,,,,,,,,,,,,,,,,,,,,,,547,,,,,,
46792.8,,,,,,,,,,,,,,,,,,,,,,16740,,,,,,,
46831,,,,,,,,,,,,,,,,,,,,,,,553,,,,,,
46993.5,53200,55400,54400,52600,53000,70000,1.2e+06,1.2e+06,1.2e+06,1.2e+06,1.596e+06,1.596e+06,,166194.980,,,,,,,,,,100,1,0.990099,0,100,100
47294.2,,,,,,,,,,,,,,,,,,,,,,16920,,,,,,,
47336.6,,,,,,,,,,,,,,,,,,,,,,,559,,,,,,
47795.6,,,,,,,,,,,,,,,,,,,,,,17100,,,,,,,
47994.3,53400,55200,54400,52500,52800,70000,1.2e+06,1.2e+06,1.2e+06,1.2e+06,1.596e+06,1.596e+06,,166203.475,,,,,,,,,,100,1,0,0.990099,100,100
48297.1,,,,,,,,,,,,,,,,,,,,,,17280,,,,,,,
48431.8,,,,,,,,,,,,,,,,,,,,,,,572,,,,,,
48798.5,,,,,,,,,,,,,,,,,,,,,,17460,,,,,,,
48887.4,,,,,,,,,,,,,,,,,,4,,,,,,,,,,,
48937.2,,,,,,,,,,,,,,,,,,,,,,,578,,,,,,
48994.2,53200,55200,54400,52500,52800,70000,1.2e+06,1.2e+06,1.2e+06,1.2e+06,1.596e+06,1.596e+06,,166212.056,,,,,,,,,,100,1,0.990099,0,100,100
49300,,,,,,,,,,,,,,,,,,,,,,17640,,,,,,,
49442.8,,,,,,,,,,,,,,,,,,,,,,,584,,,,,,
49801.3,,,,,,,,,,,,,,,,,,,,,,17820,,,,,,,
49948.2,,,,,,,,,,,,,,,,,,,,,,,590,,,,,,
49994.1,53400,55400,54400,52800,52800,70000,1.2e+06,1.2e+06,1.2e+06,1.2e+06,1.596e+06,1.596e+06,,166220.537,,,,,,,,,,100,0,0,0,100,100
50302.8,,,,,,,,,,,,,,,,,,,,,,18000,,,,,,,
50453.8,,,,,,,,,,,,,,,,,,,,,,,596,,,,,,
50804.2,,,,,,,,,,,,,,,,,,,,,,18180,,,,,,,
50959.2,,,,,,,,,,,,,,,,,,,,,,,602,,,,,,
50993.9,53200,55400,54400,52500,53000,70000,1.2e+06,1.2e+06,1.2e+06,1.2e+06,1.596e+06,1.596e+06,26.659,166229.125,,,,,,,,,,100,1,0.990099,0,100,100
51305.7,,,,,,,,,,,,,,,,,,,,,,18360,,,,,,,
51464.8,,,,,,,,,,,,,,,,,,,,,,,608,,,,,,
51807.1,,,,,,,,,,,,,,,,,,,,,,18540,,,,,,,
51970.2,,,,,,,,,,,,,,,,,,,,,,,614,,,,,,
51993.8,53400,55600,54400,52500,53200,70000,1.2e+06,1.2e+06,1.2e+06,1.2e+06,1.596e+06,1.596e+06,,166237.703,,,,,,,,,,100,1,0,0,100,100
52308.6,,,,,,,,,,,,,,,,,,,,,,18720,,,,,,,
52475.8,,,,,,,,,,,,,,,,,,,,,,,620,,,,,,
52809.9,,,,,,,,,,,,,,,,,,,,,,18900,,,,,,,
52812.7,,,,,,,,,,,,,,,,,,,,,,,624,,,,,,
52981.2,,,,,,,,,,,,,,,,,,,,,,,626,,,,,,
52993.6,53600,55600,54400,52800,53000,70000,1.2e+06,1.2e+06,1.2e+06,1.2e+06,1.596e+06,1.596e+06,,166246.199,,,,,,,,,,100,0,0.990099,0.990099,100,100
53311.4,,,,,,,,,,,,,,,,,,,,,,19080,,,,,,,
53318.3,,,,,,,,,,,,,,,,,,,,,,,630,,,,,,
53486.8,,,,,,,,,,,,,,,,,,,,,,,632,,,,,,
53812.8,,,,,,,,,,,,,,,,,,,,,,19260,,,,,,,
53823.7,,,,,,,,,,,,,,,,,,,,,,,636,,,,,,
53994.3,53600,55400,54800,52800,53400,70000,1.2e+06,1.2e+06,1.2e+06,1.2e+06,1.596e+06,1.596e+06,,166254.781,,,,,,,,,,100,1,0,0,100,100
54314.4,,,,,,,,,,,,,,,,,,,,,,19440,,,,,,,
54329.3,,,,,,,,,,,,,,,,,,,,,,,642,,,,,,
54815.8,,,,,,,,,,,,,,,,,,,,,,19620,,,,,,,
54834.7,,,,,,,,,,,,,,,,,,,,,,,648,,,,,,
54993.4,53400,55600,54600,52800,53200,70000,1.2e+06,1.2e+06,1.2e+06,1.2e+06,1.596e+06,1.596e+06,,166263.278,,,,,,,,,,100,1.9802,0,0,100,100
55317.3,,,,,,,,,,,,,,,,,,,,,,19800,,,,,,,
55340.3,,,,,,,,,,,,,,,,,,,,,,,654,,,,,,
55818.6,,,,,,,,,,,,,,,,,,,,,,19980,,,,,,,
55845.7,,,,,,,,,,,,,,,,,,,,,,,660,,,,,,
55993.8,53800,55600,54800,53000,53400,70000,1.2e+06,1.2e+06,1.2e+06,1.2e+06,1.596e+06,1.596e+06,,166271.853,,,,,,,,,,100,1,0.990099,0,100,100
56320.3,,,,,,,,,,,,,,,,,,,,,,20160,,,,,,,
56351.3,,,,,,,,,,,,,,,,,,,,,,,666,,,,,,
56821.6,,,,,,,,,,,,,,,,,,,,,,20340,,,,,,,
56856.7,,,,,,,,,,,,,,,,,,,,,,,672,,,,,,
56993.8,53800,56000,54800,53000,53400,70000,1.2e+06,1.2e+06,1.2e+06,1.2e+06,1.596e+06,1.596e+06,,166280.353,,,,,,,,,,100,1,0,0.990099,100,100
57323.2,,,,,,,,,,,,,,,,,,,,,,20520,,,,,,,
57362.3,,,,,,,,,,,,,,,,,,,,,,,678,,,,,,
57824.5,,,,,,,,,,,,,,,,,,,,,,20700,,,,,,,
57867.7,,,,,,,,,,,,,,,,,,,,,,,684,,,,,,
57993.6,54000,56000,55200,53200,53600,70000,1.2e+06,1.2e+06,1.2e+06,1.2e+06,1.596e+06,1.596e+06,,166288.945,,,,,,,,,,100,0,0.990099,1,100,100
58326,,,,,,,,,,,,,,,,,,,,,,20880,,,,,,,
58457.5,,,,,,,,,,,,,,,,,,,,,,,691,,,,,,
58827.3,,,,,,,,,,,,,,,,,,,,,,21060,,,,,,,
58962.9,,,,,,,,,,,,,,,,,,,,,,,697,,,,,,
58994.1,54000,56000,54800,53000,53400,70000,1.2e+06,1.2e+06,1.2e+06,1.2e+06,1.596e+06,1.596e+06,,166297.442,,,,,,,,,,100,1.9802,0,0.990099,100,100
59328.8,,,,,,,,,,,,,,,,,,,,,,21240,,,,,,,
59468.5,,,,,,,,,,,,,,,,,,,,,,,703,,,,,,
59830.2,,,,,,,,,,,,,,,,,,,,,,21420,,,,,,,
59973.9,,,,,,,,,,,,,,,,,,,,,,,709,,,,,,
59994.1,54200,56200,54800,53400,53800,70000,1.2e+06,1.2e+06,1.2e+06,1.2e+06,1.596e+06,1.596e+06,,166306.047,,,,,,,,,,100,1,1,0,100,100
60331.7,,,,,,,,,,,,,,,,,,,,,,21600,,,,,,,
60479.5,,,,,,,,,,,,,,,,,,,,,,,715,,,,,,
60833.1,,,,,,,,,,,,,,,,,,,,,,21780,,,,,,,
60985,,,,,,,,,,,,,,,,,,,,,,,721,,,,,,
60994.1,54000,56200,55000,53200,53800,70000,1.2e+06,1.2e+06,1.2e+06,1.2e+06,1.596e+06,1.596e+06,26.67,166314.563,,,,,,,,,,100,0,1.96078,0,100,100
61041.7,,,,,,,,,,,,,,,,,,5,,,,,,,,,,,
61334.6,,,,,,,,,,,,,,,,,,,,,,21960,,,,,,,
61490.6,,,,,,,,,,,,,,,,,,,,,,,727,,,,,,
61836.1,,,,,,,,,,,,,,,,,,,,,,22140,,,,,,,
61994.2,54200,56200,55200,53200,53600,70000,1.2e+06,1.2e+06,1.2e+06,1.2e+06,1.596e+06,1.596e+06,,166323.150,,,,,,,,,,100,0,1.9802,0,100,100
61996,,,,,,,,,,,,,,,,,,,,,,,733,,,,,,
62337.6,,,,,,,,,,,,,,,,,,,,,,22320,,,,,,,
62501.6,,,,,,,,,,,,,,,,,,,,,,,739,,,,,,
62838.9,,,,,,,,,,,,,,,,,,,,,,22500,,,,,,,
62994,54000,55800,55000,53200,53800,70000,1.2e+06,1.2e+06,1.2e+06,1.2e+06,1.596e+06,1.596e+06,,166331.657,,,,,,,,,,100,0,0,0,100,100
63007,,,,,,,,,,,,,,,,,,,,,,,745,,,,,,
63340.3,,,,,,,,,,,,,,,,,,,,,,22680,,,,,,,
63344.1,,,,,,,,,,,,,,,,,,,,,,,749,,,,,,
63512.6,,,,,,,,,,,,,,,,,,,,,,,751,,,,,,
63841.7,,,,,,,,,,,,,,,,,,,,,,22860,,,,,,,
63849.5,,,,,,,,,,,,,,,,,,,,,,,755,,,,,,
63993.8,54400,56000,54800,53200,53800,70000,1.2e+06,1.2e+06,1.2e+06,1.2e+06,1.596e+06,1.596e+06,,166340.274,,,,,,,,,,100,0.990099,2.94118,0,100,100
64343.2,,,,,,,,,,,,,,,,,,,,,,23040,,,,,,,
64355.1,,,,,,,,,,,,,,,,,,,,,,,761,,,,,,
64844.5,,,,,,,,,,,,,,,,,,,,,,23220,,,,,,,
64860.6,,,,,,,,,,,,,,,,,,,,,,,767,,,,,,
64993.7,54400,56200,55200,53200,53800,70000,1.2e+06,1.2e+06,1.2e+06,1.2e+06,1.596e+06,1.596e+06,,166348.787,,,,,,,,,,100,0,1,0,100,100
65346.1,,,,,,,,,,,,,,,,,,,,,,23400,,,,,,,
65366.1,,,,,,,,,,,,,,,,,,,,,,,773,,,,,,
65847.5,,,,,,,,,,,,,,,,,,,,,,23580,,,,,,,
65871.6,,,,,,,,,,,,,,,,,,,,,,,779,,,,,,
65993.6,54200,56400,55400,53600,53800,70000,1.2e+06,1.2e+06,1.2e+06,1.2e+06,1.596e+06,1.596e+06,,166357.397,,,,,,,,,,100,0,0.990099,0.990099,100,100
66349,,,,,,,,,,,,,,,,,,,,,,23760,,,,,,,
66377.2,,,,,,,,,,,,,,,,,,,,,,,785,,,,,,
66850.4,,,,,,,,,,,,,,,,,,,,,,23940,,,,,,,
66882.6,,,,,,,,,,,,,,,,,,,,,,,791,,,,,,
66993.5,54400,56200,55200,53600,53800,70000,1.2e+06,1.2e+06,1.2e+06,1.2e+06,1.596e+06,1.596e+06,,166365.908,,,,,,,,,,100,0,0,0,99.0196,100
67351.9,,,,,,,,,,,,,,,,,,,,,,24120,,,,,,,
67388.2,,,,,,,,,,,,,,,,,,,,,,,797,,,,,,
67853.2,,,,,,,,,,,,,,,,,,,,,,24300,,,,,,,
67893.6,,,,,,,,,,,,,,,,,,,,,,,803,,,,,,
67993.3,54400,56600,55600,53600,54000,70000,1.2e+06,1.2e+06,1.2e+06,1.2e+06,1.596e+06,1.596e+06,,166374.511,,,,,,,,,,100,0.990099,1,0,100,100
68354.8,,,,,,,,,,,,,,,,,,,,,,24480,,,,,,,
68399.2,,,,,,,,,,,,,,,,,,,,,,,809,,,,,,
68856.1,,,,,,,,,,,,,,,,,,,,,,24660,,,,,,,
68988.9,,,,,,,,,,,,,,,,,,,,,,,816,,,,,,
68994,54200,56600,55400,53600,54000,70000,1.2e+06,1.2e+06,1.2e+06,1.2e+06,1.596e+06,1.596e+06,,166383.025,,,,,,,,,,100,0,0,0,100,100
69357.5,,,,,,,,,,,,,,,,,,,,,,24840,,,,,,,
69494.4,,,,,,,,,,,,,,,,,,,,,,,822,,,,,,
69858.9,,,,,,,,,,,,,,,,,,,,,,25020,,,,,,,
69994,54400,56400,55600,53800,54000,70000,1.2e+06,1.2e+06,1.2e+06,1.2e+06,1.596e+06,1.596e+06,,166391.635,,,,,,,,,,100,0,0,0,100,100
69999.9,,,,,,,,,,,,,,,,,,,,,,,828,,,,,,
70360.5,,,,,,,,,,,,,,,,,,,,,,25200,,,,,,,
70505.5,,,,,,,,,,,,,,,,,,,,,,,834,,,,,,
70861.9,,,,,,,,,,,,,,,,,,,,,,25380,,,,,,,
70993.9,54600,56600,55600,53600,54000,70000,1.2e+06,1.2e+06,1.2e+06,1.2e+06,1.596e+06,1.596e+06,26.681,166400.240,,,,,,,,,,100,1,1,0,100,100
71010.9,,,,,,,,,,,,,,,,,,,,,,,840,,,,,,
71363.3,,,,,,,,,,,,,,,,,,,,,,25560,,,,,,,
71516.5,,,,,,,,,,,,,,,,,,,,,,,846,,,,,,
71864.7,,,,,,,,,,,,,,,,,,,,,,25740,,,,,,,
71994,54600,56600,55600,53600,54200,70000,1.2e+06,1.2e+06,1.2e+06,1.2e+06,1.596e+06,1.596e+06,,166408.763,,,,,,,,,,100,0,0.990099,0,100,100
72021.9,,,,,,,,,,,,,,,,,,,,,,,852,,,,,,
72366.1,,,,,,,,,,,,,,,,,,,,,,25920,,,,,,,
72527.5,,,,,,,,,,,,,,,,,,,,,,,858,,,,,,
72867.5,,,,,,,,,,,,,,,,,,,,,,26100,,,,,,,
72993.9,54800,56200,55600,53600,54000,70000,1.2e+06,1.2e+06,1.2e+06,1.2e+06,1.596e+06,1.596e+06,,166417.377,,,,,,,,,,100,1,1,0,100,100
73032.9,,,,,,,,,,,,,,,,,,,,,,,864,,,,,,
73196.7,,,,,,,,,,,,,,,,,,6,,,,,,,,,,,
73201.6,,,,,,,,,,,,,,,,,,,,,,,866,,,,,,
73368.9,,,,,,,,,,,,,,,,,,,,,,26280,,,,,,,
73370,,,,,,,,,,,,,,,,,,,,,,,868,,,,,,
73538.5,,,,,,,,,,,,,,,,,,,,,,,870,,,,,,
73870.1,,,,,,,,,,,,,,,,,,,,,,26460,,,,,,,
73875.5,,,,,,,,,,,,,,,,,,,,,,,874,,,,,,
73993.8,54600,56800,55400,53600,54000,70000,1.2e+06,1.2e+06,1.2e+06,1.2e+06,1.596e+06,1.596e+06,,166425.906,,,,,,,,,,100,0,1,0,100,100
74043.9,,,,,,,,,,,,,,,,,,,,,,,876,,,,,,
74371.7,,,,,,,,,,,,,,,,,,,,,,26640,,,,,,,
74381,,,,,,,,,,,,,,,,,,,,,,,880,,,,,,
74873,,,,,,,,,,,,,,,,,,,,,,26820,,,,,,,
74886.5,,,,,,,,,,,,,,,,,,,,,,,886,,,,,,
74993.8,54400,56600,55400,53600,54200,70000,1.2e+06,1.2e+06,1.2e+06,1.2e+06,1.596e+06,1.596e+06,,166434.511,,,,,,,,,,99,0,1.96078,0,100,100
75374.5,,,,,,,,,,,,,,,,,,,,,,27000,,,,,,,
75392.1,,,,,,,,,,,,,,,,,,,,,,,892,,,,,,
75875.9,,,,,,,,,,,,,,,,,,,,,,27180,,,,,,,
75897.5,,,,,,,,,,,,,,,,,,,,,,,898,,,,,,
75993.9,54800,56600,55600,53800,54400,70000,1.2e+06,1.2e+06,1.2e+06,1.2e+06,1.596e+06,1.596e+06,,166443.035,,,,,,,,,,100,0.990099,0,0,100,100
76377.3,,,,,,,,,,,,,,,,,,,,,,27360,,,,,,,
76403.1,,,,,,,,,,,,,,,,,,,,,,,904,,,,,,
76878.7,,,,,,,,,,,,,,,,,,,,,,27540,,,,,,,
76908.5,,,,,,,,,,,,,,,,,,,,,,,910,,,,,,
76993.8,54600,56800,55800,53800,54400,70000,1.2e+06,1.2e+06,1.2e+06,1.2e+06,1.596e+06,1.596e+06,,166451.645,,,,,,,,,,100,1,1.9802,0.990099,100,100
77380.2,,,,,,,,,,,,,,,,,,,,,,27720,,,,,,,
77414.1,,,,,,,,,,,,,,,,,,,,,,,916,,,,,,
77881.5,,,,,,,,,,,,,,,,,,,,,,27900,,,,,,,
77919.5,,,,,,,,,,,,,,,,,,,,,,,922,,,,,,
77993.9,54800,56800,56000,54000,54400,70000,1.2e+06,1.2e+06,1.2e+06,1.2e+06,1.596e+06,1.596e+06,,166460.170,,,,,,,,,,100,0.990099,0,0,100,100
78383,,,,,,,,,,,,,,,,,,,,,,28080,,,,,,,
78425.1,,,,,,,,,,,,,,,,,,,,,,,928,,,,,,
78884.3,,,,,,,,,,,,,,,,,,,,,,28260,,,,,,,
78993.7,54800,56800,55800,54000,54400,70000,1.2e+06,1.2e+06,1.2e+06,1.2e+06,1.596e+06,1.596e+06,,166468.793,,,,,,,,,,100,1,1,0.990099,100,100
79385.7,,,,,,,,,,,,,,,,,,,,,,28440,,,,,,,
79520.3,,,,,,,,,,,,,,,,,,,,,,,941,,,,,,
79887.1,,,,,,,,,,,,,,,,,,,,,,28620,,,,,,,
79993.4,54800,56800,56000,54000,54400,70000,1.2e+06,1.2e+06,1.2e+06,1.2e+06,1.596e+06,1.596e+06,,166477.323,,,,,,,,,,100,0,0.990099,0,100,100
80025.7,,,,,,,,,,,,,,,,,,,,,,,947,,,,,,
80388.6,,,,,,,,,,,,,,,,,,,,,,28800,,,,,,,
80531.3,,,,,,,,,,,,,,,,,,,,,,,953,,,,,,
80889.9,,,,,,,,,,,,,,,,,,,,,,28980,,,,,,,
80994.3,55000,57000,55600,54000,54400,70000,1.2e+06,1.2e+06,1.2e+06,1.2e+06,1.596e+06,1.596e+06,26.67,166485.930,,,,,,,,,,100,0,1.9802,0,100,100
81036.7,,,,,,,,,,,,,,,,,,,,,,,959,,,,,,
81391.4,,,,,,,,,,,,,,,,,,,,,,29160,,,,,,,
81542.3,,,,,,,,,,,,,,,,,,,,,,,965,,,,,,
81892.8,,,,,,,,,,,,,,,,,,,,,,29340,,,,,,,
81994.1,54800,56800,55800,54000,54600,70000,1.2e+06,1.2e+06,1.2e+06,1.2e+06,1.596e+06,1.596e+06,,166494.473,,,,,,,,,,100,0.990099,0,0,100,100
82047.7,,,,,,,,,,,,,,,,,,,,,,,971,,,,,,
82394.3,,,,,,,,,,,,,,,,,,,,,,29520,,,,,,,
82553.3,,,,,,,,,,,,,,,,,,,,,,,977,,,,,,
82895.6,,,,,,,,,,,,,,,,,,,,,,29700,,,,,,,
82994,54800,57200,56000,54000,54600,70000,1.2e+06,1.2e+06,1.2e+06,1.2e+06,1.596e+06,1.596e+06,,166503.092,,,,,,,,,,100,0,1.9802,0,100,100
83058.7,,,,,,,,,,,,,,,,,,,,,,,983,,,,,,
83397.1,,,,,,,,,,,,,,,,,,,,,,29880,,,,,,,
83564.3,,,,,,,,,,,,,,,,,,,,,,,989,,,,,,
83898.4,,,,,,,,,,,,,,,,,,,,,,30060,,,,,,,
83901.3,,,,,,,,,,,,,,,,,,,,,,,993,,,,,,
83993.8,55200,57000,56000,54400,54400,70000,1.2e+06,1.2e+06,1.2e+06,1.2e+06,1.596e+06,1.596e+06,,166511.642,,,,,,,,,,100,0,0,0,100,100
84069.7,,,,,,,,,,,,,,,,,,,,,,,995,,,,,,
84400,,,,,,,,,,,,,,,,,,,,,,30240,,,,,,,
84406.9,,,,,,,,,,,,,,,,,,,,,,,999,,,,,,
84575.3,,,,,,,,,,,,,,,,,,,,,,,1001,,,,,,
84901.3,,,,,,,,,,,,,,,,,,,,,,30420,,,,,,,
84912.3,,,,,,,,,,,,,,,,,,,,,,,1005,,,,,,
84993.6,55000,57000,56000,54400,54400,70000,1.2e+06,1.2e+06,1.2e+06,1.2e+06,1.596e+06,1.596e+06,,166520.268,,,,,,,,,,100,0,0.990099,0.990099,100,100
85350.4,,,,,,,,,,,,,,,,,,7,,,,,,,,,,,
85402.8,,,,,,,,,,,,,,,,,,,,,,30600,,,,,,,
85417.9,,,,,,,,,,,,,,,,,,,,,,,1011,,,,,,
85904.1,,,,,,,,,,,,,,,,,,,,,,30780,,,,,,,
85923.3,,,,,,,,,,,,,,,,,,,,,,,1017,,,,,,
85994.3,55200,57000,56000,54200,54600,70000,1.2e+06,1.2e+06,1.2e+06,1.2e+06,1.596e+06,1.596e+06,,166528.889,,,,,,,,,,100,1,0.990099,0,100,100
86405.6,,,,,,,,,,,,,,,,,,,,,,30960,,,,,,,
86428.8,,,,,,,,,,,,,,,,,,,,,,,1023,,,,,,
86906.9,,,,,,,,,,,,,,,,,,,,,,31140,,,,,,,
86934.3,,,,,,,,,,,,,,,,,,,,,,,1029,,,,,,
86994,55200,57200,56200,54400,54600,70000,1.2e+06,1.2e+06,1.2e+06,1.2e+06,1.596e+06,1.596e+06,,166537.435,,,,,,,,,,100,1.9802,0,0,100,100
87408.3,,,,,,,,,,,,,,,,,,,,,,31320,,,,,,,
87439.8,,,,,,,,,,,,,,,,,,,,,,,1035,,,,,,
87909.7,,,,,,,,,,,,,,,,,,,,,,31500,,,,,,,
87945.2,,,,,,,,,,,,,,,,,,,,,,,1041,,,,,,
87993.4,55200,57000,56000,54200,54600,70000,1.2e+06,1.2e+06,1.2e+06,1.2e+06,1.596e+06,1.596e+06,,166546.067,,,,,,,,,,100,0,0,1,100,100
88411.2,,,,,,,,,,,,,,,,,,,,,,31680,,,,,,,
88450.8,,,,,,,,,,,,,,,,,,,,,,,1047,,,,,,
88912.6,,,,,,,,,,,,,,,,,,,,,,31860,,,,,,,
88956.3,,,,,,,,,,,,,,,,,,,,,,,1053,,,,,,
88994.2,55200,57500,56200,54400,54600,70000,1.2e+06,1.2e+06,1.2e+06,1.2e+06,1.596e+06,1.596e+06,,166554.619,,,,,,,,,,100,1,0.990099,0,100,99.0291
89414,,,,,,,,,,,,,,,,,,,,,,32040,,,,,,,
89546.1,,,,,,,,,,,,,,,,,,,,,,,1060,,,,,,
89915.4,,,,,,,,,,,,,,,,,,,,,,32220,,,,,,,
89993.4,55200,57200,56200,54400,54600,70000,1.2e+06,1.2e+06,1.2e+06,1.2e+06,1.596e+06,1.596e+06,,166561.108,,,,,,,,,,100,0,1,0,100,100
90051.5,,,,,,,,,,,,,,,,,,,,,,,1066,,,,,,
90416.9,,,,,,,,,,,,,,,,,,,,,,32400,,,,,,,
90557.1,,,,,,,,,,,,,,,,,,,,,,,1072,,,,,,
90918.2,,,,,,,,,,,,,,,,,,,,,,32580,,,,,,,
90993.4,55200,57200,56000,54400,54800,70000,1.2e+06,1.2e+06,1.2e+06,1.2e+06,1.596e+06,1.596e+06,26.67,166569.650,,,,,,,,,,100,1,1,0,100,100
91062.5,,,,,,,,,,,,,,,,,,,,,,,1078,,,,,,
91419.7,,,,,,,,,,,,,,,,,,,,,,32760,,,,,,,
91568.1,,,,,,,,,,,,,,,,,,,,,,,1084,,,,,,
91921,,,,,,,,,,,,,,,,,,,,,,32940,,,,,,,
91993.4,55400,57200,56200,54400,54800,70000,1.2e+06,1.2e+06,1.2e+06,1.2e+06,1.596e+06,1.596e+06,,166578.286,,,,,,,,,,100,0,1,0,100,100
92073.6,,,,,,,,,,,,,,,,,,,,,,,1090,,,,,,
92422.5,,,,,,,,,,,,,,,,,,,,,,33120,,,,,,,
92579.1,,,,,,,,,,,,,,,,,,,,,,,1096,,,,,,
92923.9,,,,,,,,,,,,,,,,,,,,,,33300,,,,,,,
92993.7,55400,57200,56400,54400,55000,70000,1.2e+06,1.2e+06,1.2e+06,1.2e+06,1.596e+06,1.596e+06,,166586.829,,,,,,,,,,100,0,1,0,100,100
93084.6,,,,,,,,,,,,,,,,,,,,,,,1102,,,,,,
93425.4,,,,,,,,,,,,,,,,,,,,,,33480,,,,,,,
93590.2,,,,,,,,,,,,,,,,,,,,,,,1108,,,,,,
93926.8,,,,,,,,,,,,,,,,,,,,,,33660,,,,,,,
93927.1,,,,,,,,,,,,,,,,,,,,,,,1112,,,,,,
93993.6,55200,57400,56400,54400,54800,70000,1.2e+06,1.2e+06,1.2e+06,1.2e+06,1.596e+06,1.596e+06,,166595.381,,,,,,,,,,100,0,0.990099,0,100,100
94095.6,,,,,,,,,,,,,,,,,,,,,,,1114,,,,,,
94428.3,,,,,,,,,,,,,,,,,,,,,,33840,,,,,,,
94432.7,,,,,,,,,,,,,,,,,,,,,,,1118,,,,,,
94601.2,,,,,,,,,,,,,,,,,,,,,,,1120,,,,,,
94929.5,,,,,,,,,,,,,,,,,,,,,,34020,,,,,,,
94938.1,,,,,,,,,,,,,,,,,,,,,,,1124,,,,,,
94993.3,55200,57200,56400,54400,54800,70000,1.2e+06,1.2e+06,1.2e+06,1.2e+06,1.596e+06,1.596e+06,,166604.006,,,,,,,,,,100,1,2.94118,0,100,100
95431.1,,,,,,,,,,,,,,,,,,,,,,34200,,,,,,,
95443.7,,,,,,,,,,,,,,,,,,,,,,,1130,,,,,,
95932.3,,,,,,,,,,,,,,,,,,,,,,34380,,,,,,,
95949.1,,,,,,,,,,,,,,,,,,,,,,,1136,,,,,,
95994.1,55400,57400,56400,54400,55000,70000,1.2e+06,1.2e+06,1.2e+06,1.2e+06,1.596e+06,1.596e+06,,166612.557,,,,,,,,,,100,0,1,0,100,100
96433.9,,,,,,,,,,,,,,,,,,,,,,34560,,,,,,,
96454.7,,,,,,,,,,,,,,,,,,,,,,,1142,,,,,,
96935.2,,,,,,,,,,,,,,,,,,,,,,34740,,,,,,,
96960.2,,,,,,,,,,,,,,,,,,,,,,,1148,,,,,,
96994,55200,57400,56400,54400,54800,70000,1.2e+06,1.2e+06,1.2e+06,1.2e+06,1.596e+06,1.596e+06,,166621.199,,,,,,,,,,100,0,1.9802,0,100,100
97436.6,,,,,,,,,,,,,,,,,,,,,,34920,,,,,,,
97465.7,,,,,,,,,,,,,,,,,,,,,,,1154,,,,,,
97504.8,,,,,,,,,,,,,,,,,,8,,,,,,,,,,,
97937.9,,,,,,,,,,,,,,,,,,,,,,35100,,,,,,,
97971.2,,,,,,,,,,,,,,,,,,,,,,,1160,,,,,,
97993.7,55400,57500,56400,54600,55000,70000,1.2e+06,1.2e+06,1.2e+06,1.2e+06,1.596e+06,1.596e+06,,166629.736,,,,,,,,,,100,0,0,0,100,100
98439.5,,,,,,,,,,,,,,,,,,,,,,35280,,,,,,,
98476.8,,,,,,,,,,,,,,,,,,,,,,,1166,,,,,,
98940.8,,,,,,,,,,,,,,,,,,,,,,35460,,,,,,,
98982.2,,,,,,,,,,,,,,,,,,,,,,,1172,,,,,,
98993.6,55200,57400,56400,54600,54800,70000,1.2e+06,1.2e+06,1.2e+06,1.2e+06,1.596e+06,1.596e+06,,166638.378,,,,,,,,,,100,0,1.9802,0,100,100
99442.2,,,,,,,,,,,,,,,,,,,,,,35640,,,,,,,
99943.6,,,,,,,,,,,,,,,,,,,,,,35820,,,,,,,
99994.3,55200,57500,56600,54400,54800,70000,1.2e+06,1.2e+06,1.2e+06,1.2e+06,1.596e+06,1.596e+06,,166646.922,,,,,,,,,,100,0.990099,0,0,100,100
100077,,,,,,,,,,,,,,,,,,,,,,,1185,,,,,,
100445,,,,,,,,,,,,,,,,,,,,,,36000,,,,,,,
100583,,,,,,,,,,,,,,,,,,,,,,,1191,,,,,,
100947,,,,,,,,,,,,,,,,,,,,,,36180,,,,,,,
100994,55600,57500,56400,54800,55000,70000,1.2e+06,1.2e+06,1.2e+06,1.2e+06,1.596e+06,1.596e+06,26.681,166655.563,,,,,,,,,,100,0,1,0,100,100
101088,,,,,,,,,,,,,,,,,,,,,,,1197,,,,,,
101448,,,,,,,,,,,,,,,,,,,,,,36360,,,,,,,
101594,,,,,,,,,,,,,,,,,,,,,,,1203,,,,,,
101949,,,,,,,,,,,,,,,,,,,,,,36540,,,,,,,
101994,55200,57400,56400,54600,54800,70000,1.2e+06,1.2e+06,1.2e+06,1.2e+06,1.596e+06,1.596e+06,,166664.118,,,,,,,,,,100,0,1,0,100,100
102099,,,,,,,,,,,,,,,,,,,,,,,1209,,,,,,
102451,,,,,,,,,,,,,,,,,,,,,,36720,,,,,,,
102605,,,,,,,,,,,,,,,,,,,,,,,1215,,,,,,
102952,,,,,,,,,,,,,,,,,,,,,,36900,,,,,,,
102993,55400,57700,56800,54800,55000,70000,1.2e+06,1.2e+06,1.2e+06,1.2e+06,1.596e+06,1.596e+06,,166672.760,,,,,,,,,,100,0,1,0,100,100
103111,,,,,,,,,,,,,,,,,,,,,,,1221,,,,,,
103454,,,,,,,,,,,,,,,,,,,,,,37080,,,,,,,
103616,,,,,,,,,,,,,,,,,,,,,,,1227,,,,,,
103955,,,,,,,,,,,,,,,,,,,,,,37260,,,,,,,
103994,55600,57500,56400,54400,55200,70000,1.2e+06,1.2e+06,1.2e+06,1.2e+06,1.596e+06,1.596e+06,,166681.321,,,,,,,,,,100,0,0,0,100,100
104122,,,,,,,,,,,,,,,,,,,,,,,1233,,,,,,
104456,,,,,,,,,,,,,,,,,,,,,,37440,,,,,,,
104459,,,,,,,,,,,,,,,,,,,,,,,1237,,,,,,
104627,,,,,,,,,,,,,,,,,,,,,,,1239,,,,,,
104958,,,,,,,,,,,,,,,,,,,,,,37620,,,,,,,
104964,,,,,,,,,,,,,,,,,,,,,,,1243,,,,,,
104994,55600,57700,56800,54800,54800,70000,1.2e+06,1.2e+06,1.2e+06,1.2e+06,1.596e+06,1.596e+06,,166689.969,,,,,,,,,,100,1.9802,0,1,100,100
105133,,,,,,,,,,,,,,,,,,,,,,,1245,,,,,,
105459,,,,,,,,,,,,,,,,,,,,,,37800,,,,,,,
105470,,,,,,,,,,,,,,,,,,,,,,,1249,,,,,,
105961,,,,,,,,,,,,,,,,,,,,,,37980,,,,,,,
105975,,,,,,,,,,,,,,,,,,,,,,,1255,,,,,,
105994,55800,57500,56800,54800,55400,70000,1.2e+06,1.2e+06,1.2e+06,1.2e+06,1.596e+06,1.596e+06,,166698.613,,,,,,,,,,100,1,0.990099,0.990099,100,100
106462,,,,,,,,,,,,,,,,,,,,,,38160,,,,,,,
106481,,,,,,,,,,,,,,,,,,,,,,,1261,,,,,,
106963,,,,,,,,,,,,,,,,,,,,,,38340,,,,,,,
106986,,,,,,,,,,,,,,,,,,,,,,,1267,,,,,,
106994,55800,57700,56800,54800,55200,70000,1.2e+06,1.2e+06,1.2e+06,1.2e+06,1.596e+06,1.596e+06,,166707.169,,,,,,,,,,100,1,0,0,100,100
107465,,,,,,,,,,,,,,,,,,,,,,38520,,,,,,,
107492,,,,,,,,,,,,,,,,,,,,,,,1273,,,,,,
107966,,,,,,,,,,,,,,,,,,,,,,38700,,,,,,,
107993,55800,57700,56800,55000,55400,70000,1.2e+06,1.2e+06,1.2e+06,1.2e+06,1.596e+06,1.596e+06,,166715.827,,,,,,,,,,100,1,1,0.990099,100,100
107997,,,,,,,,,,,,,,,,,,,,,,,1279,,,,,,
108468,,,,,,,,,,,,,,,,,,,,,,38880,,,,,,,
108503,,,,,,,,,,,,,,,,,,,,,,,1285,,,,,,
108969,,,,,,,,,,,,,,,,,,,,,,39060,,,,,,,
108994,55800,57700,56800,55000,55400,70000,1.2e+06,1.2e+06,1.2e+06,1.2e+06,1.596e+06,1.596e+06,,166724.388,,,,,,,,,,100,1.9802,0,0,100,100
109008,,,,,,,,,,,,,,,,,,,,,,,1291,,,,,,
109470,,,,,,,,,,,,,,,,,,,,,,39240,,,,,,,
109514,,,,,,,,,,,,,,,,,,,,,,,1297,,,,,,
109658,,,,,,,,,,,,,,,,,,9,,,,,,,,,,,
109682,,,,,,,,,,,,,,,,,,,,,,,1299,,,,,,
109972,,,,,,,,,,,,,,,,,,,,,,39420,,,,,,,
109994,55600,57700,56800,54800,55200,70000,1.2e+06,1.2e+06,1.2e+06,1.2e+06,1.596e+06,1.596e+06,,166733.034,,,,,,,,,,100,0,0,0,100,100
110103,,,,,,,,,,,,,,,,,,,,,,,1304,,,,,,
110473,,,,,,,,,,,,,,,,,,,,,,39600,,,,,,,
110609,,,,,,,,,,,,,,,,,,,,,,,1310,,,,,,
110975,,,,,,,,,,,,,,,,,,,,,,39780,,,,,,,
110994,55600,57700,56800,54800,55200,70000,1.2e+06,1.2e+06,1.2e+06,1.2e+06,1.596e+06,1.596e+06,26.681,166741.683,,,,,,,,,,100,1,0.990099,0,100,100
111114,,,,,,,,,,,,,,,,,,,,,,,1316,,,,,,
111476,,,,,,,,,,,,,,,,,,,,,,39960,,,,,,,
111620,,,,,,,,,,,,,,,,,,,,,,,1322,,,,,,
111978,,,,,,,,,,,,,,,,,,,,,,40140,,,,,,,
111994,55800,57700,56800,54800,55200,70000,1.2e+06,1.2e+06,1.2e+06,1.2e+06,1.596e+06,1.596e+06,,166750.242,,,,,,,,,,100,0,0,0,100,100
112125,,,,,,,,,,,,,,,,,,,,,,,1328,,,,,,
112479,,,,,,,,,,,,,,,,,,,,,,40320,,,,,,,
112631,,,,,,,,,,,,,,,,,,,,,,,1334,,,,,,
112980,,,,,,,,,,,,,,,,,,,,,,40500,,,,,,,
112994,55600,57900,56800,54800,55200,70000,1.2e+06,1.2e+06,1.2e+06,1.2e+06,1.596e+06,1.596e+06,,166758.898,,,,,,,,,,100,1.9802,1.96078,0,100,100
113137,,,,,,,,,,,,,,,,,,,,,,,1340,,,,,,
113482,,,,,,,,,,,,,,,,,,,,,,40680,,,,,,,
113642,,,,,,,,,,,,,,,,,,,,,,,1346,,,,,,
113983,,,,,,,,,,,,,,,,,,,,,,40860,,,,,,,
113994,55800,57900,56800,54800,55400,70000,1.2e+06,1.2e+06,1.2e+06,1.2e+06,1.596e+06,1.596e+06,,166767.464,,,,,,,,,,100,0,0,0,100,100
114148,,,,,,,,,,,,,,,,,,,,,,,1352,,,,,,
114485,,,,,,,,,,,,,,,,,,,,,,41040,,,,,,,
114653,,,,,,,,,,,,,,,,,,,,,,,1358,,,,,,
114986,,,,,,,,,,,,,,,,,,,,,,41220,,,,,,,
114990,,,,,,,,,,,,,,,,,,,,,,,1362,,,,,,
114994,56000,57900,57000,55200,55200,70000,1.2e+06,1.2e+06,1.2e+06,1.2e+06,1.596e+06,1.596e+06,,166776.116,,,,,,,,,,100,1.9802,0,0,100,100
115158,,,,,,,,,,,,,,,,,,,,,,,1364,,,,,,
115487,,,,,,,,,,,,,,,,,,,,,,41400,,,,,,,
115495,,,,,,,,,,,,,,,,,,,,,,,1368,,,,,,
115989,,,,,,,,,,,,,,,,,,,,,,41580,,,,,,,
115994,55600,57900,56800,55000,55200,70000,1.2e+06,1.2e+06,1.2e+06,1.2e+06,1.596e+06,1.596e+06,,166784.774,,,,,,,,,,100,0,1,0,100,100
116001,,,,,,,,,,,,,,,,,,,,,,,1374,,,,,,
116490,,,,,,,,,,,,,,,,,,,,,,41760,,,,,,,
116506,,,,,,,,,,,,,,,,,,,,,,,1380,,,,,,
116992,,,,,,,,,,,,,,,,,,,,,,41940,,,,,,,
116994,56000,57900,57200,55200,55400,70000,1.2e+06,1.2e+06,1.2e+06,1.2e+06,1.596e+06,1.596e+06,,166793.339,,,,,,,,,,100,0.990099,0.990099,0,100,100
117012,,,,,,,,,,,,,,,,,,,,,,,1386,,,,,,
117493,,,,,,,,,,,,,,,,,,,,,,42120,,,,,,,
117517,,,,,,,,,,,,,,,,,,,,,,,1392,,,,,,
117993,55800,57900,56800,55200,55400,70000,1.2e+06,1.2e+06,1.2e+06,1.2e+06,1.596e+06,1.596e+06,,166801.991,,,,,,,,,,100,1.0101,0.990099,0,100,100
117995,,,,,,,,,,,,,,,,,,,,,,42300,,,,,,,
118023,,,,,,,,,,,,,,,,,,,,,,,1398,,,,,,
118496,,,,,,,,,,,,,,,,,,,,,,42480,,,,,,,
118528,,,,,,,,,,,,,,,,,,,,,,,1404,,,,,,
118994,56000,57900,57000,55000,55400,70000,1.2e+06,1.2e+06,1.2e+06,1.2e+06,1.596e+06,1.596e+06,,166810.554,,,,,,,,,,100,0,0,0,100,100
118997,,,,,,,,,,,,,,,,,,,,,,42660,,,,,,,
119034,,,,,,,,,,,,,,,,,,,,,,,1410,,,,,,
119499,,,,,,,,,,,,,,,,,,,,,,42840,,,,,,,
119540,,,,,,,,,,,,,,,,,,,,,,,1416,,,,,,
119994,56000,57900,57000,55200,55400,70000,1.2e+06,1.2e+06,1.2e+06,1.2e+06,1.596e+06,1.596e+06,,166819.222,,,,,,,,,,100,0,1.96078,0,100,100
120000,,,,,,,,,,,,,,,,,,,,,,43020,,,,,,,
120501,,,,,,,,,,,,,,,,,,,,,,43200,,,,,,,
120635,,,,,,,,,,,,,,,,,,,,,,,1429,,,,,,
120994,56000,57900,57200,55200,55200,70000,1.2e+06,1.2e+06,1.2e+06,1.2e+06,1.596e+06,1.596e+06,26.691,166827.881,,,,,,,,,,100,0,1,0,100,100
121003,,,,,,,,,,,,,,,,,,,,,,43380,,,,,,,
121140,,,,,,,,,,,,,,,,,,,,,,,1435,,,,,,
121504,,,,,,,,,,,,,,,,,,,,,,43560,,,,,,,
121646,,,,,,,,,,,,,,,,,,,,,,,1441,,,,,,
121813,,,,,,,,,,,,,,,,,,10,,,,,,,,,,,
121815,,,,,,,,,,,,,,,,,,,,,,,1443,,,,,,
121994,56000,58100,57200,55200,55600,70000,1.2e+06,1.2e+06,1.2e+06,1.2e+06,1.596e+06,1.596e+06,,166836.450,,,,,,,,,,100,1,1,0,100,100
122006,,,,,,,,,,,,,,,,,,,,,,43740,,,,,,,
122152,,,,,,,,,,,,,,,,,,,,,,,1447,,,,,,
122507,,,,,,,,,,,,,,,,,,,,,,43920,,,,,,,
122657,,,,,,,,,,,,,,,,,,,,,,,1453,,,,,,
122994,56000,58300,57200,55200,55400,70000,1.2e+06,1.2e+06,1.2e+06,1.2e+06,1.596e+06,1.596e+06,,166845.109,,,,,,,,,,100,0,1.9802,0,100,100
123009,,,,,,,,,,,,,,,,,,,,,,44100,,,,,,,
123163,,,,,,,,,,,,,,,,,,,,,,,1459,,,,,,
123510,,,,,,,,,,,,,,,,,,,,,,44280,,,,,,,
123668,,,,,,,,,,,,,,,,,,,,,,,1465,,,,,,
123993,56000,57900,57200,55200,55800,70000,1.2e+06,1.2e+06,1.2e+06,1.2e+06,1.596e+06,1.596e+06,,166853.693,,,,,,,,,,100,1,1,0,100,100
124011,,,,,,,,,,,,,,,,,,,,,,44460,,,,,,,
124174,,,,,,,,,,,,,,,,,,,,,,,1471,,,,,,
124513,,,,,,,,,,,,,,,,,,,,,,44640,,,,,,,
124679,,,,,,,,,,,,,,,,,,,,,,,1477,,,,,,
124994,56400,58300,57200,55400,55600,70000,1.2e+06,1.2e+06,1.2e+06,1.2e+06,1.596e+06,1.596e+06,,166862.355,,,,,,,,,,100,0,0.990099,0,100,100
125014,,,,,,,,,,,,,,,,,,,,,,44820,,,,,,,
125016,,,,,,,,,,,,,,,,,,,,,,,1481,,,,,,
125185,,,,,,,,,,,,,,,,,,,,,,,1483,,,,,,
125516,,,,,,,,,,,,,,,,,,,,,,45000,,,,,,,
125522,,,,,,,,,,,,,,,,,,,,,,,1487,,,,,,
125690,,,,,,,,,,,,,,,,,,,,,,,1489,,,,,,
125994,56400,58300,57200,55200,55600,70000,1.2e+06,1.2e+06,1.2e+06,1.2e+06,1.596e+06,1.596e+06,,166870.928,,,,,,,,,,100,0,1.9802,0,100,100
126017,,,,,,,,,,,,,,,,,,,,,,45180,,,,,,,
126027,,,,,,,,,,,,,,,,,,,,,,,1493,,,,,,
126519,,,,,,,,,,,,,,,,,,,,,,45360,,,,,,,
126533,,,,,,,,,,,,,,,,,,,,,,,1499,,,,,,
126994,56200,58300,57500,55400,55800,70000,1.2e+06,1.2e+06,1.2e+06,1.2e+06,1.596e+06,1.596e+06,,166879.599,,,,,,,,,,100,0.990099,1,0,100,100
127020,,,,,,,,,,,,,,,,,,,,,,45540,,,,,,,
127038,,,,,,,,,,,,,,,,,,,,,,,1505,,,,,,
127521,,,,,,,,,,,,,,,,,,,,,,45720,,,,,,,
127544,,,,,,,,,,,,,,,,,,,,,,,1511,,,,,,
127994,56200,58300,57200,55400,55600,70000,1.2e+06,1.2e+06,1.2e+06,1.2e+06,1.596e+06,1.596e+06,,166888.179,,,,,,,,,,100,0,1,0,100,100
128023,,,,,,,,,,,,,,,,,,,,,,45900,,,,,,,
128049,,,,,,,,,,,,,,,,,,,,,,,1517,,,,,,
128524,,,,,,,,,,,,,,,,,,,,,,46080,,,,,,,
128555,,,,,,,,,,,,,,,,,,,,,,,1523,,,,,,
128994,56400,58300,57200,55600,55800,70000,1.2e+06,1.2e+06,1.2e+06,1.2e+06,1.596e+06,1.596e+06,,166896.854,,,,,,,,,,100,0,0.990099,0.990099,100,100
129025,,,,,,,,,,,,,,,,,,,,,,46260,,,,,,,
129060,,,,,,,,,,,,,,,,,,,,,,,1529,,,,,,
129527,,,,,,,,,,,,,,,,,,,,,,46440,,,,,,,
129566,,,,,,,,,,,,,,,,,,,,,,,1535,,,,,,
129994,56400,58300,57500,55200,55600,70000,1.2e+06,1.2e+06,1.2e+06,1.2e+06,1.596e+06,1.596e+06,,166905.427,,,,,,,,,,100,0,0,0,100,100
130028,,,,,,,,,,,,,,,,,,,,,,46620,,,,,,,
130071,,,,,,,,,,,,,,,,,,,,,,,1541,,,,,,
130530,,,,,,,,,,,,,,,,,,,,,,46800,,,,,,,
130661,,,,,,,,,,,,,,,,,,,,,,,1548,,,,,,
130993,56400,58300,57500,55600,56000,70000,1.2e+06,1.2e+06,1.2e+06,1.2e+06,1.596e+06,1.596e+06,26.691,166914.098,,,,,,,,,,100,0.990099,1.9802,2.91262,100,100
131031,,,,,,,,,,,,,,,,,,,,,,46980,,,,,,,
131167,,,,,,,,,,,,,,,,,,,,,,,1554,,,,,,
131533,,,,,,,,,,,,,,,,,,,,,,47160,,,,,,,
131672,,,,,,,,,,,,,,,,,,,,,,,1560,,,,,,
131994,56400,58300,57500,55400,56000,70000,1.2e+06,1.2e+06,1.2e+06,1.2e+06,1.596e+06,1.596e+06,,166922.674,,,,,,,,,,100,0,1,0,100,100
132034,,,,,,,,,,,,,,,,,,,,,,47340,,,,,,,
132178,,,,,,,,,,,,,,,,,,,,,,,1566,,,,,,
132536,,,,,,,,,,,,,,,,,,,,,,47520,,,,,,,
132683,,,,,,,,,,,,,,,,,,,,,,,1572,,,,,,
132994,56400,58500,57500,55600,56000,70000,1.2e+06,1.2e+06,1.2e+06,1.2e+06,1.596e+06,1.596e+06,,166931.351,,,,,,,,,,100,0,1,0,100,100
133037,,,,,,,,,,,,,,,,,,,,,,47700,,,,,,,
133189,,,,,,,,,,,,,,,,,,,,,,,1578,,,,,,
133538,,,,,,,,,,,,,,,,,,,,,,47880,,,,,,,
133694,,,,,,,,,,,,,,,,,,,,,,,1584,,,,,,
133967,,,,,,,,,,,,,,,,,,11,,,,,,,,,,,
133994,56400,58500,57200,55600,56000,70000,1.2e+06,1.2e+06,1.2e+06,1.2e+06,1.596e+06,1.596e+06,,166940.012,,,,,,,,,,100,0,0.990099,0,100,100
134040,,,,,,,,,,,,,,,,,,,,,,48060,,,,,,,
134200,,,,,,,,,,,,,,,,,,,,,,,1590,,,,,,
134541,,,,,,,,,,,,,,,,,,,,,,48240,,,,,,,
134705,,,,,,,,,,,,,,,,,,,,,,,1596,,,,,,
134994,56400,58300,57400,55600,56000,70000,1.2e+06,1.2e+06,1.2e+06,1.2e+06,1.596e+06,1.596e+06,,166948.590,,,,,,,,,,100,0,1,0,100,100
135042,,,,,,,,,,,,,,,,,,,,,,48420,,,,,,,
135211,,,,,,,,,,,,,,,,,,,,,,,1602,,,,,,
135544,,,,,,,,,,,,,,,,,,,,,,48600,,,,,,,
135548,,,,,,,,,,,,,,,,,,,,,,,1606,,,,,,
135716,,,,,,,,,,,,,,,,,,,,,,,1608,,,,,,
135993,56600,58700,57500,55600,56000,70000,1.2e+06,1.2e+06,1.2e+06,1.2e+06,1.596e+06,1.596e+06,,166957.260,,,,,,,,,,100,1,0,0,100,100
136045,,,,,,,,,,,,,,,,,,,,,,48780,,,,,,,
136053,,,,,,,,,,,,,,,,,,,,,,,1612,,,,,,
136547,,,,,,,,,,,,,,,,,,,,,,48960,,,,,,,
136559,,,,,,,,,,,,,,,,,,,,,,,1618,,,,,,
136993,56400,58500,57700,55800,55800,70000,1.2e+06,1.2e+06,1.2e+06,1.2e+06,1.596e+06,1.596e+06,,166963.701,,,,,,,,,,100,0,0.990099,0,100,100
137048,,,,,,,,,,,,,,,,,,,,,,49140,,,,,,,
137064,,,,,,,,,,,,,,,,,,,,,,,1624,,,,,,
137550,,,,,,,,,,,,,,,,,,,,,,49320,,,,,,,
137570,,,,,,,,,,,,,,,,,,,,,,,1630,,,,,,
137994,56600,58700,57700,56000,56200,70000,1.2e+06,1.2e+06,1.2e+06,1.2e+06,1.596e+06,1.596e+06,,166972.282,,,,,,,,,,100,0,0,0,100,100
138051,,,,,,,,,,,,,,,,,,,,,,49500,,,,,,,
138075,,,,,,,,,,,,,,,,,,,,,,,1636,,,,,,
138553,,,,,,,,,,,,,,,,,,,,,,49680,,,,,,,
138581,,,,,,,,,,,,,,,,,,,,,,,1642,,,,,,
138994,56800,58700,57700,56000,56000,70000,1.2e+06,1.2e+06,1.2e+06,1.2e+06,1.596e+06,1.596e+06,,166980.958,,,,,,,,,,100,0.990099,1,0,100,100
139054,,,,,,,,,,,,,,,,,,,,,,49860,,,,,,,
139086,,,,,,,,,,,,,,,,,,,,,,,1648,,,,,,
139555,,,,,,,,,,,,,,,,,,,,,,50040,,,,,,,
139592,,,,,,,,,,,,,,,,,,,,,,,1654,,,,,,
139994,56600,58700,57500,55600,56200,70000,1.2e+06,1.2e+06,1.2e+06,1.2e+06,1.596e+06,1.596e+06,,166989.547,,,,,,,,,,100,1,1.9802,0,100,100
140057,,,,,,,,,,,,,,,,,,,,,,50220,,,,,,,
140097,,,,,,,,,,,,,,,,,,,,,,,1660,,,,,,
140558,,,,,,,,,,,,,,,,,,,,,,50400,,,,,,,
140603,,,,,,,,,,,,,,,,,,,,,,,1666,,,,,,
140994,56600,58700,57500,55800,56200,70000,1.2e+06,1.2e+06,1.2e+06,1.2e+06,1.596e+06,1.596e+06,26.681,166998.219,,,,,,,,,,100,0,0.990099,0,100,100
141060,,,,,,,,,,,,,,,,,,,,,,50580,,,,,,,
141192,,,,,,,,,,,,,,,,,,,,,,,1673,,,,,,
141561,,,,,,,,,,,,,,,,,,,,,,50760,,,,,,,
141698,,,,,,,,,,,,,,,,,,,,,,,1679,,,,,,
141994,56600,58700,57500,56000,56200,70000,1.2e+06,1.2e+06,1.2e+06,1.2e+06,1.596e+06,1.596e+06,,167006.814,,,,,,,,,,100,0,1,0,100,100
142063,,,,,,,,,,,,,,,,,,,,,,50940,,,,,,,
142204,,,,,,,,,,,,,,,,,,,,,,,1685,,,,,,
142564,,,,,,,,,,,,,,,,,,,,,,51120,,,,,,,
142709,,,,,,,,,,,,,,,,,,,,,,,1691,,,,,,
142994,56600,58900,57700,55800,56200,70000,1.2e+06,1.2e+06,1.2e+06,1.2e+06,1.596e+06,1.596e+06,,167015.496,,,,,,,,,,100,0,1,0,100,100
143065,,,,,,,,,,,,,,,,,,,,,,51300,,,,,,,
143215,,,,,,,,,,,,,,,,,,,,,,,1697,,,,,,
143567,,,,,,,,,,,,,,,,,,,,,,51480,,,,,,,
143720,,,,,,,,,,,,,,,,,,,,,,,1703,,,,,,
143994,56800,58700,57700,55800,56000,70000,1.2e+06,1.2e+06,1.2e+06,1.2e+06,1.596e+06,1.596e+06,,167024.172,,,,,,,,,,100,0,1,0.990099,100,100
144068,,,,,,,,,,,,,,,,,,,,,,51660,,,,,,,
144226,,,,,,,,,,,,,,,,,,,,,,,1709,,,,,,
144570,,,,,,,,,,,,,,,,,,,,,,51840,,,,,,,
144731,,,,,,,,,,,,,,,,,,,,,,,1715,,,,,,
144994,56800,58900,57900,56000,56200,70000,1.2e+06,1.2e+06,1.2e+06,1.2e+06,1.596e+06,1.596e+06,,167032.773,,,,,,,,,,100,0.990099,0,0.990099,100,100
145071,,,,,,,,,,,,,,,,,,,,,,52020,,,,,,,
145237,,,,,,,,,,,,,,,,,,,,,,,1721,,,,,,
145573,,,,,,,,,,,,,,,,,,,,,,52200,,,,,,,
145574,,,,,,,,,,,,,,,,,,,,,,,1725,,,,,,
145742,,,,,,,,,,,,,,,,,,,,,,,1727,,,,,,
145994,56600,58700,57900,56000,56400,70000,1.2e+06,1.2e+06,1.2e+06,1.2e+06,1.596e+06,1.596e+06,,167041.453,,,,,,,,,,100,0,0,1,99,100
146074,,,,,,,,,,,,,,,,,,,,,,52380,,,,,,,
146079,,,,,,,,,,,,,,,,,,,,,,,1731,,,,,,
146122,,,,,,,,,,,,,,,,,,12,,,,,,,,,,,
146248,,,,,,,,,,,,,,,,,,,,,,,1733,,,,,,
146575,,,,,,,,,,,,,,,,,,,,,,52560,,,,,,,
146584,,,,,,,,,,,,,,,,,,,,,,,1737,,,,,,
146993,56800,58900,57900,56000,56200,70000,1.2e+06,1.2e+06,1.2e+06,1.2e+06,1.596e+06,1.596e+06,,167050.131,,,,,,,,,,100,1.9802,0.990099,0,100,100
147077,,,,,,,,,,,,,,,,,,,,,,52740,,,,,,,
147090,,,,,,,,,,,,,,,,,,,,,,,1743,,,,,,
147578,,,,,,,,,,,,,,,,,,,,,,52920,,,,,,,
147595,,,,,,,,,,,,,,,,,,,,,,,1749,,,,,,
147994,56800,58900,57900,56000,56400,70000,1.2e+06,1.2e+06,1.2e+06,1.2e+06,1.596e+06,1.596e+06,,167058.730,,,,,,,,,,100,0,0,0,100,100
148080,,,,,,,,,,,,,,,,,,,,,,53100,,,,,,,
148101,,,,,,,,,,,,,,,,,,,,,,,1755,,,,,,
148581,,,,,,,,,,,,,,,,,,,,,,53280,,,,,,,
148606,,,,,,,,,,,,,,,,,,,,,,,1761,,,,,,
148994,57000,59100,57900,56000,56200,70000,1.2e+06,1.2e+06,1.2e+06,1.2e+06,1.596e+06,1.596e+06,,167067.416,,,,,,,,,,100,1,0.990099,0,100,100
149083,,,,,,,,,,,,,,,,,,,,,,53460,,,,,,,
149112,,,,,,,,,,,,,,,,,,,,,,,1767,,,,,,
149584,,,,,,,,,,,,,,,,,,,,,,53640,,,,,,,
149618,,,,,,,,,,,,,,,,,,,,,,,1773,,,,,,
149994,56800,58700,57900,56000,56200,70000,1.2e+06,1.2e+06,1.2e+06,1.2e+06,1.596e+06,1.596e+06,,167075.925,,,,,,,,,,100,1,0,0,100,100
150085,,,,,,,,,,,,,,,,,,,,,,53820,,,,,,,
150123,,,,,,,,,,,,,,,,,,,,,,,1779,,,,,,
150587,,,,,,,,,,,,,,,,,,,,,,54000,,,,,,,
150629,,,,,,,,,,,,,,,,,,,,,,,1785,,,,,,
150994,56800,58900,57900,56000,56200,70000,1.2e+06,1.2e+06,1.2e+06,1.2e+06,1.596e+06,1.596e+06,26.691,167084.603,,,,,,,,,,100,0,0,0,100,100
151088,,,,,,,,,,,,,,,,,,,,,,54180,,,,,,,
151590,,,,,,,,,,,,,,,,,,,,,,54360,,,,,,,
151724,,,,,,,,,,,,,,,,,,,,,,,1798,,,,,,
151994,56800,58700,57900,56000,56200,70000,1.2e+06,1.2e+06,1.2e+06,1.2e+06,1.596e+06,1.596e+06,,167093.281,,,,,,,,,,100,0,1,0,100,100
152091,,,,,,,,,,,,,,,,,,,,,,54540,,,,,,,
152229,,,,,,,,,,,,,,,,,,,,,,,1804,,,,,,
152593,,,,,,,,,,,,,,,,,,,,,,54720,,,,,,,
152735,,,,,,,,,,,,,,,,,,,,,,,1810,,,,,,
152994,57000,58700,57900,56000,56200,70000,1.2e+06,1.2e+06,1.2e+06,1.2e+06,1.596e+06,1.596e+06,,167101.885,,,,,,,,,,100,1,0,0,100,100
153094,,,,,,,,,,,,,,,,,,,,,,54900,,,,,,,
153240,,,,,,,,,,,,,,,,,,,,,,,1816,,,,,,
153595,,,,,,,,,,,,,,,,,,,,,,55080,,,,,,,
153746,,,,,,,,,,,,,,,,,,,,,,,1822,,,,,,
153993,56800,58700,57700,56000,56200,70000,1.2e+06,1.2e+06,1.2e+06,1.2e+06,1.596e+06,1.596e+06,,167110.569,,,,,,,,,,100,1.9802,0.990099,0,100,100
154097,,,,,,,,,,,,,,,,,,,,,,55260,,,,,,,
154251,,,,,,,,,,,,,,,,,,,,,,,1828,,,,,,
154598,,,,,,,,,,,,,,,,,,,,,,55440,,,,,,,
154757,,,,,,,,,,,,,,,,,,,,,,,1834,,,,,,
154994,57000,59100,57900,56200,56400,70000,1.2e+06,1.2e+06,1.2e+06,1.2e+06,1.596e+06,1.596e+06,,167119.170,,,,,,,,,,100,0,0,0,100,99
155100,,,,,,,,,,,,,,,,,,,,,,55620,,,,,,,
155262,,,,,,,,,,,,,,,,,,,,,,,1840,,,,,,
155601,,,,,,,,,,,,,,,,,,,,,,55800,,,,,,,
155768,,,,,,,,,,,,,,,,,,,,,,,1846,,,,,,
155994,57000,59100,58100,56200,56600,70000,1.2e+06,1.2e+06,1.2e+06,1.2e+06,1.596e+06,1.596e+06,,167127.858,,,,,,,,,,100,0,0,0,100,100
156102,,,,,,,,,,,,,,,,,,,,,,55980,,,,,,,
156105,,,,,,,,,,,,,,,,,,,,,,,1850,,,,,,
156273,,,,,,,,,,,,,,,,,,,,,,,1852,,,,,,
156604,,,,,,,,,,,,,,,,,,,,,,56160,,,,,,,
156610,,,,,,,,,,,,,,,,,,,,,,,1856,,,,,,
156779,,,,,,,,,,,,,,,,,,,,,,,1858,,,,,,
156993,56800,58700,57900,56200,56400,70000,1.2e+06,1.2e+06,1.2e+06,1.2e+06,1.596e+06,1.596e+06,,167136.542,,,,,,,,,,100,0,0.990099,0,100,100
157105,,,,,,,,,,,,,,,,,,,,,,56340,,,,,,,
157116,,,,,,,,,,,,,,,,,,,,,,,1862,,,,,,
157607,,,,,,,,,,,,,,,,,,,,,,56520,,,,,,,
157621,,,,,,,,,,,,,,,,,,,,,,,1868,,,,,,
157993,57000,59100,58300,56400,56400,70000,1.2e+06,1.2e+06,1.2e+06,1.2e+06,1.596e+06,1.596e+06,,167145.146,,,,,,,,,,100,1,1.96078,0,100,100
158108,,,,,,,,,,,,,,,,,,,,,,56700,,,,,,,
158127,,,,,,,,,,,,,,,,,,,,,,,1874,,,,,,
158276,,,,,,,,,,,,,,,,,,13,,,,,,,,,,,
158610,,,,,,,,,,,,,,,,,,,,,,56880,,,,,,,
158632,,,,,,,,,,,,,,,,,,,,,,,1880,,,,,,
158993,57000,59100,57900,56400,56600,70000,1.2e+06,1.2e+06,1.2e+06,1.2e+06,1.596e+06,1.596e+06,,167153.820,,,,,,,,,,100,0,0,0,100,100
159111,,,,,,,,,,,,,,,,,,,,,,57060,,,,,,,
159138,,,,,,,,,,,,,,,,,,,,,,,1886,,,,,,
159612,,,,,,,,,,,,,,,,,,,,,,57240,,,,,,,
159643,,,,,,,,,,,,,,,,,,,,,,,1892,,,,,,
159993,56800,59100,58100,56400,56400,70000,1.2e+06,1.2e+06,1.2e+06,1.2e+06,1.596e+06,1.596e+06,,167162.433,,,,,,,,,,99.0099,1,0.990099,0.990099,100,100
160114,,,,,,,,,,,,,,,,,,,,,,57420,,,,,,,
160149,,,,,,,,,,,,,,,,,,,,,,,1898,,,,,,
160615,,,,,,,,,,,,,,,,,,,,,,57600,,,,,,,
160654,,,,,,,,,,,,,,,,,,,,,,,1904,,,,,,
160993,57000,58900,57900,56000,56400,70000,1.2e+06,1.2e+06,1.2e+06,1.2e+06,1.596e+06,1.596e+06,26.713,167171.117,,,,,,,,,,100,0,0,0,100,100
161117,,,,,,,,,,,,,,,,,,,,,,57780,,,,,,,
161160,,,,,,,,,,,,,,,,,,,,,,,1910,,,,,,
161618,,,,,,,,,,,,,,,,,,,,,,57960,,,,,,,
161750,,,,,,,,,,,,,,,,,,,,,,,1917,,,,,,
161994,57200,59100,58100,56200,56600,70000,1.2e+06,1.2e+06,1.2e+06,1.2e+06,1.596e+06,1.596e+06,,167179.806,,,,,,,,,,100,0,0,0,100,100
162120,,,,,,,,,,,,,,,,,,,,,,58140,,,,,,,
162255,,,,,,,,,,,,,,,,,,,,,,,1923,,,,,,
162621,,,,,,,,,,,,,,,,,,,,,,58320,,,,,,,
162761,,,,,,,,,,,,,,,,,,,,,,,1929,,,,,,
162993,57200,59100,58300,56400,56600,70000,1.2e+06,1.2e+06,1.2e+06,1.2e+06,1.596e+06,1.596e+06,,167188.402,,,,,,,,,,100,1,0,0,100,100
163122,,,,,,,,,,,,,,,,,,,,,,58500,,,,,,,
163266,,,,,,,,,,,,,,,,,,,,,,,1935,,,,,,
163624,,,,,,,,,,,,,,,,,,,,,,58680,,,,,,,
163772,,,,,,,,,,,,,,,,,,,,,,,1941,,,,,,
163993,57200,59100,58300,56400,56600,70000,1.2e+06,1.2e+06,1.2e+06,1.2e+06,1.596e+06,1.596e+06,,167197.088,,,,,,,,,,100,0,1,0,100,100
164125,,,,,,,,,,,,,,,,,,,,,,58860,,,,,,,
164277,,,,,,,,,,,,,,,,,,,,,,,1947,,,,,,
164627,,,,,,,,,,,,,,,,,,,,,,59040,,,,,,,
164783,,,,,,,,,,,,,,,,,,,,,,,1953,,,,,,
164994,57200,59100,57900,56400,56600,70000,1.2e+06,1.2e+06,1.2e+06,1.2e+06,1.596e+06,1.596e+06,,167205.704,,,,,,,,,,100,0,0,0.990099,100,100
165128,,,,,,,,,,,,,,,,,,,,,,59220,,,,,,,
165288,,,,,,,,,,,,,,,,,,,,,,,1959,,,,,,
165630,,,,,,,,,,,,,,,,,,,,,,59400,,,,,,,
165794,,,,,,,,,,,,,,,,,,,,,,,1965,,,,,,
165994,57200,59100,57900,56200,56600,70000,1.2e+06,1.2e+06,1.2e+06,1.2e+06,1.596e+06,1.596e+06,,167214.390,,,,,,,,,,100,0,0.990099,0,100,100
166131,,,,,,,,,,,,,,,,,,,,,,59580,,,,,,,
166299,,,,,,,,,,,,,,,,,,,,,,,1971,,,,,,
166632,,,,,,,,,,,,,,,,,,,,,,59760,,,,,,,
166636,,,,,,,,,,,,,,,,,,,,,,,1975,,,,,,
166805,,,,,,,,,,,,,,,,,,,,,,,1977,,,,,,
166994,57200,59100,58300,56600,56800,70000,1.2e+06,1.2e+06,1.2e+06,1.2e+06,1.596e+06,1.596e+06,,167222.990,,,,,,,,,,100,1,0.990099,0,100,100
167134,,,,,,,,,,,,,,,,,,,,,,59940,,,,,,,
167142,,,,,,,,,,,,,,,,,,,,,,,1981,,,,,,
167635,,,,,,,,,,,,,,,,,,,,,,60120,,,,,,,
167647,,,,,,,,,,,,,,,,,,,,,,,1987,,,,,,
167994,57200,59100,58300,56400,56600,70000,1.2e+06,1.2e+06,1.2e+06,1.2e+06,1.596e+06,1.596e+06,,167231.680,,,,,,,,,,100,1.9802,0,0,100,100
168137,,,,,,,,,,,,,,,,,,,,,,60300,,,,,,,
168153,,,,,,,,,,,,,,,,,,,,,,,1993,,,,,,
168638,,,,,,,,,,,,,,,,,,,,,,60480,,,,,,,
168658,,,,,,,,,,,,,,,,,,,,,,,1999,,,,,,
168994,57200,59100,58300,56400,56800,70000,1.2e+06,1.2e+06,1.2e+06,1.2e+06,1.596e+06,1.596e+06,,167240.395,,,,,,,,,,100,1,1,0,100,100
169140,,,,,,,,,,,,,,,,,,,,,,60660,,,,,,,
169164,,,,,,,,,,,,,,,,,,,,,,,2005,,,,,,
169641,,,,,,,,,,,,,,,,,,,,,,60840,,,,,,,
169669,,,,,,,,,,,,,,,,,,,,,,,2011,,,,,,
169993,57200,59100,58300,56400,56800,70000,1.2e+06,1.2e+06,1.2e+06,1.2e+06,1.596e+06,1.596e+06,,167248.999,,,,,,,,,,100,1.9802,0,0,100,100
170143,,,,,,,,,,,,,,,,,,,,,,61020,,,,,,,
170175,,,,,,,,,,,,,,,,,,,,,,,2017,,,,,,
170430,,,,,,,,,,,,,,,,,,14,,,,,,,,,,,
170644,,,,,,,,,,,,,,,,,,,,,,61200,,,,,,,
170680,,,,,,,,,,,,,,,,,,,,,,,2023,,,,,,
170993,57400,59300,58500,56400,56600,70000,1.2e+06,1.2e+06,1.2e+06,1.2e+06,1.596e+06,1.596e+06,26.691,167257.696,,,,,,,,,,100,0,0.990099,0,100,100
171145,,,,,,,,,,,,,,,,,,,,,,61380,,,,,,,
171186,,,,,,,,,,,,,,,,,,,,,,,2029,,,,,,
171647,,,,,,,,,,,,,,,,,,,,,,61560,,,,,,,
171691,,,,,,,,,,,,,,,,,,,,,,,2035,,,,,,
171993,57200,59300,58300,56400,56600,70000,1.2e+06,1.2e+06,1.2e+06,1.2e+06,1.596e+06,1.596e+06,,167266.300,,,,,,,,,,100,1,0,0,100,100
172148,,,,,,,,,,,,,,,,,,,,,,61740,,,,,,,
172281,,,,,,,,,,,,,,,,,,,,,,,2042,,,,,,
172650,,,,,,,,,,,,,,,,,,,,,,61920,,,,,,,
172786,,,,,,,,,,,,,,,,,,,,,,,2048,,,,,,
172994,57200,59300,58300,56400,56400,70000,1.2e+06,1.2e+06,1.2e+06,1.2e+06,1.596e+06,1.596e+06,,167274.992,,,,,,,,,,100,0,0,0,100,100
173151,,,,,,,,,,,,,,,,,,,,,,62100,,,,,,,
173292,,,,,,,,,,,,,,,,,,,,,,,2054,,,,,,
173653,,,,,,,,,,,,,,,,,,,,,,62280,,,,,,,
173797,,,,,,,,,,,,,,,,,,,,,,,2060,,,,,,
173994,57200,59100,58300,56400,56800,70000,1.2e+06,1.2e+06,1.2e+06,1.2e+06,1.596e+06,1.596e+06,,167283.600,,,,,,,,,,100,0,1.9802,0,100,100
174154,,,,,,,,,,,,,,,,,,,,,,62460,,,,,,,
174303,,,,,,,,,,,,,,,,,,,,,,,2066,,,,,,
174655,,,,,,,,,,,,,,,,,,,,,,62640,,,,,,,
174808,,,,,,,,,,,,,,,,,,,,,,,2072,,,,,,
174994,57200,59100,58100,56400,56800,70000,1.2e+06,1.2e+06,1.2e+06,1.2e+06,1.596e+06,1.596e+06,,167292.304,,,,,,,,,,100,0,0.990099,0,100,100
175157,,,,,,,,,,,,,,,,,,,,,,62820,,,,,,,
175314,,,,,,,,,,,,,,,,,,,,,,,2078,,,,,,
175658,,,,,,,,,,,,,,,,,,,,,,63000,,,,,,,
175819,,,,,,,,,,,,,,,,,,,,,,,2084,,,,,,
175994,57200,59100,58300,56400,56800,70000,1.2e+06,1.2e+06,1.2e+06,1.2e+06,1.596e+06,1.596e+06,,167300.917,,,,,,,,,,100,1.9802,0,0,100,100
176160,,,,,,,,,,,,,,,,,,,,,,63180,,,,,,,
176325,,,,,,,,,,,,,,,,,,,,,,,2090,,,,,,
176661,,,,,,,,,,,,,,,,,,,,,,63360,,,,,,,
176662,,,,,,,,,,,,,,,,,,,,,,,2094,,,,,,
176830,,,,,,,,,,,,,,,,,,,,,,,2096,,,,,,
176994,57200,59300,58300,56400,56800,70000,1.2e+06,1.2e+06,1.2e+06,1.2e+06,1.596e+06,1.596e+06,,167309.613,,,,,,,,,,100,0,1.9802,0,100,100
177163,,,,,,,,,,,,,,,,,,,,,,63540,,,,,,,
177168,,,,,,,,,,,,,,,,,,,,,,,2100,,,,,,
177336,,,,,,,,,,,,,,,,,,,,,,,2102,,,,,,
177664,,,,,,,,,,,,,,,,,,,,,,63720,,,,,,,
177673,,,,,,,,,,,,,,,,,,,,,,,2106,,,,,,
177994,57400,59100,58300,56800,56800,70000,1.2e+06,1.2e+06,1.2e+06,1.2e+06,1.596e+06,1.596e+06,,167318.219,,,,,,,,,,100,1,1,0,100,100
178166,,,,,,,,,,,,,,,,,,,,,,63900,,,,,,,
178179,,,,,,,,,,,,,,,,,,,,,,,2112,,,,,,
178667,,,,,,,,,,,,,,,,,,,,,,64080,,,,,,,
178684,,,,,,,,,,,,,,,,,,,,,,,2118,,,,,,
178994,57200,59500,58500,56800,56800,70000,1.2e+06,1.2e+06,1.2e+06,1.2e+06,1.596e+06,1.596e+06,,167326.927,,,,,,,,,,100,0,0.990099,0,100,100
179169,,,,,,,,,,,,,,,,,,,,,,64260,,,,,,,
179190,,,,,,,,,,,,,,,,,,,,,,,2124,,,,,,
179670,,,,,,,,,,,,,,,,,,,,,,64440,,,,,,,
179695,,,,,,,,,,,,,,,,,,,,,,,2130,,,,,,
179994,57400,59500,58700,56400,56800,70000,1.2e+06,1.2e+06,1.2e+06,1.2e+06,1.596e+06,1.596e+06,,167335.536,,,,,,,,,,100,0,1,0,100,100
