# Started at: 2022-05-11 14:58:03 +0000, Version: v0.1-161-g45b9662, Generated by: thermobench --verbose --time=60 --wait=50 --wait-timeout=60 --sensors_file=/root/thermobench/src/sensors.tx2 --cpu-usage --column=CPU0_work_done --column=CPU1_work_done --column=CPU2_work_done --column=CPU3_work_done --column=CPU4_work_done --column=CPU5_work_done --output=/root/JSA/power_experiment/measurements/scale-1x/tx2/all/inst_0149.json.yaml.csv -- demos-sched -p high -c /root/JSA/power_experiment/demos_configurations/scale-1x/tx2/all/inst_0149.json.yaml
time/ms,Cortex_A57_temp/m°C,Denver2_temp/m°C,GPU_temp/m°C,PLL_temp/m°C,Tboard_temp/m°C,Tdiode_temp/m°C,Thfan_temp/m°C,GPU_load/‰,GPU_freq/Hz,Cortex_A57_0_freq/Hz,Denver2_0_freq/Hz,Denver2_1_freq/Hz,Cortex_A57_1_freq/Hz,Cortex_A57_2_freq/Hz,Cortex_A57_3_freq/Hz,GPU_voltage/µV,CPU_voltage/µV,EMC_freq/Hz,SYS_GPU_current/mA,SYS_GPU_voltage/mV,SYS_GPU_power/mW,SYS_SOC_current/mA,SYS_SOC_voltage/mV,SYS_SOC_power/mW,4V0_WIFI_current/mA,4V0_WIFI_voltage/mV,4V0_WIFI_power/mW,IN_current/mA,IN_voltage/mV,IN_power/mW,SYS_CPU_current/mA,SYS_CPU_voltage/mV,SYS_CPU_power/mW,SYS_DDR_current/mA,SYS_DDR_voltage/mV,SYS_DDR_power/mW,CUR_PWM/%,CPU0_work_done,CPU1_work_done,CPU2_work_done,CPU3_work_done,CPU4_work_done,CPU5_work_done,CPU0_load/%,CPU1_load/%,CPU2_load/%,CPU3_load/%,CPU4_load/%,CPU5_load/%
1.10077,50000,50000,49000,50000,47000,48750,49800,0,1.4025e+08,499000,346000,345000,499000,499000,499000,630078,649414,6.656e+08,8,19208,153,24,19200,460,12,4816,57,98,19216,1883,12,19216,230,44,4816,211,0,,,,,,,0,0,0,100,0,50
30.4512,,,,,,,,,,,,,,,,,,,,,,,,,,,,,,,,,,,,,,,,0,,,,,,,,,
532.927,,,,,,,,,,,,,,,,,,,,,,,,,,,,,,,,,,,,,,,,142,,,,,,,,,
1000.79,51000,51000,49500,51000,47000,49000,50500,0,1.4025e+08,2.074e+06,2.035e+06,2.035e+06,2.035e+06,2.035e+06,2.034e+06,630078,928710,1.6e+09,8,19184,153,36,19176,690,8,4816,38,236,19192,4529,100,19184,1918,168,4816,809,0,,,,,,,26.7327,0,80,45.9184,65,0
1032.82,,,,,,,,,,,,,,,,,,,,,,,,,,,,,,,,,,,,,,,,227,,,,,,,,,
1049.84,,,,,,,,,,,,,,,,,,,,,,,,,,,,,,,,,,,,,,,,,,0,,,,,,,
1222.16,,,,,,,,,,,,,,,,,,,,,,,,,,,,,,,,,,,,,,,,,1,,,,,,,,
1532.69,,,,,,,,,,,,,,,,,,,,,,,,,,,,,,,,,,,,,,,,369,,,,,,,,,
2000.98,51000,51000,49500,51000,47000,49250,51000,0,1.4025e+08,2.034e+06,2.035e+06,2.035e+06,2.036e+06,2.035e+06,2.034e+06,630078,928710,1.6e+09,8,19176,153,36,19176,690,12,4816,57,252,19192,4836,108,19184,2071,180,4816,866,0,,,,,,,25,0,79.798,46.5347,65,1.0101
2035.52,,,,,,,,,,,,,,,,,,,,,,,,,,,,,,,,,,,,,,,,455,,,,,,,,,
2072.79,,,,,,,,,,,,,,,,,,,,,,,,,,,,,,,,,,,,,,,,,,1,,,,,,,
2304.13,,,,,,,,,,,,,,,,,,,,,,,,,,,,,,,,,,,,,,,,,2,,,,,,,,
2537.18,,,,,,,,,,,,,,,,,,,,,,,,,,,,,,,,,,,,,,,,597,,,,,,,,,
3000.79,51000,51000,49500,51000,47000,49250,51500,0,1.4025e+08,1.979e+06,2.036e+06,2.034e+06,2.036e+06,2.034e+06,2.033e+06,630078,928710,1.6e+09,8,19176,153,36,19176,690,12,4816,57,252,19192,4836,108,19184,2071,180,4816,866,0,,,,,,,24.4898,0,80,46.4646,65,4
3036.86,,,,,,,,,,,,,,,,,,,,,,,,,,,,,,,,,,,,,,,,682,,,,,,,,,
3384.98,,,,,,,,,,,,,,,,,,,,,,,,,,,,,,,,,,,,,,,,,3,,,,,,,,
3536.84,,,,,,,,,,,,,,,,,,,,,,,,,,,,,,,,,,,,,,,,824,,,,,,,,,
4000.42,51500,51500,50000,51500,47000,49500,51500,0,1.4025e+08,2.035e+06,2.035e+06,2.035e+06,2.034e+06,2.035e+06,2.036e+06,630078,928710,1.6e+09,8,19176,153,36,19176,690,8,4816,38,252,19192,4836,108,19184,2071,180,4816,866,0,,,,,,,26,0,80,46.5347,65,0
4039.93,,,,,,,,,,,,,,,,,,,,,,,,,,,,,,,,,,,,,,,,910,,,,,,,,,
4465.78,,,,,,,,,,,,,,,,,,,,,,,,,,,,,,,,,,,,,,,,,4,,,,,,,,
4539.8,,,,,,,,,,,,,,,,,,,,,,,,,,,,,,,,,,,,,,,,1052,,,,,,,,,
5000.5,51500,51500,50500,51500,47000,49500,51500,0,1.4025e+08,2.036e+06,2.035e+06,2.035e+06,2.035e+06,2.035e+06,2.036e+06,630078,928710,1.6e+09,8,19176,153,36,19176,690,12,4816,57,252,19192,4836,112,19184,2148,180,4816,866,0,,,,,,,25.2525,0.990099,80.198,46.4646,64,1.9802
5039.56,,,,,,,,,,,,,,,,,,,,,,,,,,,,,,,,,,,,,,,,1137,,,,,,,,,
5539.98,,,,,,,,,,,,,,,,,,,,,,,,,,,,,,,,,,,,,,,,1279,,,,,,,,,
6000.47,51500,51500,50000,51500,47000,49750,51500,0,1.4025e+08,2.051e+06,2.036e+06,2.035e+06,2.033e+06,2.035e+06,2.034e+06,630078,928710,1.6e+09,8,19176,153,36,19176,690,8,4816,38,252,19192,4836,108,19184,2071,184,4816,886,0,,,,,,,25.2525,0.990099,80,46.4646,65,4.9505
6043.07,,,,,,,,,,,,,,,,,,,,,,,,,,,,,,,,,,,,,,,,1365,,,,,,,,,
6082.94,,,,,,,,,,,,,,,,,,,,,,,,,,,,,,,,,,,,,,,,,5,,,,,,,,
6545.85,,,,,,,,,,,,,,,,,,,,,,,,,,,,,,,,,,,,,,,,1508,,,,,,,,,
7000.98,51500,51500,50000,51500,47000,49750,51200,0,1.4025e+08,2.034e+06,2.036e+06,2.035e+06,2.035e+06,2.035e+06,2.034e+06,630078,928710,1.6e+09,8,19176,153,36,19176,690,12,4816,57,252,19192,4836,108,19184,2071,180,4816,866,0,,,,,,,25,0,79.798,46.5347,65,0
7046.41,,,,,,,,,,,,,,,,,,,,,,,,,,,,,,,,,,,,,,,,1593,,,,,,,,,
7163.64,,,,,,,,,,,,,,,,,,,,,,,,,,,,,,,,,,,,,,,,,6,,,,,,,,
7185.66,,,,,,,,,,,,,,,,,,,,,,,,,,,,,,,,,,,,,,,,,,6,,,,,,,
7546.45,,,,,,,,,,,,,,,,,,,,,,,,,,,,,,,,,,,,,,,,1735,,,,,,,,,
8000.58,51500,51500,50000,51500,47000,49750,51200,0,1.4025e+08,2.035e+06,2.036e+06,2.034e+06,2.033e+06,2.035e+06,2.035e+06,630078,928710,1.6e+09,8,19176,153,36,19176,690,12,4816,57,252,19192,4836,108,19184,2071,180,4816,866,0,,,,,,,26,0,80.198,46.4646,64.6465,2.0202
8046.35,,,,,,,,,,,,,,,,,,,,,,,,,,,,,,,,,,,,,,,,1820,,,,,,,,,
8243.52,,,,,,,,,,,,,,,,,,,,,,,,,,,,,,,,,,,,,,,,,7,,,,,,,,
8546.97,,,,,,,,,,,,,,,,,,,,,,,,,,,,,,,,,,,,,,,,1962,,,,,,,,,
9000.92,51500,51500,50000,51500,47000,49750,50900,0,1.4025e+08,2.038e+06,2.036e+06,2.034e+06,2.034e+06,2.034e+06,2.035e+06,630078,928710,1.6e+09,8,19176,153,36,19176,690,12,4816,57,254,19192,4874,108,19184,2071,180,4816,866,0,,,,,,,24.4898,1.0101,80,47,65,2.0202
9049.96,,,,,,,,,,,,,,,,,,,,,,,,,,,,,,,,,,,,,,,,2048,,,,,,,,,
9231.13,,,,,,,,,,,,,,,,,,,,,,,,,,,,,,,,,,,,,,,,,,8,,,,,,,
9324.42,,,,,,,,,,,,,,,,,,,,,,,,,,,,,,,,,,,,,,,,,8,,,,,,,,
9552.29,,,,,,,,,,,,,,,,,,,,,,,,,,,,,,,,,,,,,,,,2191,,,,,,,,,
10000.5,51500,51500,50000,51500,47000,49750,50900,0,1.4025e+08,2.035e+06,2.035e+06,2.035e+06,2.034e+06,2.036e+06,2.034e+06,630078,928710,1.6e+09,8,19176,153,36,19176,690,12,4816,57,252,19192,4836,108,19184,2071,180,4816,866,0,,,,,,,25,0,79.798,46,64.3564,0
10051.8,,,,,,,,,,,,,,,,,,,,,,,,,,,,,,,,,,,,,,,,2276,,,,,,,,,
10252.9,,,,,,,,,,,,,,,,,,,,,,,,,,,,,,,,,,,,,,,,,,9,,,,,,,
10404,,,,,,,,,,,,,,,,,,,,,,,,,,,,,,,,,,,,,,,,,9,,,,,,,,
10551.6,,,,,,,,,,,,,,,,,,,,,,,,,,,,,,,,,,,,,,,,2418,,,,,,,,,
11000.9,51500,51500,50500,51500,47000,49750,51200,0,1.4025e+08,2.034e+06,2.035e+06,2.035e+06,2.034e+06,2.035e+06,2.035e+06,630078,928710,1.6e+09,8,19176,153,36,19176,690,12,4816,57,252,19192,4836,108,19184,2071,180,4816,866,0,,,,,,,26,0,80,46.4646,65,1.0101
11054.7,,,,,,,,,,,,,,,,,,,,,,,,,,,,,,,,,,,,,,,,2504,,,,,,,,,
11483.9,,,,,,,,,,,,,,,,,,,,,,,,,,,,,,,,,,,,,,,,,10,,,,,,,,
11554.8,,,,,,,,,,,,,,,,,,,,,,,,,,,,,,,,,,,,,,,,2646,,,,,,,,,
12001.1,51500,51500,50000,51500,47000,49750,51200,0,1.4025e+08,2.034e+06,2.036e+06,2.035e+06,2.035e+06,2.034e+06,2.035e+06,630078,928710,1.6e+09,8,19176,153,36,19176,690,12,4816,57,252,19192,4836,108,19184,2071,184,4816,886,0,,,,,,,25.2525,0,80.198,47,65,3.06122
12057.9,,,,,,,,,,,,,,,,,,,,,,,,,,,,,,,,,,,,,,,,2732,,,,,,,,,
12560.8,,,,,,,,,,,,,,,,,,,,,,,,,,,,,,,,,,,,,,,,2875,,,,,,,,,
13000.8,51500,51500,50000,51500,47000,49750,51500,0,1.4025e+08,2.034e+06,2.034e+06,2.034e+06,2.035e+06,2.034e+06,2.033e+06,630078,928710,1.6e+09,8,19176,153,36,19176,690,12,4816,57,252,19192,4836,108,19184,2071,180,4816,866,0,,,,,,,25.2525,0,80,46,64.6465,0
13060.6,,,,,,,,,,,,,,,,,,,,,,,,,,,,,,,,,,,,,,,,2960,,,,,,,,,
13099.2,,,,,,,,,,,,,,,,,,,,,,,,,,,,,,,,,,,,,,,,,11,,,,,,,,
13560.7,,,,,,,,,,,,,,,,,,,,,,,,,,,,,,,,,,,,,,,,3102,,,,,,,,,
14000.5,51500,51500,50000,51500,47000,49750,51700,0,1.4025e+08,2.036e+06,2.037e+06,2.034e+06,2.035e+06,2.035e+06,2.035e+06,630078,928710,1.6e+09,8,19176,153,36,19176,690,8,4816,38,254,19192,4874,112,19184,2148,184,4816,886,0,,,,,,,26,0,80,46.5347,65,2.0202
14063.5,,,,,,,,,,,,,,,,,,,,,,,,,,,,,,,,,,,,,,,,3188,,,,,,,,,
14178.8,,,,,,,,,,,,,,,,,,,,,,,,,,,,,,,,,,,,,,,,,12,,,,,,,,
14563.9,,,,,,,,,,,,,,,,,,,,,,,,,,,,,,,,,,,,,,,,3330,,,,,,,,,
15001,52000,52000,50000,52000,47000,50000,52000,0,1.4025e+08,2.035e+06,2.035e+06,2.034e+06,2.034e+06,2.035e+06,2.034e+06,630078,928710,1.6e+09,8,19176,153,36,19176,690,12,4816,57,252,19192,4836,108,19184,2071,180,4816,866,0,,,,,,,25,0,79.798,46.4646,65,4
15066.9,,,,,,,,,,,,,,,,,,,,,,,,,,,,,,,,,,,,,,,,3416,,,,,,,,,
15262.6,,,,,,,,,,,,,,,,,,,,,,,,,,,,,,,,,,,,,,,,,13,,,,,,,,
15569.5,,,,,,,,,,,,,,,,,,,,,,,,,,,,,,,,,,,,,,,,3559,,,,,,,,,
16000.9,51500,51500,50000,51500,47000,50000,52000,0,1.4025e+08,2.036e+06,2.035e+06,2.035e+06,2.035e+06,2.036e+06,2.035e+06,630078,928710,1.6e+09,8,19176,153,36,19176,690,8,4816,38,252,19192,4836,108,19184,2071,180,4816,866,0,,,,,,,25.2525,0,80,46.4646,65,0
16069.1,,,,,,,,,,,,,,,,,,,,,,,,,,,,,,,,,,,,,,,,3644,,,,,,,,,
16342.5,,,,,,,,,,,,,,,,,,,,,,,,,,,,,,,,,,,,,,,,,14,,,,,,,,
16571.6,,,,,,,,,,,,,,,,,,,,,,,,,,,,,,,,,,,,,,,,3787,,,,,,,,,
17000.6,51500,51500,50000,51500,47000,50000,51700,0,1.4025e+08,2.034e+06,2.036e+06,2.035e+06,2.034e+06,2.034e+06,2.035e+06,630078,928710,1.6e+09,8,19176,153,36,19176,690,8,4816,38,252,19192,4836,108,19184,2071,180,4816,866,0,,,,,,,25.2525,0,80.198,46.5347,64.3564,2
17074.6,,,,,,,,,,,,,,,,,,,,,,,,,,,,,,,,,,,,,,,,3873,,,,,,,,,
17423.9,,,,,,,,,,,,,,,,,,,,,,,,,,,,,,,,,,,,,,,,,15,,,,,,,,
17575.2,,,,,,,,,,,,,,,,,,,,,,,,,,,,,,,,,,,,,,,,4015,,,,,,,,,
18000.7,52000,52000,50500,52000,47000,49750,51700,0,1.4025e+08,2.074e+06,2.034e+06,2.035e+06,2.035e+06,2.035e+06,2.035e+06,630078,928710,1.6e+09,8,19176,153,36,19176,690,12,4816,57,252,19192,4836,112,19184,2148,184,4816,886,0,,,,,,,25.7426,0,79.798,46.4646,64.6465,3.0303
18075.1,,,,,,,,,,,,,,,,,,,,,,,,,,,,,,,,,,,,,,,,4100,,,,,,,,,
18577.8,,,,,,,,,,,,,,,,,,,,,,,,,,,,,,,,,,,,,,,,4243,,,,,,,,,
19000.8,51500,51500,50500,51500,47000,50000,51200,0,1.4025e+08,2.036e+06,2.036e+06,2.035e+06,2.035e+06,2.035e+06,2.034e+06,630078,928710,1.6e+09,8,19176,153,36,19176,690,12,4816,57,252,19192,4836,108,19184,2071,180,4816,866,0,,,,,,,25.2525,0,80.198,47,65,0
19038.1,,,,,,,,,,,,,,,,,,,,,,,,,,,,,,,,,,,,,,,,,16,,,,,,,,
19081,,,,,,,,,,,,,,,,,,,,,,,,,,,,,,,,,,,,,,,,4329,,,,,,,,,
19583.8,,,,,,,,,,,,,,,,,,,,,,,,,,,,,,,,,,,,,,,,4472,,,,,,,,,
20000.8,52000,52000,50500,52000,47000,50000,51200,0,1.4025e+08,2.036e+06,2.035e+06,2.034e+06,2.035e+06,2.034e+06,2.035e+06,630078,928710,1.6e+09,8,19176,153,36,19176,690,12,4816,57,252,19192,4836,108,19184,2071,180,4816,866,0,,,,,,,26,0,79.798,46,65,1.0101
20086.6,,,,,,,,,,,,,,,,,,,,,,,,,,,,,,,,,,,,,,,,4558,,,,,,,,,
20119.2,,,,,,,,,,,,,,,,,,,,,,,,,,,,,,,,,,,,,,,,,17,,,,,,,,
20589.8,,,,,,,,,,,,,,,,,,,,,,,,,,,,,,,,,,,,,,,,4701,,,,,,,,,
21000.9,52000,52000,50000,52000,47000,50000,51200,0,1.4025e+08,2.035e+06,2.034e+06,2.035e+06,2.035e+06,2.035e+06,2.035e+06,630078,928710,1.6e+09,8,19176,153,36,19176,690,12,4816,57,252,19192,4836,108,19184,2071,180,4816,866,0,,,,,,,25,0,80.198,46.4646,65,4
21092.6,,,,,,,,,,,,,,,,,,,,,,,,,,,,,,,,,,,,,,,,4787,,,,,,,,,
21201.5,,,,,,,,,,,,,,,,,,,,,,,,,,,,,,,,,,,,,,,,,18,,,,,,,,
21594.7,,,,,,,,,,,,,,,,,,,,,,,,,,,,,,,,,,,,,,,,4930,,,,,,,,,
22000.7,52000,52000,50500,52000,47000,50000,51700,0,1.4025e+08,2.035e+06,2.036e+06,2.035e+06,2.033e+06,2.034e+06,2.035e+06,630078,928710,1.6e+09,8,19176,153,36,19176,690,12,4816,57,252,19192,4836,108,19184,2071,180,4816,866,0,,,,,,,26,0,79.798,47,64.3564,1.0101
22097.4,,,,,,,,,,,,,,,,,,,,,,,,,,,,,,,,,,,,,,,,5016,,,,,,,,,
22280,,,,,,,,,,,,,,,,,,,,,,,,,,,,,,,,,,,,,,,,,19,,,,,,,,
22599.8,,,,,,,,,,,,,,,,,,,,,,,,,,,,,,,,,,,,,,,,5159,,,,,,,,,
23001.1,52000,52000,50000,52000,47000,50000,52000,0,1.4025e+08,2.035e+06,2.036e+06,2.035e+06,2.034e+06,2.035e+06,2.036e+06,630078,928710,1.6e+09,8,19176,153,36,19176,690,12,4816,57,252,19192,4836,108,19184,2071,180,4816,866,0,,,,,,,25,0,80,46,64.6465,1.02041
23100,,,,,,,,,,,,,,,,,,,,,,,,,,,,,,,,,,,,,,,,5244,,,,,,,,,
23362.7,,,,,,,,,,,,,,,,,,,,,,,,,,,,,,,,,,,,,,,,,20,,,,,,,,
23600.3,,,,,,,,,,,,,,,,,,,,,,,,,,,,,,,,,,,,,,,,5386,,,,,,,,,
24000.6,52000,52000,50500,52000,47000,50000,52000,0,1.4025e+08,2.035e+06,2.037e+06,2.036e+06,2.035e+06,2.035e+06,2.034e+06,630078,928710,1.6e+09,8,19176,153,36,19176,690,12,4816,57,252,19192,4836,108,19184,2071,184,4816,886,0,,,,,,,25.2525,1,80.198,47,65,3.0303
24102.7,,,,,,,,,,,,,,,,,,,,,,,,,,,,,,,,,,,,,,,,5472,,,,,,,,,
24442.7,,,,,,,,,,,,,,,,,,,,,,,,,,,,,,,,,,,,,,,,,21,,,,,,,,
24605,,,,,,,,,,,,,,,,,,,,,,,,,,,,,,,,,,,,,,,,5615,,,,,,,,,
25000.2,52000,52000,50500,52000,47000,50000,52000,0,1.4025e+08,2.072e+06,2.036e+06,2.034e+06,2.035e+06,2.034e+06,2.035e+06,630078,928710,1.6e+09,8,19176,153,36,19176,690,8,4816,38,252,19192,4836,108,19184,2071,180,4816,866,0,,,,,,,25.2525,0,79.798,46.4646,65,0
25104.7,,,,,,,,,,,,,,,,,,,,,,,,,,,,,,,,,,,,,,,,5700,,,,,,,,,
25607.1,,,,,,,,,,,,,,,,,,,,,,,,,,,,,,,,,,,,,,,,5843,,,,,,,,,
26000.9,52000,52000,50500,52000,47000,50000,52000,0,1.4025e+08,2.035e+06,2.037e+06,2.035e+06,2.034e+06,2.035e+06,2.035e+06,630078,928710,1.6e+09,8,19176,153,36,19176,690,12,4816,57,252,19192,4836,108,19184,2071,184,4816,886,0,,,,,,,25.7426,0,80,46,65,1.0101
26058.6,,,,,,,,,,,,,,,,,,,,,,,,,,,,,,,,,,,,,,,,,22,,,,,,,,
26106.6,,,,,,,,,,,,,,,,,,,,,,,,,,,,,,,,,,,,,,,,5928,,,,,,,,,
26609.6,,,,,,,,,,,,,,,,,,,,,,,,,,,,,,,,,,,,,,,,6071,,,,,,,,,
27000.3,52000,52000,50500,52000,47000,50000,52000,0,1.4025e+08,2.037e+06,2.037e+06,2.035e+06,2.034e+06,2.034e+06,2.035e+06,630078,928710,1.6e+09,8,19176,153,36,19176,690,12,4816,57,252,19192,4836,108,19184,2071,180,4816,866,0,,,,,,,25,1,80,47,64.3564,1.03093
27112.1,,,,,,,,,,,,,,,,,,,,,,,,,,,,,,,,,,,,,,,,6157,,,,,,,,,
27142,,,,,,,,,,,,,,,,,,,,,,,,,,,,,,,,,,,,,,,,,23,,,,,,,,
27614.3,,,,,,,,,,,,,,,,,,,,,,,,,,,,,,,,,,,,,,,,6300,,,,,,,,,
27629.7,,,,,,,,,,,,,,,,,,,,,,,,,,,,,,,,,,,,,,,,,,26,,,,,,,
28000.3,52000,52000,50500,52000,47000,50000,51400,0,1.4025e+08,2.035e+06,2.035e+06,2.036e+06,2.034e+06,2.035e+06,2.035e+06,630078,928710,1.6e+09,8,19176,153,36,19176,690,12,4816,57,254,19192,4836,108,19184,2071,180,4816,866,0,,,,,,,25.2525,0,80.198,46.4646,64.6465,2
28113.9,,,,,,,,,,,,,,,,,,,,,,,,,,,,,,,,,,,,,,,,6385,,,,,,,,,
28222.4,,,,,,,,,,,,,,,,,,,,,,,,,,,,,,,,,,,,,,,,,24,,,,,,,,
28616.4,,,,,,,,,,,,,,,,,,,,,,,,,,,,,,,,,,,,,,,,6528,,,,,,,,,
28651.4,,,,,,,,,,,,,,,,,,,,,,,,,,,,,,,,,,,,,,,,,,27,,,,,,,
29000.7,52000,52000,50500,52000,47000,50000,51400,0,1.4025e+08,2.063e+06,2.035e+06,2.035e+06,2.034e+06,2.035e+06,2.034e+06,630078,928710,1.6e+09,8,19176,153,36,19176,690,12,4816,57,252,19192,4836,108,19184,2071,180,4816,866,0,,,,,,,25.2525,0,79.798,47.0588,65.3465,1.0101
29116.4,,,,,,,,,,,,,,,,,,,,,,,,,,,,,,,,,,,,,,,,6613,,,,,,,,,
29305.2,,,,,,,,,,,,,,,,,,,,,,,,,,,,,,,,,,,,,,,,,25,,,,,,,,
29616,,,,,,,,,,,,,,,,,,,,,,,,,,,,,,,,,,,,,,,,6755,,,,,,,,,
30000.5,52000,52000,50500,52000,47000,50000,51400,0,1.4025e+08,2.036e+06,2.036e+06,2.037e+06,2.035e+06,2.036e+06,2.034e+06,630078,928710,1.6e+09,8,19176,153,36,19176,690,12,4816,57,254,19192,4874,112,19184,2148,184,4816,886,0,,,,,,,25.2525,1,80.198,46.4646,65,4.0404
30031.7,,,,,,,,,,,,,,,,,,,,,,,,,,,,,,,,,,,,,,,,,,28,,,,,,,
30118.7,,,,,,,,,,,,,,,,,,,,,,,,,,,,,,,,,,,,,,,,6841,,,,,,,,,
30385.2,,,,,,,,,,,,,,,,,,,,,,,,,,,,,,,,,,,,,,,,,26,,,,,,,,
30620.6,,,,,,,,,,,,,,,,,,,,,,,,,,,,,,,,,,,,,,,,6984,,,,,,,,,
31000.6,52000,52000,50500,52000,47000,50000,51400,0,1.4025e+08,2.035e+06,2.035e+06,2.035e+06,2.034e+06,2.035e+06,2.035e+06,630078,928710,1.6e+09,8,19176,153,36,19176,690,12,4816,57,252,19192,4836,108,19184,2071,180,4816,866,0,,,,,,,25,0,79.798,46.4646,65,0
31123.5,,,,,,,,,,,,,,,,,,,,,,,,,,,,,,,,,,,,,,,,7070,,,,,,,,,
31465.7,,,,,,,,,,,,,,,,,,,,,,,,,,,,,,,,,,,,,,,,,27,,,,,,,,
31625.9,,,,,,,,,,,,,,,,,,,,,,,,,,,,,,,,,,,,,,,,7213,,,,,,,,,
32000.9,52000,52000,50500,52000,47000,50000,51700,0,1.4025e+08,2.036e+06,2.035e+06,2.035e+06,2.034e+06,2.035e+06,2.035e+06,630078,928710,1.6e+09,8,19176,153,36,19176,690,8,4816,38,252,19192,4836,112,19184,2148,180,4816,866,0,,,,,,,26.7327,0,80.198,46.5347,64.3564,0
32128.8,,,,,,,,,,,,,,,,,,,,,,,,,,,,,,,,,,,,,,,,7299,,,,,,,,,
32628.6,,,,,,,,,,,,,,,,,,,,,,,,,,,,,,,,,,,,,,,,7441,,,,,,,,,
33000.4,52000,52000,50500,52000,47000,50000,51700,0,1.4025e+08,2.035e+06,2.034e+06,2.035e+06,2.034e+06,2.034e+06,2.035e+06,630078,928710,1.6e+09,8,19176,153,36,19176,690,8,4816,38,252,19192,4836,108,19184,2071,180,4816,866,0,,,,,,,25.2525,0,80.8081,46.4646,64.6465,4
33083.4,,,,,,,,,,,,,,,,,,,,,,,,,,,,,,,,,,,,,,,,,28,,,,,,,,
33103.9,,,,,,,,,,,,,,,,,,,,,,,,,,,,,,,,,,,,,,,,,,31,,,,,,,
33131.9,,,,,,,,,,,,,,,,,,,,,,,,,,,,,,,,,,,,,,,,7527,,,,,,,,,
33633.9,,,,,,,,,,,,,,,,,,,,,,,,,,,,,,,,,,,,,,,,7670,,,,,,,,,
34000.8,52000,52000,50500,52000,47000,50000,52000,0,1.4025e+08,2.034e+06,2.035e+06,2.035e+06,2.035e+06,2.035e+06,2.035e+06,630078,928710,1.6e+09,8,19184,153,36,19176,690,12,4816,57,252,19192,4836,108,19184,2071,180,4816,866,0,,,,,,,25.7426,0,79,46.5347,65,1
34136.8,,,,,,,,,,,,,,,,,,,,,,,,,,,,,,,,,,,,,,,,7756,,,,,,,,,
34164.7,,,,,,,,,,,,,,,,,,,,,,,,,,,,,,,,,,,,,,,,,29,,,,,,,,
34638.8,,,,,,,,,,,,,,,,,,,,,,,,,,,,,,,,,,,,,,,,7899,,,,,,,,,
35000.6,52000,52000,50500,52000,48000,50250,52000,0,1.4025e+08,2.034e+06,2.034e+06,2.035e+06,2.035e+06,2.035e+06,2.035e+06,630078,928710,1.6e+09,8,19176,153,36,19176,690,12,4816,57,252,19192,4836,108,19184,2071,180,4816,866,0,,,,,,,24.4898,0,80.8081,46.4646,65,0
35141.5,,,,,,,,,,,,,,,,,,,,,,,,,,,,,,,,,,,,,,,,7985,,,,,,,,,
35146.8,,,,,,,,,,,,,,,,,,,,,,,,,,,,,,,,,,,,,,,,,,33,,,,,,,
35247.9,,,,,,,,,,,,,,,,,,,,,,,,,,,,,,,,,,,,,,,,,30,,,,,,,,
35640.8,,,,,,,,,,,,,,,,,,,,,,,,,,,,,,,,,,,,,,,,8127,,,,,,,,,
36000.7,52000,52000,50500,52000,48000,50000,52000,0,1.4025e+08,2.034e+06,2.034e+06,2.034e+06,2.034e+06,2.034e+06,2.036e+06,630078,928710,1.6e+09,8,19176,153,36,19176,690,12,4816,57,254,19192,4836,112,19184,2148,184,4816,886,0,,,,,,,25.2525,0,80,46,65,4.0404
36143.6,,,,,,,,,,,,,,,,,,,,,,,,,,,,,,,,,,,,,,,,8213,,,,,,,,,
36170.7,,,,,,,,,,,,,,,,,,,,,,,,,,,,,,,,,,,,,,,,,,34,,,,,,,
36328.3,,,,,,,,,,,,,,,,,,,,,,,,,,,,,,,,,,,,,,,,,31,,,,,,,,
36645.4,,,,,,,,,,,,,,,,,,,,,,,,,,,,,,,,,,,,,,,,8356,,,,,,,,,
37000.7,52000,52000,50500,52000,48000,50250,52000,0,1.4025e+08,2.034e+06,2.035e+06,2.035e+06,2.034e+06,2.034e+06,2.035e+06,630078,928710,1.6e+09,8,19176,153,36,19176,690,12,4816,57,252,19192,4836,108,19184,2071,180,4816,866,0,,,,,,,25.2525,0,80.198,47,65,0
37145.1,,,,,,,,,,,,,,,,,,,,,,,,,,,,,,,,,,,,,,,,8441,,,,,,,,,
37193.5,,,,,,,,,,,,,,,,,,,,,,,,,,,,,,,,,,,,,,,,,,35,,,,,,,
37407.8,,,,,,,,,,,,,,,,,,,,,,,,,,,,,,,,,,,,,,,,,32,,,,,,,,
37647.3,,,,,,,,,,,,,,,,,,,,,,,,,,,,,,,,,,,,,,,,8584,,,,,,,,,
38001.1,52000,52000,50500,52000,48000,50000,52000,0,1.4025e+08,2.064e+06,2.036e+06,2.035e+06,2.033e+06,2.034e+06,2.036e+06,630078,928710,1.6e+09,8,19176,153,36,19176,690,12,4816,57,252,19192,4836,108,19184,2071,184,4816,886,0,,,,,,,25.2525,0,79.798,46.4646,64.3564,1.0101
38150,,,,,,,,,,,,,,,,,,,,,,,,,,,,,,,,,,,,,,,,8670,,,,,,,,,
38652.9,,,,,,,,,,,,,,,,,,,,,,,,,,,,,,,,,,,,,,,,8813,,,,,,,,,
39000.9,52000,52000,50500,52000,48000,50000,51700,0,1.4025e+08,2.037e+06,2.035e+06,2.035e+06,2.034e+06,2.035e+06,2.034e+06,630078,928710,1.6e+09,8,19176,153,36,19176,690,12,4816,57,252,19192,4836,108,19184,2071,180,4816,866,0,,,,,,,26,0,80,46,65,3.0303
39027.8,,,,,,,,,,,,,,,,,,,,,,,,,,,,,,,,,,,,,,,,,33,,,,,,,,
39155.8,,,,,,,,,,,,,,,,,,,,,,,,,,,,,,,,,,,,,,,,8899,,,,,,,,,
39657.9,,,,,,,,,,,,,,,,,,,,,,,,,,,,,,,,,,,,,,,,9042,,,,,,,,,
40000.9,52000,52000,50500,52000,48000,50250,51600,0,1.4025e+08,2.068e+06,2.034e+06,2.035e+06,2.034e+06,2.036e+06,2.035e+06,630078,928710,1.6e+09,8,19176,153,36,19176,690,12,4816,57,252,19192,4836,108,19184,2071,180,4816,866,0,,,,,,,25.7426,0,80.198,47,64.6465,0
40109,,,,,,,,,,,,,,,,,,,,,,,,,,,,,,,,,,,,,,,,,34,,,,,,,,
40160.4,,,,,,,,,,,,,,,,,,,,,,,,,,,,,,,,,,,,,,,,9128,,,,,,,,,
40662.5,,,,,,,,,,,,,,,,,,,,,,,,,,,,,,,,,,,,,,,,9271,,,,,,,,,
41000.7,52000,52000,50500,52000,48000,50250,51600,0,1.4025e+08,2.035e+06,2.036e+06,2.035e+06,2.035e+06,2.034e+06,2.036e+06,630078,928710,1.6e+09,8,19176,153,36,19176,690,12,4816,38,252,19192,4836,108,19184,2071,180,4816,866,0,,,,,,,25.2525,0,80,46.4646,65,2
41161.9,,,,,,,,,,,,,,,,,,,,,,,,,,,,,,,,,,,,,,,,9356,,,,,,,,,
41189.8,,,,,,,,,,,,,,,,,,,,,,,,,,,,,,,,,,,,,,,,,35,,,,,,,,
41665,,,,,,,,,,,,,,,,,,,,,,,,,,,,,,,,,,,,,,,,9499,,,,,,,,,
42001,52000,52000,50500,52000,48000,50000,51400,0,1.4025e+08,2.035e+06,2.035e+06,2.036e+06,2.035e+06,2.035e+06,2.036e+06,630078,928710,1.6e+09,8,19176,153,36,19176,690,12,4816,57,254,19192,4874,108,19184,2071,184,4816,886,0,,,,,,,25.2525,1,79.798,46,65,4
42167.8,,,,,,,,,,,,,,,,,,,,,,,,,,,,,,,,,,,,,,,,9585,,,,,,,,,
42272.3,,,,,,,,,,,,,,,,,,,,,,,,,,,,,,,,,,,,,,,,,36,,,,,,,,
42669.3,,,,,,,,,,,,,,,,,,,,,,,,,,,,,,,,,,,,,,,,9728,,,,,,,,,
43000.5,52000,52000,50500,52000,48000,50000,51700,0,1.4025e+08,2.035e+06,2.035e+06,2.035e+06,2.034e+06,2.034e+06,2.035e+06,630078,928710,1.6e+09,8,19176,153,36,19176,690,12,4816,57,254,19192,4874,108,19184,2071,180,4816,866,0,,,,,,,26,0,80,47,65,1.0101
43171.5,,,,,,,,,,,,,,,,,,,,,,,,,,,,,,,,,,,,,,,,9813,,,,,,,,,
43352.1,,,,,,,,,,,,,,,,,,,,,,,,,,,,,,,,,,,,,,,,,37,,,,,,,,
43671.1,,,,,,,,,,,,,,,,,,,,,,,,,,,,,,,,,,,,,,,,9956,,,,,,,,,
44000.3,52000,52000,50500,52000,48000,50000,52000,0,1.4025e+08,2.035e+06,2.035e+06,2.034e+06,2.034e+06,2.036e+06,2.034e+06,630078,928710,1.6e+09,8,19176,153,36,19176,690,12,4816,57,252,19192,4836,108,19184,2071,184,4816,886,0,,,,,,,25,0,80,46,64.3564,2
44173.7,,,,,,,,,,,,,,,,,,,,,,,,,,,,,,,,,,,,,,,,10042,,,,,,,,,
44355.5,,,,,,,,,,,,,,,,,,,,,,,,,,,,,,,,,,,,,,,,,,42,,,,,,,
44434.3,,,,,,,,,,,,,,,,,,,,,,,,,,,,,,,,,,,,,,,,,38,,,,,,,,
44676.6,,,,,,,,,,,,,,,,,,,,,,,,,,,,,,,,,,,,,,,,10185,,,,,,,,,
45000.8,52000,52000,50500,52000,48000,50250,52000,0,1.4025e+08,2.034e+06,2.035e+06,2.035e+06,2.035e+06,2.035e+06,2.034e+06,630078,928710,1.6e+09,8,19176,153,36,19176,690,12,4816,57,254,19192,4874,108,19184,2071,180,4816,866,0,,,,,,,25.2525,0,80.198,47,64.6465,3.0303
45179.3,,,,,,,,,,,,,,,,,,,,,,,,,,,,,,,,,,,,,,,,10271,,,,,,,,,
45376.2,,,,,,,,,,,,,,,,,,,,,,,,,,,,,,,,,,,,,,,,,,43,,,,,,,
45681.5,,,,,,,,,,,,,,,,,,,,,,,,,,,,,,,,,,,,,,,,10414,,,,,,,,,
46000.3,52000,52000,50500,52000,48000,50250,52000,0,1.4025e+08,2.036e+06,2.035e+06,2.035e+06,2.036e+06,2.035e+06,2.036e+06,630078,928710,1.6e+09,8,19176,153,36,19176,690,12,4816,57,252,19192,4836,112,19184,2148,180,4816,866,0,,,,,,,25.2525,0,79.798,46.4646,65,1.0101
46047.6,,,,,,,,,,,,,,,,,,,,,,,,,,,,,,,,,,,,,,,,,39,,,,,,,,
46184,,,,,,,,,,,,,,,,,,,,,,,,,,,,,,,,,,,,,,,,10500,,,,,,,,,
46397.6,,,,,,,,,,,,,,,,,,,,,,,,,,,,,,,,,,,,,,,,,,44,,,,,,,
46683.7,,,,,,,,,,,,,,,,,,,,,,,,,,,,,,,,,,,,,,,,10642,,,,,,,,,
47001,52000,52000,50500,52000,48000,50250,52000,0,1.4025e+08,2.065e+06,2.035e+06,2.036e+06,2.036e+06,2.035e+06,2.035e+06,630078,928710,1.6e+09,8,19176,153,36,19176,690,12,4816,57,252,19192,4836,108,19184,2071,180,4816,866,0,,,,,,,25.2525,0,80.198,46,65,1.0101
47127.8,,,,,,,,,,,,,,,,,,,,,,,,,,,,,,,,,,,,,,,,,40,,,,,,,,
47183.6,,,,,,,,,,,,,,,,,,,,,,,,,,,,,,,,,,,,,,,,10727,,,,,,,,,
47684.7,,,,,,,,,,,,,,,,,,,,,,,,,,,,,,,,,,,,,,,,10869,,,,,,,,,
48000.9,52000,52000,50500,52000,48000,50250,52000,190,1.4025e+08,2.035e+06,2.036e+06,2.034e+06,2.036e+06,2.036e+06,2.035e+06,630078,928710,1.6e+09,8,19176,153,36,19176,690,12,4816,57,254,19192,4874,108,19184,2071,184,4816,886,0,,,,,,,25,0,79.798,47,64.6465,4.0404
48187.7,,,,,,,,,,,,,,,,,,,,,,,,,,,,,,,,,,,,,,,,10955,,,,,,,,,
48209.6,,,,,,,,,,,,,,,,,,,,,,,,,,,,,,,,,,,,,,,,,41,,,,,,,,
48690.2,,,,,,,,,,,,,,,,,,,,,,,,,,,,,,,,,,,,,,,,11098,,,,,,,,,
49000.5,52000,52000,50500,52000,48000,50250,52000,0,1.4025e+08,2.035e+06,2.034e+06,2.036e+06,2.035e+06,2.034e+06,2.034e+06,630078,928710,1.6e+09,8,19176,153,36,19176,690,12,4816,57,252,19192,4836,108,19184,2071,180,4816,866,0,,,,,,,26,0,80,46,64.3564,0
49189.9,,,,,,,,,,,,,,,,,,,,,,,,,,,,,,,,,,,,,,,,11183,,,,,,,,,
49290.1,,,,,,,,,,,,,,,,,,,,,,,,,,,,,,,,,,,,,,,,,42,,,,,,,,
49693,,,,,,,,,,,,,,,,,,,,,,,,,,,,,,,,,,,,,,,,11326,,,,,,,,,
50000.3,52000,52000,50500,52000,48000,50250,51700,189,1.4025e+08,2.035e+06,2.035e+06,2.034e+06,2.035e+06,2.035e+06,2.034e+06,630078,928710,1.6e+09,8,19176,153,36,19176,690,12,4816,57,254,19192,4836,108,19184,2071,184,4816,886,0,,,,,,,25,0,80.198,47,65,2.0202
50192.7,,,,,,,,,,,,,,,,,,,,,,,,,,,,,,,,,,,,,,,,11411,,,,,,,,,
50371.8,,,,,,,,,,,,,,,,,,,,,,,,,,,,,,,,,,,,,,,,,43,,,,,,,,
50695.8,,,,,,,,,,,,,,,,,,,,,,,,,,,,,,,,,,,,,,,,11554,,,,,,,,,
51000.9,52000,52000,50500,52000,48000,50250,51400,0,1.4025e+08,2.052e+06,2.035e+06,2.034e+06,2.034e+06,2.034e+06,2.035e+06,630078,928710,1.6e+09,8,19176,153,36,19176,690,12,4816,57,252,19192,4798,108,19184,2071,180,4816,866,0,,,,,,,25.2525,0,79.798,46.4646,65,3.9604
51198.6,,,,,,,,,,,,,,,,,,,,,,,,,,,,,,,,,,,,,,,,11640,,,,,,,,,
51452.6,,,,,,,,,,,,,,,,,,,,,,,,,,,,,,,,,,,,,,,,,44,,,,,,,,
51700.8,,,,,,,,,,,,,,,,,,,,,,,,,,,,,,,,,,,,,,,,11783,,,,,,,,,
52000.9,52000,52000,50500,52000,48000,50250,51400,0,1.4025e+08,2.073e+06,2.036e+06,2.036e+06,2.036e+06,2.034e+06,2.034e+06,630078,928710,1.6e+09,8,19176,153,36,19176,690,8,4816,38,252,19192,4836,108,19184,2071,180,4816,866,0,,,,,,,25.2525,0,80.198,46,65,1.0101
52204,,,,,,,,,,,,,,,,,,,,,,,,,,,,,,,,,,,,,,,,11869,,,,,,,,,
52706.4,,,,,,,,,,,,,,,,,,,,,,,,,,,,,,,,,,,,,,,,12012,,,,,,,,,
53000.5,52000,52000,50500,52000,48000,50250,51400,0,1.4025e+08,2.035e+06,2.036e+06,2.034e+06,2.034e+06,2.035e+06,2.035e+06,630078,928710,1.6e+09,8,19176,153,36,19176,690,8,4816,38,252,19192,4836,108,19184,2071,184,4816,886,0,,,,,,,25.2525,0,80,47,64.6465,1.0101
53068.8,,,,,,,,,,,,,,,,,,,,,,,,,,,,,,,,,,,,,,,,,45,,,,,,,,
53206.1,,,,,,,,,,,,,,,,,,,,,,,,,,,,,,,,,,,,,,,,12097,,,,,,,,,
53709,,,,,,,,,,,,,,,,,,,,,,,,,,,,,,,,,,,,,,,,12240,,,,,,,,,
54001,52000,52000,50500,52000,48000,50250,52000,50,1.4025e+08,2.035e+06,2.035e+06,2.034e+06,2.035e+06,2.035e+06,2.034e+06,630078,928710,1.6e+09,8,19176,153,36,19176,690,12,4816,57,254,19192,4874,112,19184,2148,184,4816,886,0,,,,,,,26,0,80,47,64.3564,4
54154.4,,,,,,,,,,,,,,,,,,,,,,,,,,,,,,,,,,,,,,,,,46,,,,,,,,
54211.7,,,,,,,,,,,,,,,,,,,,,,,,,,,,,,,,,,,,,,,,12326,,,,,,,,,
54714,,,,,,,,,,,,,,,,,,,,,,,,,,,,,,,,,,,,,,,,12469,,,,,,,,,
55000.8,52000,52000,50500,52000,48000,50250,52300,0,1.4025e+08,2.034e+06,2.034e+06,2.035e+06,2.034e+06,2.035e+06,2.036e+06,630078,928710,1.6e+09,8,19176,153,36,19176,690,12,4816,57,252,19192,4836,112,19184,2148,180,4816,866,0,,,,,,,25.7426,0,80,46,65,1.0101
55213.9,,,,,,,,,,,,,,,,,,,,,,,,,,,,,,,,,,,,,,,,12554,,,,,,,,,
55234.7,,,,,,,,,,,,,,,,,,,,,,,,,,,,,,,,,,,,,,,,,47,,,,,,,,
55716.3,,,,,,,,,,,,,,,,,,,,,,,,,,,,,,,,,,,,,,,,12697,,,,,,,,,
56000.2,52000,52000,50500,52000,48000,50250,52300,13,1.4025e+08,2.036e+06,2.035e+06,2.035e+06,2.034e+06,2.033e+06,2.035e+06,630078,928710,1.6e+09,8,19176,153,36,19176,690,12,4816,57,254,19192,4874,112,19184,2148,184,4816,886,0,,,,,,,25.2525,0,79.798,47,65,2
56216.9,,,,,,,,,,,,,,,,,,,,,,,,,,,,,,,,,,,,,,,,12782,,,,,,,,,
56316.6,,,,,,,,,,,,,,,,,,,,,,,,,,,,,,,,,,,,,,,,,48,,,,,,,,
56716.6,,,,,,,,,,,,,,,,,,,,,,,,,,,,,,,,,,,,,,,,12924,,,,,,,,,
57000.2,52000,52000,50500,52000,48000,50250,52300,0,1.4025e+08,2.036e+06,2.035e+06,2.034e+06,2.034e+06,2.035e+06,2.034e+06,630078,928710,1.6e+09,8,19176,153,36,19176,690,12,4816,57,252,19192,4836,108,19184,2071,184,4816,886,0,,,,,,,25.7426,1.0101,80.198,46.4646,65,6.93069
57219.4,,,,,,,,,,,,,,,,,,,,,,,,,,,,,,,,,,,,,,,,13010,,,,,,,,,
57397.6,,,,,,,,,,,,,,,,,,,,,,,,,,,,,,,,,,,,,,,,,49,,,,,,,,
57721.7,,,,,,,,,,,,,,,,,,,,,,,,,,,,,,,,,,,,,,,,13153,,,,,,,,,
58000.6,52000,52000,50500,52000,48000,50250,52200,0,1.4025e+08,2.034e+06,2.035e+06,2.036e+06,2.035e+06,2.036e+06,2.033e+06,630078,928710,1.6e+09,8,19176,153,36,19176,690,12,4816,57,252,19192,4836,108,19184,2071,184,4816,886,0,,,,,,,26,0,79.798,46,64.6465,1.0101
58221.9,,,,,,,,,,,,,,,,,,,,,,,,,,,,,,,,,,,,,,,,13238,,,,,,,,,
58478.4,,,,,,,,,,,,,,,,,,,,,,,,,,,,,,,,,,,,,,,,,50,,,,,,,,
58724.6,,,,,,,,,,,,,,,,,,,,,,,,,,,,,,,,,,,,,,,,13381,,,,,,,,,
59000.4,52000,52000,50500,52000,48000,50500,52200,0,1.4025e+08,1.686e+06,2.036e+06,2.035e+06,2.035e+06,2.035e+06,2.034e+06,630078,928710,1.6e+09,8,19176,153,36,19176,690,12,4816,57,254,19192,4874,108,19184,2071,184,4816,886,0,,,,,,,25.2525,0,80,46.4646,65,1.02041
59224.8,,,,,,,,,,,,,,,,,,,,,,,,,,,,,,,,,,,,,,,,13466,,,,,,,,,
59727.4,,,,,,,,,,,,,,,,,,,,,,,,,,,,,,,,,,,,,,,,13609,,,,,,,,,
60001,52000,52000,51000,52000,48000,50250,51700,0,1.4025e+08,2.044e+06,2.036e+06,2.035e+06,2.035e+06,2.034e+06,2.035e+06,630078,928710,1.6e+09,8,19176,153,36,19176,690,12,4816,57,254,19192,4874,108,19184,2071,184,4816,886,0,,,,,,,24.4898,0,80,46.5347,65,4
