# Started at: 2022-05-13 03:26:13 +0000, Version: v0.1-177-gf3f14d1, Generated by: thermobench --verbose --time=180 --wait=50 --wait-timeout=60 --sensors_file=/root/thermobench/src/sensors.imx8 --cpu-usage --column=CPU0_work_done --column=CPU1_work_done --column=CPU2_work_done --column=CPU3_work_done --column=CPU4_work_done --column=CPU5_work_done --output=/root/JSA/lr_experiment/measurements/imx8b//34_0_0_0_9_0.json.yaml.csv -- demos-sched -p high -c /root/JSA/lr_experiment/demos_configurations/imx8b//34_0_0_0_9_0.json.yaml
time/ms,CPU_0_temp/m°C,CPU_1_temp/m°C,GPU_0_temp/m°C,GPU_1_temp/m°C,DRC_temp/m°C,PMIC_temp/m°C,Cortex_A53_0_freq/Hz,Cortex_A53_1_freq/Hz,Cortex_A53_2_freq/Hz,Cortex_A53_3_freq/Hz,Cortex_A72_0_freq/Hz,Cortex_A72_1_freq/Hz,ambient,energy,cam_cpu,cam_mem,heat_sources,CPU0_work_done,CPU1_work_done,CPU2_work_done,CPU3_work_done,CPU4_work_done,CPU5_work_done,CPU0_load/%,CPU1_load/%,CPU2_load/%,CPU3_load/%,CPU4_load/%,CPU5_load/%
1.16148,49900,50100,49900,49100,49900,70000,600000,600000,600000,600000,600000,600000,,,,,,,,,,,,0,0,40,25,0,25
178.063,,,,,,,,,,,,,,,,,,,,,,0,,,,,,,
680.899,,,,,,,,,,,,,,,,,,,,,,102,,,,,,,
986.505,51100,51700,50900,49900,50700,70000,1.2e+06,1.2e+06,1.2e+06,1.2e+06,1.596e+06,1.596e+06,27.099,1438554.714,,,,,,,,,,84.1584,3.0303,10.2041,5.10204,84.5361,3.06122
1183.38,,,,,,,,,,,,,,,,,,,,,,204,,,,,,,
1685.5,,,,,,,,,,,,,,,,,,,,,,306,,,,,,,
1986.49,51900,52500,51100,50100,51100,70000,1.2e+06,1.2e+06,1.2e+06,1.2e+06,1.596e+06,1.596e+06,,1438562.633,,,,,,,,,,100,1,9,0,100,0
2187.51,,,,,,,,,,,,,,,,,,,,,,408,,,,,,,
2689.67,,,,,,,,,,,,,,,,,,,,,,510,,,,,,,
2986.13,52300,52600,51700,50300,51500,70000,1.2e+06,1.2e+06,1.2e+06,1.2e+06,1.596e+06,1.596e+06,,1438570.452,,,,,,,,,,100,0,6.06061,0,100,0
3191.83,,,,,,,,,,,,,,,,,,,,,,612,,,,,,,
3693.8,,,,,,,,,,,,,,,,,,,,,,714,,,,,,,
3987.05,52300,52800,51900,50900,51700,70000,1.2e+06,1.2e+06,1.2e+06,1.2e+06,1.596e+06,1.596e+06,,1438578.380,,,,,,,,,,100,6,1,5,100,0
4195.87,,,,,,,,,,,,,,,,,,,,,,816,,,,,,,
4697.93,,,,,,,,,,,,,,,,,,,,,,918,,,,,,,
4986.53,52600,53000,52300,51300,51900,70000,1.2e+06,1.2e+06,1.2e+06,1.2e+06,1.596e+06,1.596e+06,,1438586.220,,,,,,,,,,100,1,1,6.06061,100,0
5199.99,,,,,,,,,,,,,,,,,,,,,,1020,,,,,,,
5558.71,,,,,,,,,,,,,,,,,,1,,,,,,,,,,,
5701.96,,,,,,,,,,,,,,,,,,,,,,1122,,,,,,,
5986.46,53000,53400,52300,51300,52100,70000,1.2e+06,1.2e+06,1.2e+06,1.2e+06,1.596e+06,1.596e+06,,1438594.183,,,,,,,,,,100,6.06061,0,2.9703,100,0
6204,,,,,,,,,,,,,,,,,,,,,,1224,,,,,,,
6706.03,,,,,,,,,,,,,,,,,,,,,,1326,,,,,,,
6986.28,53000,53200,52600,51500,52300,70000,1.2e+06,1.2e+06,1.2e+06,1.2e+06,1.596e+06,1.596e+06,,1438602.144,,,,,,,,,,100,5.94059,0,6.93069,100,0
7207.94,,,,,,,,,,,,,,,,,,,,,,1428,,,,,,,
7709.96,,,,,,,,,,,,,,,,,,,,,,1530,,,,,,,
7987.09,53000,53200,52300,51700,52300,70000,1.2e+06,1.2e+06,1.2e+06,1.2e+06,1.596e+06,1.596e+06,,1438610.104,,,,,,,,,,100,0,0,6,100,0
8212.03,,,,,,,,,,,,,,,,,,,,,,1632,,,,,,,
8713.93,,,,,,,,,,,,,,,,,,,,,,1734,,,,,,,
8986.83,53400,53800,52600,51900,52600,70000,1.2e+06,1.2e+06,1.2e+06,1.2e+06,1.596e+06,1.596e+06,,1438617.983,,,,,,,,,,100,6.06061,0,7,100,0
9215.97,,,,,,,,,,,,,,,,,,,,,,1836,,,,,,,
9717.97,,,,,,,,,,,,,,,,,,,,,,1938,,,,,,,
9986.84,53400,54000,53000,51900,52600,70000,1.2e+06,1.2e+06,1.2e+06,1.2e+06,1.596e+06,1.596e+06,,1438625.932,,,,,,,,,,100,0,0,6.93069,100,0.990099
10220,,,,,,,,,,,,,,,,,,,,,,2040,,,,,,,
10708.1,,,,,,,,,,,,,,,,,,2,,,,,,,,,,,
10721.8,,,,,,,,,,,,,,,,,,,,,,2142,,,,,,,
10986.5,53400,54000,53000,52100,52600,70000,1.2e+06,1.2e+06,1.2e+06,1.2e+06,1.596e+06,1.596e+06,27.088,1438631.849,,,,,,,,,,100,1,0,7.14286,100,0
11223.9,,,,,,,,,,,,,,,,,,,,,,2244,,,,,,,
11725.9,,,,,,,,,,,,,,,,,,,,,,2346,,,,,,,
11986.4,53800,54200,53400,52100,53000,70000,1.2e+06,1.2e+06,1.2e+06,1.2e+06,1.596e+06,1.596e+06,,1438639.827,,,,,,,,,,100,0,0,10,100,0
12227.8,,,,,,,,,,,,,,,,,,,,,,2448,,,,,,,
12729.8,,,,,,,,,,,,,,,,,,,,,,2550,,,,,,,
12986.4,53800,54400,53400,52300,53000,70000,1.2e+06,1.2e+06,1.2e+06,1.2e+06,1.596e+06,1.596e+06,,1438647.791,,,,,,,,,,100,3,0,5.05051,100,0
13231.8,,,,,,,,,,,,,,,,,,,,,,2652,,,,,,,
13733.8,,,,,,,,,,,,,,,,,,,,,,2754,,,,,,,
13986.4,54200,54200,53200,52500,52800,70000,1.2e+06,1.2e+06,1.2e+06,1.2e+06,1.596e+06,1.596e+06,,1438655.767,,,,,,,,,,100,5,1,5.05051,99,0
14235.8,,,,,,,,,,,,,,,,,,,,,,2856,,,,,,,
14737.8,,,,,,,,,,,,,,,,,,,,,,2958,,,,,,,
14986.3,54000,54400,53800,52500,53200,70000,1.2e+06,1.2e+06,1.2e+06,1.2e+06,1.596e+06,1.596e+06,,1438663.647,,,,,,,,,,100,1,0.990099,5.05051,100,0
15239.8,,,,,,,,,,,,,,,,,,,,,,3060,,,,,,,
15741.8,,,,,,,,,,,,,,,,,,,,,,3162,,,,,,,
15860.9,,,,,,,,,,,,,,,,,,3,,,,,,,,,,,
15986.3,54200,54400,53400,52600,53000,70000,1.2e+06,1.2e+06,1.2e+06,1.2e+06,1.596e+06,1.596e+06,,1438671.624,,,,,,,,,,100,0,0,13,100,0
16243.7,,,,,,,,,,,,,,,,,,,,,,3264,,,,,,,
16745.8,,,,,,,,,,,,,,,,,,,,,,3366,,,,,,,
16986.2,54200,54600,53800,52600,53400,70000,1.2e+06,1.2e+06,1.2e+06,1.2e+06,1.596e+06,1.596e+06,,1438679.599,,,,,,,,,,100,6.06061,0,0,100,0
17247.8,,,,,,,,,,,,,,,,,,,,,,3468,,,,,,,
17749.6,,,,,,,,,,,,,,,,,,,,,,3570,,,,,,,
17986.3,54200,54800,53800,52800,53400,70000,1.2e+06,1.2e+06,1.2e+06,1.2e+06,1.596e+06,1.596e+06,,1438687.469,,,,,,,,,,100,1.9802,0.990099,8,100,0
18251.7,,,,,,,,,,,,,,,,,,,,,,3672,,,,,,,
18753.7,,,,,,,,,,,,,,,,,,,,,,3774,,,,,,,
18986.1,54400,54800,53800,52800,53400,70000,1.2e+06,1.2e+06,1.2e+06,1.2e+06,1.596e+06,1.596e+06,,1438695.386,,,,,,,,,,100,0,0.990099,9.09091,100,0
19255.8,,,,,,,,,,,,,,,,,,,,,,3876,,,,,,,
19757.6,,,,,,,,,,,,,,,,,,,,,,3978,,,,,,,
19986.4,54600,55000,53800,52800,53600,70000,1.2e+06,1.2e+06,1.2e+06,1.2e+06,1.596e+06,1.596e+06,,1438703.355,,,,,,,,,,100,3,0,6.06061,100,0.990099
20259.7,,,,,,,,,,,,,,,,,,,,,,4080,,,,,,,
20761.7,,,,,,,,,,,,,,,,,,,,,,4182,,,,,,,
20986.6,54600,54800,54200,52800,53600,70000,1.2e+06,1.2e+06,1.2e+06,1.2e+06,1.596e+06,1.596e+06,27.088,1438711.331,,,,,,,,,,100,4.0404,0,7.84314,100,0
21011.4,,,,,,,,,,,,,,,,,,4,,,,,,,,,,,
21263.6,,,,,,,,,,,,,,,,,,,,,,4284,,,,,,,
21765.6,,,,,,,,,,,,,,,,,,,,,,4386,,,,,,,
21986.3,54800,55000,54000,53200,53800,70000,1.2e+06,1.2e+06,1.2e+06,1.2e+06,1.596e+06,1.596e+06,,1438719.286,,,,,,,,,,100,0,0,5.05051,100,0
22267.6,,,,,,,,,,,,,,,,,,,,,,4488,,,,,,,
22769.6,,,,,,,,,,,,,,,,,,,,,,4590,,,,,,,
22986.3,54600,55200,54200,53200,53800,70000,1.2e+06,1.2e+06,1.2e+06,1.2e+06,1.596e+06,1.596e+06,,1438727.190,,,,,,,,,,100,7,0,6,100,0
23271.5,,,,,,,,,,,,,,,,,,,,,,4692,,,,,,,
23773.5,,,,,,,,,,,,,,,,,,,,,,4794,,,,,,,
23986.2,54800,55200,54400,53000,53800,70000,1.2e+06,1.2e+06,1.2e+06,1.2e+06,1.596e+06,1.596e+06,,1438735.175,,,,,,,,,,100,0.990099,0,5.10204,100,0
24275.6,,,,,,,,,,,,,,,,,,,,,,4896,,,,,,,
24777.5,,,,,,,,,,,,,,,,,,,,,,4998,,,,,,,
24986.3,54600,55400,54200,53200,53800,70000,1.2e+06,1.2e+06,1.2e+06,1.2e+06,1.596e+06,1.596e+06,,1438743.073,,,,,,,,,,100,3.06122,1,6.93069,100,0
25279.5,,,,,,,,,,,,,,,,,,,,,,5100,,,,,,,
25781.5,,,,,,,,,,,,,,,,,,,,,,5202,,,,,,,
25986.1,55000,55200,54200,53200,54000,70000,1.2e+06,1.2e+06,1.2e+06,1.2e+06,1.596e+06,1.596e+06,,1438751.053,,,,,,,,,,100,2.0202,6.93069,0,100,0
26161.6,,,,,,,,,,,,,,,,,,5,,,,,,,,,,,
26283.6,,,,,,,,,,,,,,,,,,,,,,5304,,,,,,,
26785.4,,,,,,,,,,,,,,,,,,,,,,5406,,,,,,,
26987.1,55000,55400,54400,53200,54200,70000,1.2e+06,1.2e+06,1.2e+06,1.2e+06,1.596e+06,1.596e+06,,1438759.018,,,,,,,,,,100,7.84314,0,0,100,0
27287.5,,,,,,,,,,,,,,,,,,,,,,5508,,,,,,,
27789.5,,,,,,,,,,,,,,,,,,,,,,5610,,,,,,,
27986.2,55000,55600,54400,53600,54200,70000,1.2e+06,1.2e+06,1.2e+06,1.2e+06,1.596e+06,1.596e+06,,1438766.915,,,,,,,,,,100,1.9802,6.06061,6,100,0
28291.5,,,,,,,,,,,,,,,,,,,,,,5712,,,,,,,
28793.5,,,,,,,,,,,,,,,,,,,,,,5814,,,,,,,
28987.2,55000,55400,54600,53200,54200,70000,1.2e+06,1.2e+06,1.2e+06,1.2e+06,1.596e+06,1.596e+06,,1438774.887,,,,,,,,,,100,1,6.93069,0,100,0
29295.5,,,,,,,,,,,,,,,,,,,,,,5916,,,,,,,
29797.4,,,,,,,,,,,,,,,,,,,,,,6018,,,,,,,
29986.2,54800,55200,54200,53200,53800,70000,1.2e+06,1.2e+06,1.2e+06,1.2e+06,1.596e+06,1.596e+06,,1438782.790,,,,,,,,,,100,1,2,6.06061,100,0
30299.5,,,,,,,,,,,,,,,,,,,,,,6120,,,,,,,
30801.5,,,,,,,,,,,,,,,,,,,,,,6222,,,,,,,
30987.1,55000,55200,54200,53400,54000,70000,1.2e+06,1.2e+06,1.2e+06,1.2e+06,1.596e+06,1.596e+06,27.067,1438790.778,,,,,,,,,,100,0,9.09091,1,100,0
31303.5,,,,,,,,,,,,,,,,,,,,,,6324,,,,,,,
31314.3,,,,,,,,,,,,,,,,,,6,,,,,,,,,,,
31805.4,,,,,,,,,,,,,,,,,,,,,,6426,,,,,,,
31987,55000,55600,54600,53400,54200,70000,1.2e+06,1.2e+06,1.2e+06,1.2e+06,1.596e+06,1.596e+06,,1438798.989,,,,,,,,,,100,1,1,6,100,0
32307.7,,,,,,,,,,,,,,,,,,,,,,6528,,,,,,,
32809.6,,,,,,,,,,,,,,,,,,,,,,6630,,,,,,,
32986.3,55000,55600,54600,53600,54200,70000,1.2e+06,1.2e+06,1.2e+06,1.2e+06,1.596e+06,1.596e+06,,1438806.966,,,,,,,,,,100,1,10,0.990099,100,0
33311.8,,,,,,,,,,,,,,,,,,,,,,6732,,,,,,,
33813.8,,,,,,,,,,,,,,,,,,,,,,6834,,,,,,,
33986.4,55200,55400,54600,53600,54200,70000,1.2e+06,1.2e+06,1.2e+06,1.2e+06,1.596e+06,1.596e+06,,1438814.946,,,,,,,,,,100,0,8,0,100,0
34316.1,,,,,,,,,,,,,,,,,,,,,,6936,,,,,,,
34818,,,,,,,,,,,,,,,,,,,,,,7038,,,,,,,
34986.7,55400,55800,55000,53800,54200,70000,1.2e+06,1.2e+06,1.2e+06,1.2e+06,1.596e+06,1.596e+06,,1438822.854,,,,,,,,,,100,0,7,2.0202,100,0
35320.2,,,,,,,,,,,,,,,,,,,,,,7140,,,,,,,
35822,,,,,,,,,,,,,,,,,,,,,,7242,,,,,,,
35986.6,55400,55800,54800,53600,54200,70000,1.2e+06,1.2e+06,1.2e+06,1.2e+06,1.596e+06,1.596e+06,,1438830.818,,,,,,,,,,100,0,0,3.9604,100,1
36324.1,,,,,,,,,,,,,,,,,,,,,,7344,,,,,,,
36460.4,,,,,,,,,,,,,,,,,,7,,,,,,,,,,,
36826.1,,,,,,,,,,,,,,,,,,,,,,7446,,,,,,,
36986.7,55000,55800,54600,53600,54200,70000,1.2e+06,1.2e+06,1.2e+06,1.2e+06,1.596e+06,1.596e+06,,1438838.709,,,,,,,,,,100,1,5.05051,0,100,0
37328.4,,,,,,,,,,,,,,,,,,,,,,7548,,,,,,,
37830.4,,,,,,,,,,,,,,,,,,,,,,7650,,,,,,,
37987.2,55400,56000,55000,53800,54400,70000,1.2e+06,1.2e+06,1.2e+06,1.2e+06,1.596e+06,1.596e+06,,1438846.703,,,,,,,,,,100,0.990099,10.8911,0,100,1
38332.5,,,,,,,,,,,,,,,,,,,,,,7752,,,,,,,
38834.5,,,,,,,,,,,,,,,,,,,,,,7854,,,,,,,
38986.3,55400,55800,55000,53800,54600,70000,1.2e+06,1.2e+06,1.2e+06,1.2e+06,1.596e+06,1.596e+06,,1438854.761,,,,,,,,,,100,4.0404,4,0,100,0.990099
39336.7,,,,,,,,,,,,,,,,,,,,,,7956,,,,,,,
39838.6,,,,,,,,,,,,,,,,,,,,,,8058,,,,,,,
39986.7,55200,56000,54600,53600,54400,70000,1.2e+06,1.2e+06,1.2e+06,1.2e+06,1.596e+06,1.596e+06,,1438862.742,,,,,,,,,,100,0,0,7.07071,100,1
40340.8,,,,,,,,,,,,,,,,,,,,,,8160,,,,,,,
40842.8,,,,,,,,,,,,,,,,,,,,,,8262,,,,,,,
40987.1,55400,56000,55000,53600,54600,70000,1.2e+06,1.2e+06,1.2e+06,1.2e+06,1.596e+06,1.596e+06,27.088,1438870.642,,,,,,,,,,100,0.990099,0.990099,10,100,0
41344.9,,,,,,,,,,,,,,,,,,,,,,8364,,,,,,,
41611,,,,,,,,,,,,,,,,,,8,,,,,,,,,,,
41846.8,,,,,,,,,,,,,,,,,,,,,,8466,,,,,,,
41986.2,55400,55800,55000,54000,54600,70000,1.2e+06,1.2e+06,1.2e+06,1.2e+06,1.596e+06,1.596e+06,,1438878.605,,,,,,,,,,100,0,0,8,100,0
42349.1,,,,,,,,,,,,,,,,,,,,,,8568,,,,,,,
42851.1,,,,,,,,,,,,,,,,,,,,,,8670,,,,,,,
42987,55400,56000,55000,53600,54400,70000,1.2e+06,1.2e+06,1.2e+06,1.2e+06,1.596e+06,1.596e+06,,1438884.529,,,,,,,,,,100,6,0,5,100,0
43353.2,,,,,,,,,,,,,,,,,,,,,,8772,,,,,,,
43855.2,,,,,,,,,,,,,,,,,,,,,,8874,,,,,,,
43987.1,55400,56000,55000,53800,54600,70000,1.2e+06,1.2e+06,1.2e+06,1.2e+06,1.596e+06,1.596e+06,,1438892.494,,,,,,,,,,100,0,0,6.06061,100,0
44357.5,,,,,,,,,,,,,,,,,,,,,,8976,,,,,,,
44859.3,,,,,,,,,,,,,,,,,,,,,,9078,,,,,,,
44986.4,55400,56200,55200,54200,55000,70000,1.2e+06,1.2e+06,1.2e+06,1.2e+06,1.596e+06,1.596e+06,,1438900.542,,,,,,,,,,100,6,0,2,100,0
45361.6,,,,,,,,,,,,,,,,,,,,,,9180,,,,,,,
45863.5,,,,,,,,,,,,,,,,,,,,,,9282,,,,,,,
45986.4,55400,56000,55200,54000,54400,70000,1.2e+06,1.2e+06,1.2e+06,1.2e+06,1.596e+06,1.596e+06,,1438908.455,,,,,,,,,,100,1,0,10.8911,100,0
46365.7,,,,,,,,,,,,,,,,,,,,,,9384,,,,,,,
46760.6,,,,,,,,,,,,,,,,,,9,,,,,,,,,,,
46867.6,,,,,,,,,,,,,,,,,,,,,,9486,,,,,,,
46986.5,55600,56400,55400,54200,54600,70000,1.2e+06,1.2e+06,1.2e+06,1.2e+06,1.596e+06,1.596e+06,,1438916.423,,,,,,,,,,100,0,0,6.06061,100,0
47369.8,,,,,,,,,,,,,,,,,,,,,,9588,,,,,,,
47871.8,,,,,,,,,,,,,,,,,,,,,,9690,,,,,,,
47986.7,55600,56000,55000,54000,54600,70000,1.2e+06,1.2e+06,1.2e+06,1.2e+06,1.596e+06,1.596e+06,,1438924.330,,,,,,,,,,100,5.05051,0.990099,5.05051,100,0
48373.9,,,,,,,,,,,,,,,,,,,,,,9792,,,,,,,
48875.9,,,,,,,,,,,,,,,,,,,,,,9894,,,,,,,
48986.8,55600,56000,55000,54200,54600,70000,1.2e+06,1.2e+06,1.2e+06,1.2e+06,1.596e+06,1.596e+06,,1438932.313,,,,,,,,,,100,6.93069,0,0.990099,100,0
49378.1,,,,,,,,,,,,,,,,,,,,,,9996,,,,,,,
49880,,,,,,,,,,,,,,,,,,,,,,10098,,,,,,,
49986.9,55400,56000,55200,54000,54600,70000,1.2e+06,1.2e+06,1.2e+06,1.2e+06,1.596e+06,1.596e+06,,1438940.282,,,,,,,,,,100,6,0,0,100,0
50382.3,,,,,,,,,,,,,,,,,,,,,,10200,,,,,,,
50884.3,,,,,,,,,,,,,,,,,,,,,,10302,,,,,,,
50986.2,55800,56200,55000,54000,54800,70000,1.2e+06,1.2e+06,1.2e+06,1.2e+06,1.596e+06,1.596e+06,27.099,1438948.199,,,,,,,,,,100,1,6,6.93069,100,1
51386.4,,,,,,,,,,,,,,,,,,,,,,10404,,,,,,,
51888.5,,,,,,,,,,,,,,,,,,,,,,10506,,,,,,,
51910.3,,,,,,,,,,,,,,,,,,10,,,,,,,,,,,
51986.4,55800,56200,55000,54400,55000,70000,1.2e+06,1.2e+06,1.2e+06,1.2e+06,1.596e+06,1.596e+06,,1438956.081,,,,,,,,,,100,0,5.05051,0,100,0.990099
52390.7,,,,,,,,,,,,,,,,,,,,,,10608,,,,,,,
52892.6,,,,,,,,,,,,,,,,,,,,,,10710,,,,,,,
52986.5,55800,56000,55200,54200,54800,70000,1.2e+06,1.2e+06,1.2e+06,1.2e+06,1.596e+06,1.596e+06,,1438964.079,,,,,,,,,,100,0,0,6.93069,100,0
53394.8,,,,,,,,,,,,,,,,,,,,,,10812,,,,,,,
53896.8,,,,,,,,,,,,,,,,,,,,,,10914,,,,,,,
53986.7,55800,56000,55400,54400,55000,70000,1.2e+06,1.2e+06,1.2e+06,1.2e+06,1.596e+06,1.596e+06,,1438971.995,,,,,,,,,,100,0,6.86275,6.06061,100,0
54398.8,,,,,,,,,,,,,,,,,,,,,,11016,,,,,,,
54900.9,,,,,,,,,,,,,,,,,,,,,,11118,,,,,,,
54986.8,56000,56400,55400,54200,55000,70000,1.2e+06,1.2e+06,1.2e+06,1.2e+06,1.596e+06,1.596e+06,,1438980.140,,,,,,,,,,100,0,0,5.05051,100,0
55403.1,,,,,,,,,,,,,,,,,,,,,,11220,,,,,,,
55905,,,,,,,,,,,,,,,,,,,,,,11322,,,,,,,
55987,56000,56400,55800,54200,55000,70000,1.2e+06,1.2e+06,1.2e+06,1.2e+06,1.596e+06,1.596e+06,,1438988.118,,,,,,,,,,100,0.990099,8,0.990099,100,0.990099
56407.2,,,,,,,,,,,,,,,,,,,,,,11424,,,,,,,
56909.2,,,,,,,,,,,,,,,,,,,,,,11526,,,,,,,
56986.4,55800,56400,55200,54200,55000,70000,1.2e+06,1.2e+06,1.2e+06,1.2e+06,1.596e+06,1.596e+06,,1438996.044,,,,,,,,,,100,0,9.09091,0,100,0
57060.2,,,,,,,,,,,,,,,,,,11,,,,,,,,,,,
57411.4,,,,,,,,,,,,,,,,,,,,,,11628,,,,,,,
57913.4,,,,,,,,,,,,,,,,,,,,,,11730,,,,,,,
57986.5,55800,56400,55400,54400,55000,70000,1.2e+06,1.2e+06,1.2e+06,1.2e+06,1.596e+06,1.596e+06,,1439004.026,,,,,,,,,,100,0,7,0,100,0
58415.6,,,,,,,,,,,,,,,,,,,,,,11832,,,,,,,
58917.6,,,,,,,,,,,,,,,,,,,,,,11934,,,,,,,
58986.8,55800,56200,55400,54400,55000,70000,1.2e+06,1.2e+06,1.2e+06,1.2e+06,1.596e+06,1.596e+06,,1439011.940,,,,,,,,,,100,1,12.8713,0,100,0
59419.7,,,,,,,,,,,,,,,,,,,,,,12036,,,,,,,
59921.7,,,,,,,,,,,,,,,,,,,,,,12138,,,,,,,
59986.8,55600,56200,55600,54200,55000,70000,1.2e+06,1.2e+06,1.2e+06,1.2e+06,1.596e+06,1.596e+06,,1439019.927,,,,,,,,,,100,0.990099,6,0,100,0
60423.9,,,,,,,,,,,,,,,,,,,,,,12240,,,,,,,
60925.9,,,,,,,,,,,,,,,,,,,,,,12342,,,,,,,
60986.8,55800,56200,55400,54200,54800,70000,1.2e+06,1.2e+06,1.2e+06,1.2e+06,1.596e+06,1.596e+06,27.12,1439027.922,,,,,,,,,,100,4.0404,2,4.0404,100,0
61428,,,,,,,,,,,,,,,,,,,,,,12444,,,,,,,
61930,,,,,,,,,,,,,,,,,,,,,,12546,,,,,,,
61986.1,55800,56400,55400,54400,55000,70000,1.2e+06,1.2e+06,1.2e+06,1.2e+06,1.596e+06,1.596e+06,,1439035.844,,,,,,,,,,100,3,0,6.93069,100,0
62211.3,,,,,,,,,,,,,,,,,,12,,,,,,,,,,,
62432.2,,,,,,,,,,,,,,,,,,,,,,12648,,,,,,,
62934.1,,,,,,,,,,,,,,,,,,,,,,12750,,,,,,,
62986.3,56000,56200,55200,54200,55000,70000,1.2e+06,1.2e+06,1.2e+06,1.2e+06,1.596e+06,1.596e+06,,1439043.811,,,,,,,,,,100,5.05051,0,0,100,0
63436.3,,,,,,,,,,,,,,,,,,,,,,12852,,,,,,,
63938.3,,,,,,,,,,,,,,,,,,,,,,12954,,,,,,,
63986.4,56000,56400,55600,54400,55000,70000,1.2e+06,1.2e+06,1.2e+06,1.2e+06,1.596e+06,1.596e+06,,1439051.737,,,,,,,,,,100,0,0,12,100,0
64440.4,,,,,,,,,,,,,,,,,,,,,,13056,,,,,,,
64942.4,,,,,,,,,,,,,,,,,,,,,,13158,,,,,,,
64986.5,56000,56400,55400,54200,55000,70000,1.2e+06,1.2e+06,1.2e+06,1.2e+06,1.596e+06,1.596e+06,,1439059.723,,,,,,,,,,100,6,1,1,100,0
65444.6,,,,,,,,,,,,,,,,,,,,,,13260,,,,,,,
65946.7,,,,,,,,,,,,,,,,,,,,,,13362,,,,,,,
65986.8,56400,56400,55400,54400,55000,70000,1.2e+06,1.2e+06,1.2e+06,1.2e+06,1.596e+06,1.596e+06,,1439067.630,,,,,,,,,,100,1,0,8.91089,100,1
66448.7,,,,,,,,,,,,,,,,,,,,,,13464,,,,,,,
66950.8,,,,,,,,,,,,,,,,,,,,,,13566,,,,,,,
66987,56000,56400,55600,54200,55000,70000,1.2e+06,1.2e+06,1.2e+06,1.2e+06,1.596e+06,1.596e+06,,1439075.613,,,,,,,,,,100,0,0.990099,9.09091,100,0.990099
67363.8,,,,,,,,,,,,,,,,,,13,,,,,,,,,,,
67453,,,,,,,,,,,,,,,,,,,,,,13668,,,,,,,
67954.9,,,,,,,,,,,,,,,,,,,,,,13770,,,,,,,
67987.1,55800,56400,55800,54200,55000,70000,1.2e+06,1.2e+06,1.2e+06,1.2e+06,1.596e+06,1.596e+06,,1439083.671,,,,,,,,,,100,5,0,4,100,0
68457.2,,,,,,,,,,,,,,,,,,,,,,13872,,,,,,,
68959.2,,,,,,,,,,,,,,,,,,,,,,13974,,,,,,,
68986.3,56200,56600,55800,54400,55000,70000,1.2e+06,1.2e+06,1.2e+06,1.2e+06,1.596e+06,1.596e+06,,1439091.679,,,,,,,,,,100,0,0,10,100,0
69461.4,,,,,,,,,,,,,,,,,,,,,,14076,,,,,,,
69963.2,,,,,,,,,,,,,,,,,,,,,,14178,,,,,,,
69986.4,56000,56400,55400,54600,55400,70000,1.2e+06,1.2e+06,1.2e+06,1.2e+06,1.596e+06,1.596e+06,,1439099.665,,,,,,,,,,100,1,0,6.06061,100,0
70465.5,,,,,,,,,,,,,,,,,,,,,,14280,,,,,,,
70967.5,,,,,,,,,,,,,,,,,,,,,,14382,,,,,,,
70986.6,56200,56400,55800,54400,55200,70000,1.2e+06,1.2e+06,1.2e+06,1.2e+06,1.596e+06,1.596e+06,27.142,1439107.583,,,,,,,,,,100,4.9505,0,8.91089,100,0
71469.7,,,,,,,,,,,,,,,,,,,,,,14484,,,,,,,
71971.6,,,,,,,,,,,,,,,,,,,,,,14586,,,,,,,
71986.7,55800,56400,55400,54400,55200,70000,1.2e+06,1.2e+06,1.2e+06,1.2e+06,1.596e+06,1.596e+06,,1439115.561,,,,,,,,,,100,6,0,0,100,0
72473.8,,,,,,,,,,,,,,,,,,,,,,14688,,,,,,,
72514.3,,,,,,,,,,,,,,,,,,14,,,,,,,,,,,
72975.9,,,,,,,,,,,,,,,,,,,,,,14790,,,,,,,
72987,55800,56600,55400,54400,55200,70000,1.2e+06,1.2e+06,1.2e+06,1.2e+06,1.596e+06,1.596e+06,,1439123.473,,,,,,,,,,100,0,0,8,100,1
73478,,,,,,,,,,,,,,,,,,,,,,14892,,,,,,,
73980,,,,,,,,,,,,,,,,,,,,,,14994,,,,,,,
73986.1,56000,56400,55800,54400,55200,70000,1.2e+06,1.2e+06,1.2e+06,1.2e+06,1.596e+06,1.596e+06,,1439131.429,,,,,,,,,,100,0.990099,0,11,100,0
74482.3,,,,,,,,,,,,,,,,,,,,,,15096,,,,,,,
74984.1,,,,,,,,,,,,,,,,,,,,,,15198,,,,,,,
74986.3,56000,56600,55600,54600,55200,70000,1.2e+06,1.2e+06,1.2e+06,1.2e+06,1.596e+06,1.596e+06,,1439139.417,,,,,,,,,,100,0,0,6,100,1
75486.4,,,,,,,,,,,,,,,,,,,,,,15300,,,,,,,
75986.2,56200,56600,55800,54400,55200,70000,1.2e+06,1.2e+06,1.2e+06,1.2e+06,1.596e+06,1.596e+06,,1439147.432,,,,,,,,,,100,6,0.990099,5.05051,100,0
75988.4,,,,,,,,,,,,,,,,,,,,,,15402,,,,,,,
76490.6,,,,,,,,,,,,,,,,,,,,,,15504,,,,,,,
76986.3,56200,56400,55800,54400,55000,70000,1.2e+06,1.2e+06,1.2e+06,1.2e+06,1.596e+06,1.596e+06,,1439153.359,,,,,,,,,,100,0,0,5.05051,100,1
76992.5,,,,,,,,,,,,,,,,,,,,,,15606,,,,,,,
77494.7,,,,,,,,,,,,,,,,,,,,,,15708,,,,,,,
77664.3,,,,,,,,,,,,,,,,,,15,,,,,,,,,,,
77986.5,56000,56800,55800,54800,55400,70000,1.2e+06,1.2e+06,1.2e+06,1.2e+06,1.596e+06,1.596e+06,,1439161.336,,,,,,,,,,100,0,0,9,100,0
77996.8,,,,,,,,,,,,,,,,,,,,,,15810,,,,,,,
78498.8,,,,,,,,,,,,,,,,,,,,,,15912,,,,,,,
78986.6,56200,56400,55400,54400,55000,70000,1.2e+06,1.2e+06,1.2e+06,1.2e+06,1.596e+06,1.596e+06,,1439169.348,,,,,,,,,,100,6.93069,0,4.9505,100,0
79000.9,,,,,,,,,,,,,,,,,,,,,,16014,,,,,,,
79503.1,,,,,,,,,,,,,,,,,,,,,,16116,,,,,,,
79986.7,56200,56600,55600,54600,55400,70000,1.2e+06,1.2e+06,1.2e+06,1.2e+06,1.596e+06,1.596e+06,,1439177.314,,,,,,,,,,100,0,0,7,100,0
80005.1,,,,,,,,,,,,,,,,,,,,,,16218,,,,,,,
80507.2,,,,,,,,,,,,,,,,,,,,,,16320,,,,,,,
80987,56200,56600,55800,54600,55400,70000,1.2e+06,1.2e+06,1.2e+06,1.2e+06,1.596e+06,1.596e+06,27.174,1439185.316,,,,,,,,,,100,5,7.92079,2.94118,100,0
81009.3,,,,,,,,,,,,,,,,,,,,,,16422,,,,,,,
81511.5,,,,,,,,,,,,,,,,,,,,,,16524,,,,,,,
81986.1,56000,56800,55600,54400,55200,70000,1.2e+06,1.2e+06,1.2e+06,1.2e+06,1.596e+06,1.596e+06,,1439193.326,,,,,,,,,,100,4.08163,0,0,100,0
82013.4,,,,,,,,,,,,,,,,,,,,,,16626,,,,,,,
82515.7,,,,,,,,,,,,,,,,,,,,,,16728,,,,,,,
82816.1,,,,,,,,,,,,,,,,,,16,,,,,,,,,,,
82986.5,56200,56600,55800,54800,55400,70000,1.2e+06,1.2e+06,1.2e+06,1.2e+06,1.596e+06,1.596e+06,,1439201.221,,,,,,,,,,100,3.9604,9.09091,1.96078,100,1
83017.7,,,,,,,,,,,,,,,,,,,,,,16830,,,,,,,
83519.8,,,,,,,,,,,,,,,,,,,,,,16932,,,,,,,
83986.6,56200,56800,55800,54400,55000,70000,1.2e+06,1.2e+06,1.2e+06,1.2e+06,1.596e+06,1.596e+06,,1439209.208,,,,,,,,,,100,6,0,0,100,0
84021.8,,,,,,,,,,,,,,,,,,,,,,17034,,,,,,,
84524,,,,,,,,,,,,,,,,,,,,,,17136,,,,,,,
84986.7,56200,56600,55800,54200,55200,70000,1.2e+06,1.2e+06,1.2e+06,1.2e+06,1.596e+06,1.596e+06,,1439217.271,,,,,,,,,,100,3,6.06061,0.990099,100,0
85026.1,,,,,,,,,,,,,,,,,,,,,,17238,,,,,,,
85528.2,,,,,,,,,,,,,,,,,,,,,,17340,,,,,,,
85986.2,56200,56600,55600,54600,55400,70000,1.2e+06,1.2e+06,1.2e+06,1.2e+06,1.596e+06,1.596e+06,,1439225.293,,,,,,,,,,100,0,3.0303,5.05051,100,0
86030.3,,,,,,,,,,,,,,,,,,,,,,17442,,,,,,,
86532.5,,,,,,,,,,,,,,,,,,,,,,17544,,,,,,,
86986.4,56200,56600,55600,54400,55000,70000,1.2e+06,1.2e+06,1.2e+06,1.2e+06,1.596e+06,1.596e+06,,1439233.262,,,,,,,,,,100,0.990099,6.93069,1,100,0.990099
87034.4,,,,,,,,,,,,,,,,,,,,,,17646,,,,,,,
87536.7,,,,,,,,,,,,,,,,,,,,,,17748,,,,,,,
87966,,,,,,,,,,,,,,,,,,17,,,,,,,,,,,
87987.2,56200,56400,55800,54600,55000,70000,1.2e+06,1.2e+06,1.2e+06,1.2e+06,1.596e+06,1.596e+06,,1439241.168,,,,,,,,,,100,0,4.9505,5.05051,100,0
88038.8,,,,,,,,,,,,,,,,,,,,,,17850,,,,,,,
88540.9,,,,,,,,,,,,,,,,,,,,,,17952,,,,,,,
88986.8,56200,56600,55800,54800,55400,70000,1.2e+06,1.2e+06,1.2e+06,1.2e+06,1.596e+06,1.596e+06,,1439249.170,,,,,,,,,,100,0,0,7,100,0
89042.9,,,,,,,,,,,,,,,,,,,,,,18054,,,,,,,
89545.1,,,,,,,,,,,,,,,,,,,,,,18156,,,,,,,
89987,56000,56600,55800,54600,55000,70000,1.2e+06,1.2e+06,1.2e+06,1.2e+06,1.596e+06,1.596e+06,,1439257.082,,,,,,,,,,100,8.73786,0,0.990099,100,0
90047.2,,,,,,,,,,,,,,,,,,,,,,18258,,,,,,,
90549.2,,,,,,,,,,,,,,,,,,,,,,18360,,,,,,,
90986.2,56200,56600,55800,54400,55400,70000,1.2e+06,1.2e+06,1.2e+06,1.2e+06,1.596e+06,1.596e+06,27.206,1439265.064,,,,,,,,,,100,6.06061,0,6.06061,100,0
91051.3,,,,,,,,,,,,,,,,,,,,,,18462,,,,,,,
91553.5,,,,,,,,,,,,,,,,,,,,,,18564,,,,,,,
91986.3,56200,56800,55800,54600,55400,70000,1.2e+06,1.2e+06,1.2e+06,1.2e+06,1.596e+06,1.596e+06,,1439273.039,,,,,,,,,,100,0,0,5.05051,100,1
92055.4,,,,,,,,,,,,,,,,,,,,,,18666,,,,,,,
92557.6,,,,,,,,,,,,,,,,,,,,,,18768,,,,,,,
92986.6,56400,56800,55800,54800,55400,70000,1.2e+06,1.2e+06,1.2e+06,1.2e+06,1.596e+06,1.596e+06,,1439280.955,,,,,,,,,,100,3.0303,1,5.05051,100,0.990099
93059.7,,,,,,,,,,,,,,,,,,,,,,18870,,,,,,,
93116.5,,,,,,,,,,,,,,,,,,18,,,,,,,,,,,
93561.9,,,,,,,,,,,,,,,,,,,,,,18972,,,,,,,
93986.7,56200,56600,55800,54800,55400,70000,1.2e+06,1.2e+06,1.2e+06,1.2e+06,1.596e+06,1.596e+06,,1439289.107,,,,,,,,,,100,2,0,6,100,0
94063.8,,,,,,,,,,,,,,,,,,,,,,19074,,,,,,,
94566,,,,,,,,,,,,,,,,,,,,,,19176,,,,,,,
94987,56400,57000,56000,54800,55400,70000,1.2e+06,1.2e+06,1.2e+06,1.2e+06,1.596e+06,1.596e+06,,1439297.030,,,,,,,,,,100,0,0,8.08081,100,0
95068.1,,,,,,,,,,,,,,,,,,,,,,19278,,,,,,,
95570.1,,,,,,,,,,,,,,,,,,,,,,19380,,,,,,,
95987.1,56400,56800,55800,55000,55400,70000,1.2e+06,1.2e+06,1.2e+06,1.2e+06,1.596e+06,1.596e+06,,1439305.011,,,,,,,,,,100,0.990099,0,10,100,0
96072.2,,,,,,,,,,,,,,,,,,,,,,19482,,,,,,,
96574.4,,,,,,,,,,,,,,,,,,,,,,19584,,,,,,,
96986.2,56200,56800,55800,54800,55400,70000,1.2e+06,1.2e+06,1.2e+06,1.2e+06,1.596e+06,1.596e+06,,1439312.897,,,,,,,,,,100,0,0,5.05051,100,0.990099
97076.3,,,,,,,,,,,,,,,,,,,,,,19686,,,,,,,
97578.5,,,,,,,,,,,,,,,,,,,,,,19788,,,,,,,
97986.5,56200,56800,55800,54800,55200,70000,1.2e+06,1.2e+06,1.2e+06,1.2e+06,1.596e+06,1.596e+06,,1439320.904,,,,,,,,,,100,2.0202,0,7,100,1
98080.6,,,,,,,,,,,,,,,,,,,,,,19890,,,,,,,
98265.9,,,,,,,,,,,,,,,,,,19,,,,,,,,,,,
98582.6,,,,,,,,,,,,,,,,,,,,,,19992,,,,,,,
98986.6,56200,56800,55800,54800,55400,70000,1.2e+06,1.2e+06,1.2e+06,1.2e+06,1.596e+06,1.596e+06,,1439328.900,,,,,,,,,,100,4.9505,0,5.05051,100,0
99084.7,,,,,,,,,,,,,,,,,,,,,,20094,,,,,,,
99586.9,,,,,,,,,,,,,,,,,,,,,,20196,,,,,,,
99986.7,56400,56800,55800,54800,55400,70000,1.2e+06,1.2e+06,1.2e+06,1.2e+06,1.596e+06,1.596e+06,,1439336.787,,,,,,,,,,100,0,0.990099,6,100,0
100089,,,,,,,,,,,,,,,,,,,,,,20298,,,,,,,
100591,,,,,,,,,,,,,,,,,,,,,,20400,,,,,,,
100987,56200,56800,55600,54600,55000,70000,1.2e+06,1.2e+06,1.2e+06,1.2e+06,1.596e+06,1.596e+06,27.174,1439344.779,,,,,,,,,,100,5,0,8,100,0
101093,,,,,,,,,,,,,,,,,,,,,,20502,,,,,,,
101595,,,,,,,,,,,,,,,,,,,,,,20604,,,,,,,
101987,56200,56600,55800,54600,55400,70000,1.2e+06,1.2e+06,1.2e+06,1.2e+06,1.596e+06,1.596e+06,,1439352.753,,,,,,,,,,100,1,0,5.94059,100,0
102097,,,,,,,,,,,,,,,,,,,,,,20706,,,,,,,
102599,,,,,,,,,,,,,,,,,,,,,,20808,,,,,,,
102987,56200,56800,55800,54800,55400,70000,1.2e+06,1.2e+06,1.2e+06,1.2e+06,1.596e+06,1.596e+06,,1439360.669,,,,,,,,,,100,3,2.9703,3.06122,100,0
103101,,,,,,,,,,,,,,,,,,,,,,20910,,,,,,,
103416,,,,,,,,,,,,,,,,,,20,,,,,,,,,,,
103603,,,,,,,,,,,,,,,,,,,,,,21012,,,,,,,
103986,56400,56800,55800,54800,55400,70000,1.2e+06,1.2e+06,1.2e+06,1.2e+06,1.596e+06,1.596e+06,,1439368.576,,,,,,,,,,100,0,4,6,100,0
104105,,,,,,,,,,,,,,,,,,,,,,21114,,,,,,,
104608,,,,,,,,,,,,,,,,,,,,,,21216,,,,,,,
104986,56200,56800,55800,54800,55200,70000,1.2e+06,1.2e+06,1.2e+06,1.2e+06,1.596e+06,1.596e+06,,1439376.592,,,,,,,,,,100,0.990099,2,4,100,1
105110,,,,,,,,,,,,,,,,,,,,,,21318,,,,,,,
105612,,,,,,,,,,,,,,,,,,,,,,21420,,,,,,,
105986,56200,56800,55800,55000,55400,70000,1.2e+06,1.2e+06,1.2e+06,1.2e+06,1.596e+06,1.596e+06,,1439384.568,,,,,,,,,,100,5.10204,0,5.10204,100,0
106114,,,,,,,,,,,,,,,,,,,,,,21522,,,,,,,
106616,,,,,,,,,,,,,,,,,,,,,,21624,,,,,,,
106987,56200,56400,55800,54400,55200,70000,1.2e+06,1.2e+06,1.2e+06,1.2e+06,1.596e+06,1.596e+06,,1439392.536,,,,,,,,,,100,6,0.990099,0.990099,100,0
107118,,,,,,,,,,,,,,,,,,,,,,21726,,,,,,,
107620,,,,,,,,,,,,,,,,,,,,,,21828,,,,,,,
107986,56200,56600,55800,54800,55400,70000,1.2e+06,1.2e+06,1.2e+06,1.2e+06,1.596e+06,1.596e+06,,1439400.521,,,,,,,,,,100,0.990099,0,9.09091,100,0
108122,,,,,,,,,,,,,,,,,,,,,,21930,,,,,,,
108567,,,,,,,,,,,,,,,,,,21,,,,,,,,,,,
108625,,,,,,,,,,,,,,,,,,,,,,22032,,,,,,,
108987,56000,56400,55600,54600,55400,70000,1.2e+06,1.2e+06,1.2e+06,1.2e+06,1.596e+06,1.596e+06,,1439408.419,,,,,,,,,,100,7.84314,0,2.0202,100,0
109127,,,,,,,,,,,,,,,,,,,,,,22134,,,,,,,
109629,,,,,,,,,,,,,,,,,,,,,,22236,,,,,,,
109987,55800,56800,55600,54600,55200,70000,1.2e+06,1.2e+06,1.2e+06,1.2e+06,1.596e+06,1.596e+06,,1439414.351,,,,,,,,,,100,0,0.990099,6.93069,100,0
110131,,,,,,,,,,,,,,,,,,,,,,22338,,,,,,,
110633,,,,,,,,,,,,,,,,,,,,,,22440,,,,,,,
110987,56200,56800,55600,54600,55200,70000,1.2e+06,1.2e+06,1.2e+06,1.2e+06,1.596e+06,1.596e+06,27.174,1439422.361,,,,,,,,,,100,6.06061,6,0,100,0
111135,,,,,,,,,,,,,,,,,,,,,,22542,,,,,,,
111637,,,,,,,,,,,,,,,,,,,,,,22644,,,,,,,
111986,56200,56800,55800,54600,55000,70000,1.2e+06,1.2e+06,1.2e+06,1.2e+06,1.596e+06,1.596e+06,,1439430.361,,,,,,,,,,100,0,6,0,100,0
112139,,,,,,,,,,,,,,,,,,,,,,22746,,,,,,,
112641,,,,,,,,,,,,,,,,,,,,,,22848,,,,,,,
112987,56400,56800,55800,54600,55200,70000,1.2e+06,1.2e+06,1.2e+06,1.2e+06,1.596e+06,1.596e+06,,1439438.354,,,,,,,,,,100,7,4,0.990099,100,1
113143,,,,,,,,,,,,,,,,,,,,,,22950,,,,,,,
113646,,,,,,,,,,,,,,,,,,,,,,23052,,,,,,,
113718,,,,,,,,,,,,,,,,,,22,,,,,,,,,,,
113987,56200,56600,55800,54800,55400,70000,1.2e+06,1.2e+06,1.2e+06,1.2e+06,1.596e+06,1.596e+06,,1439446.278,,,,,,,,,,100,6.93069,3,0,100,0
114148,,,,,,,,,,,,,,,,,,,,,,23154,,,,,,,
114650,,,,,,,,,,,,,,,,,,,,,,23256,,,,,,,
114987,56200,56600,55800,54600,55400,70000,1.2e+06,1.2e+06,1.2e+06,1.2e+06,1.596e+06,1.596e+06,,1439454.283,,,,,,,,,,100,0,8.91089,0,100,0
115152,,,,,,,,,,,,,,,,,,,,,,23358,,,,,,,
115654,,,,,,,,,,,,,,,,,,,,,,23460,,,,,,,
115987,56400,56800,55800,54600,55200,70000,1.2e+06,1.2e+06,1.2e+06,1.2e+06,1.596e+06,1.596e+06,,1439462.210,,,,,,,,,,100,6.93069,5,1,100,0
116156,,,,,,,,,,,,,,,,,,,,,,23562,,,,,,,
116658,,,,,,,,,,,,,,,,,,,,,,23664,,,,,,,
116986,56400,56800,55800,54800,55200,70000,1.2e+06,1.2e+06,1.2e+06,1.2e+06,1.596e+06,1.596e+06,,1439470.126,,,,,,,,,,100,6,0.990099,0,100,0.990099
117160,,,,,,,,,,,,,,,,,,,,,,23766,,,,,,,
117662,,,,,,,,,,,,,,,,,,,,,,23868,,,,,,,
117987,56200,56800,55800,54600,55400,70000,1.2e+06,1.2e+06,1.2e+06,1.2e+06,1.596e+06,1.596e+06,,1439478.113,,,,,,,,,,100,2.0202,9.09091,0.990099,100,1
118165,,,,,,,,,,,,,,,,,,,,,,23970,,,,,,,
118667,,,,,,,,,,,,,,,,,,,,,,24072,,,,,,,
118868,,,,,,,,,,,,,,,,,,23,,,,,,,,,,,
118987,56200,56800,55800,54600,55400,70000,1.2e+06,1.2e+06,1.2e+06,1.2e+06,1.596e+06,1.596e+06,,1439486.096,,,,,,,,,,100,0,0,5.05051,100,0
119169,,,,,,,,,,,,,,,,,,,,,,24174,,,,,,,
119671,,,,,,,,,,,,,,,,,,,,,,24276,,,,,,,
119987,56400,56600,55800,54600,55200,70000,1.2e+06,1.2e+06,1.2e+06,1.2e+06,1.596e+06,1.596e+06,,1439494.062,,,,,,,,,,100,0,6,3.0303,100,0
120173,,,,,,,,,,,,,,,,,,,,,,24378,,,,,,,
120675,,,,,,,,,,,,,,,,,,,,,,24480,,,,,,,
120987,56400,56600,55800,54800,55400,70000,1.2e+06,1.2e+06,1.2e+06,1.2e+06,1.596e+06,1.596e+06,27.163,1439502.072,,,,,,,,,,100,6,0.990099,2.0202,100,0
121177,,,,,,,,,,,,,,,,,,,,,,24582,,,,,,,
121679,,,,,,,,,,,,,,,,,,,,,,24684,,,,,,,
121986,56200,56600,55800,54600,55400,70000,1.2e+06,1.2e+06,1.2e+06,1.2e+06,1.596e+06,1.596e+06,,1439510.071,,,,,,,,,,100,1,0,6,100,0
122181,,,,,,,,,,,,,,,,,,,,,,24786,,,,,,,
122683,,,,,,,,,,,,,,,,,,,,,,24888,,,,,,,
122987,56200,56800,55800,54600,55400,70000,1.2e+06,1.2e+06,1.2e+06,1.2e+06,1.596e+06,1.596e+06,,1439517.970,,,,,,,,,,100,3,4,4,100,0
123185,,,,,,,,,,,,,,,,,,,,,,24990,,,,,,,
123687,,,,,,,,,,,,,,,,,,,,,,25092,,,,,,,
123987,56400,56800,55600,54800,55400,70000,1.2e+06,1.2e+06,1.2e+06,1.2e+06,1.596e+06,1.596e+06,,1439525.974,,,,,,,,,,100,5.05051,2,1,100,0
124019,,,,,,,,,,,,,,,,,,24,,,,,,,,,,,
124190,,,,,,,,,,,,,,,,,,,,,,25194,,,,,,,
124692,,,,,,,,,,,,,,,,,,,,,,25296,,,,,,,
124987,56200,56600,55600,54600,55400,70000,1.2e+06,1.2e+06,1.2e+06,1.2e+06,1.596e+06,1.596e+06,,1439533.946,,,,,,,,,,100,3.92157,7,0,100,0
125194,,,,,,,,,,,,,,,,,,,,,,25398,,,,,,,
125696,,,,,,,,,,,,,,,,,,,,,,25500,,,,,,,
125986,56200,56600,55800,54600,55000,70000,1.2e+06,1.2e+06,1.2e+06,1.2e+06,1.596e+06,1.596e+06,,1439541.873,,,,,,,,,,100,3.06122,4.08163,0,100,1
126198,,,,,,,,,,,,,,,,,,,,,,25602,,,,,,,
126700,,,,,,,,,,,,,,,,,,,,,,25704,,,,,,,
126986,56200,56800,55800,54800,55600,70000,1.2e+06,1.2e+06,1.2e+06,1.2e+06,1.596e+06,1.596e+06,,1439549.841,,,,,,,,,,100,6.93069,0.990099,0,100,0
127202,,,,,,,,,,,,,,,,,,,,,,25806,,,,,,,
127704,,,,,,,,,,,,,,,,,,,,,,25908,,,,,,,
127987,56200,56600,55800,55000,55000,70000,1.2e+06,1.2e+06,1.2e+06,1.2e+06,1.596e+06,1.596e+06,,1439557.693,,,,,,,,,,100,5.94059,6,0.990099,100,0
128206,,,,,,,,,,,,,,,,,,,,,,26010,,,,,,,
128708,,,,,,,,,,,,,,,,,,,,,,26112,,,,,,,
128987,56200,56800,55800,54800,55400,70000,1.2e+06,1.2e+06,1.2e+06,1.2e+06,1.596e+06,1.596e+06,,1439566.059,,,,,,,,,,100,5.05051,2.9703,1,100,0.990099
129170,,,,,,,,,,,,,,,,,,25,,,,,,,,,,,
129210,,,,,,,,,,,,,,,,,,,,,,26214,,,,,,,
129712,,,,,,,,,,,,,,,,,,,,,,26316,,,,,,,
129987,56200,56800,55800,54800,55400,70000,1.2e+06,1.2e+06,1.2e+06,1.2e+06,1.596e+06,1.596e+06,,1439574.074,,,,,,,,,,100,3,4.12371,0,100,1.0101
130216,,,,,,,,,,,,,,,,,,,,,,26418,,,,,,,
130718,,,,,,,,,,,,,,,,,,,,,,26520,,,,,,,
130987,56400,56800,55800,54800,55200,70000,1.2e+06,1.2e+06,1.2e+06,1.2e+06,1.596e+06,1.596e+06,27.153,1439582.043,,,,,,,,,,100,2,6,0,100,0
131220,,,,,,,,,,,,,,,,,,,,,,26622,,,,,,,
131722,,,,,,,,,,,,,,,,,,,,,,26724,,,,,,,
131986,56200,56800,55800,54800,55400,70000,1.2e+06,1.2e+06,1.2e+06,1.2e+06,1.596e+06,1.596e+06,,1439589.952,,,,,,,,,,100,7.92079,0,0,100,1
132224,,,,,,,,,,,,,,,,,,,,,,26826,,,,,,,
132726,,,,,,,,,,,,,,,,,,,,,,26928,,,,,,,
132987,56200,56800,55800,54800,55400,70000,1.2e+06,1.2e+06,1.2e+06,1.2e+06,1.596e+06,1.596e+06,,1439597.953,,,,,,,,,,100,0,0,12.8713,100,0
133228,,,,,,,,,,,,,,,,,,,,,,27030,,,,,,,
133730,,,,,,,,,,,,,,,,,,,,,,27132,,,,,,,
133987,56200,56600,55400,54800,55400,70000,1.2e+06,1.2e+06,1.2e+06,1.2e+06,1.596e+06,1.596e+06,,1439605.862,,,,,,,,,,100,0,5.05051,0,100,0
134233,,,,,,,,,,,,,,,,,,,,,,27234,,,,,,,
134322,,,,,,,,,,,,,,,,,,26,,,,,,,,,,,
134734,,,,,,,,,,,,,,,,,,,,,,27336,,,,,,,
134987,56600,56800,55800,54800,55400,70000,1.2e+06,1.2e+06,1.2e+06,1.2e+06,1.596e+06,1.596e+06,,1439613.863,,,,,,,,,,100,0,3,5.05051,100,0
135237,,,,,,,,,,,,,,,,,,,,,,27438,,,,,,,
135739,,,,,,,,,,,,,,,,,,,,,,27540,,,,,,,
135986,56200,56800,55800,54800,55400,70000,1.2e+06,1.2e+06,1.2e+06,1.2e+06,1.596e+06,1.596e+06,,1439621.791,,,,,,,,,,100,0.990099,3.0303,7.84314,100,0
136241,,,,,,,,,,,,,,,,,,,,,,27642,,,,,,,
136743,,,,,,,,,,,,,,,,,,,,,,27744,,,,,,,
136987,56400,56600,55600,54600,55200,70000,1.2e+06,1.2e+06,1.2e+06,1.2e+06,1.596e+06,1.596e+06,,1439629.786,,,,,,,,,,100,0,7.07071,0,100,0
137245,,,,,,,,,,,,,,,,,,,,,,27846,,,,,,,
137747,,,,,,,,,,,,,,,,,,,,,,27948,,,,,,,
137987,56200,56600,55800,54800,55400,70000,1.2e+06,1.2e+06,1.2e+06,1.2e+06,1.596e+06,1.596e+06,,1439637.664,,,,,,,,,,100,0,4,0,100,0
138249,,,,,,,,,,,,,,,,,,,,,,28050,,,,,,,
138751,,,,,,,,,,,,,,,,,,,,,,28152,,,,,,,
138987,56400,57000,55800,54800,55400,70000,1.2e+06,1.2e+06,1.2e+06,1.2e+06,1.596e+06,1.596e+06,,1439645.632,,,,,,,,,,100,1,1,7.84314,100,1.9802
139253,,,,,,,,,,,,,,,,,,,,,,28254,,,,,,,
139467,,,,,,,,,,,,,,,,,,27,,,,,,,,,,,
139755,,,,,,,,,,,,,,,,,,,,,,28356,,,,,,,
139986,56600,56800,55800,54600,55400,70000,1.2e+06,1.2e+06,1.2e+06,1.2e+06,1.596e+06,1.596e+06,,1439653.618,,,,,,,,,,100,1,7.92079,0,100,0
140258,,,,,,,,,,,,,,,,,,,,,,28458,,,,,,,
140760,,,,,,,,,,,,,,,,,,,,,,28560,,,,,,,
140986,56200,56800,56000,54600,55400,70000,1.2e+06,1.2e+06,1.2e+06,1.2e+06,1.596e+06,1.596e+06,27.142,1439661.607,,,,,,,,,,100,5.05051,0,5,100,0
141262,,,,,,,,,,,,,,,,,,,,,,28662,,,,,,,
141764,,,,,,,,,,,,,,,,,,,,,,28764,,,,,,,
141986,56400,56800,55800,54800,55400,70000,1.2e+06,1.2e+06,1.2e+06,1.2e+06,1.596e+06,1.596e+06,,1439667.535,,,,,,,,,,100,1,0,4.08163,100,0.990099
142266,,,,,,,,,,,,,,,,,,,,,,28866,,,,,,,
142768,,,,,,,,,,,,,,,,,,,,,,28968,,,,,,,
142987,56400,56600,55800,54800,55400,70000,1.2e+06,1.2e+06,1.2e+06,1.2e+06,1.596e+06,1.596e+06,,1439675.500,,,,,,,,,,100,0,0,12,100,0
143270,,,,,,,,,,,,,,,,,,,,,,29070,,,,,,,
143772,,,,,,,,,,,,,,,,,,,,,,29172,,,,,,,
143987,56000,56600,55800,54400,55000,70000,1.2e+06,1.2e+06,1.2e+06,1.2e+06,1.596e+06,1.596e+06,,1439683.407,,,,,,,,,,100,0.990099,0,6.06061,100,0.990099
144274,,,,,,,,,,,,,,,,,,,,,,29274,,,,,,,
144618,,,,,,,,,,,,,,,,,,28,,,,,,,,,,,
144776,,,,,,,,,,,,,,,,,,,,,,29376,,,,,,,
144987,56200,56600,55600,54800,55400,70000,1.2e+06,1.2e+06,1.2e+06,1.2e+06,1.596e+06,1.596e+06,,1439691.470,,,,,,,,,,100,1,0,8,100,1
145279,,,,,,,,,,,,,,,,,,,,,,29478,,,,,,,
145781,,,,,,,,,,,,,,,,,,,,,,29580,,,,,,,
145986,56200,56800,55800,54800,55200,70000,1.2e+06,1.2e+06,1.2e+06,1.2e+06,1.596e+06,1.596e+06,,1439699.390,,,,,,,,,,100,6.93069,0,4.0404,100,0
146283,,,,,,,,,,,,,,,,,,,,,,29682,,,,,,,
146785,,,,,,,,,,,,,,,,,,,,,,29784,,,,,,,
146986,56200,56600,55800,54600,55200,70000,1.2e+06,1.2e+06,1.2e+06,1.2e+06,1.596e+06,1.596e+06,,1439707.369,,,,,,,,,,100,1,0,5.94059,100,0
147288,,,,,,,,,,,,,,,,,,,,,,29886,,,,,,,
147790,,,,,,,,,,,,,,,,,,,,,,29988,,,,,,,
147987,56200,56800,55800,54800,55400,70000,1.2e+06,1.2e+06,1.2e+06,1.2e+06,1.596e+06,1.596e+06,,1439715.287,,,,,,,,,,100,5,0,5.10204,100,1
148292,,,,,,,,,,,,,,,,,,,,,,30090,,,,,,,
148794,,,,,,,,,,,,,,,,,,,,,,30192,,,,,,,
148987,56000,56400,55400,54800,55400,70000,1.2e+06,1.2e+06,1.2e+06,1.2e+06,1.596e+06,1.596e+06,,1439723.283,,,,,,,,,,100,0.990099,0,3.0303,100,1
149296,,,,,,,,,,,,,,,,,,,,,,30294,,,,,,,
149767,,,,,,,,,,,,,,,,,,29,,,,,,,,,,,
149799,,,,,,,,,,,,,,,,,,,,,,30396,,,,,,,
149987,56200,56400,55600,54800,55400,70000,1.2e+06,1.2e+06,1.2e+06,1.2e+06,1.596e+06,1.596e+06,,1439731.276,,,,,,,,,,100,0,0,8,100,0
150301,,,,,,,,,,,,,,,,,,,,,,30498,,,,,,,
150803,,,,,,,,,,,,,,,,,,,,,,30600,,,,,,,
150986,56400,56800,55800,55000,55400,70000,1.2e+06,1.2e+06,1.2e+06,1.2e+06,1.596e+06,1.596e+06,27.11,1439739.166,,,,,,,,,,100,0,1.9802,7.92079,100,0
151305,,,,,,,,,,,,,,,,,,,,,,30702,,,,,,,
151807,,,,,,,,,,,,,,,,,,,,,,30804,,,,,,,
151987,56200,56600,55800,54800,55400,70000,1.2e+06,1.2e+06,1.2e+06,1.2e+06,1.596e+06,1.596e+06,,1439747.157,,,,,,,,,,100,11,0,0,100,0
152309,,,,,,,,,,,,,,,,,,,,,,30906,,,,,,,
152811,,,,,,,,,,,,,,,,,,,,,,31008,,,,,,,
152987,55800,56600,55600,54600,55400,70000,1.2e+06,1.2e+06,1.2e+06,1.2e+06,1.596e+06,1.596e+06,,1439755.154,,,,,,,,,,100,1.9802,6,0,100,0
153313,,,,,,,,,,,,,,,,,,,,,,31110,,,,,,,
153815,,,,,,,,,,,,,,,,,,,,,,31212,,,,,,,
153987,56200,56800,55800,54600,55400,70000,1.2e+06,1.2e+06,1.2e+06,1.2e+06,1.596e+06,1.596e+06,,1439763.062,,,,,,,,,,100,6.06061,2,0,100,0
154318,,,,,,,,,,,,,,,,,,,,,,31314,,,,,,,
154819,,,,,,,,,,,,,,,,,,,,,,31416,,,,,,,
154913,,,,,,,,,,,,,,,,,,30,,,,,,,,,,,
154987,56400,56400,55800,54800,55400,70000,1.2e+06,1.2e+06,1.2e+06,1.2e+06,1.596e+06,1.596e+06,,1439770.934,,,,,,,,,,100,0,4.0404,0,100,0
155322,,,,,,,,,,,,,,,,,,,,,,31518,,,,,,,
155824,,,,,,,,,,,,,,,,,,,,,,31620,,,,,,,
155986,56200,56400,55600,54600,55200,70000,1.2e+06,1.2e+06,1.2e+06,1.2e+06,1.596e+06,1.596e+06,,1439778.992,,,,,,,,,,100,2.0202,0,0,100,0
156326,,,,,,,,,,,,,,,,,,,,,,31722,,,,,,,
156828,,,,,,,,,,,,,,,,,,,,,,31824,,,,,,,
156986,56200,56800,55800,54800,55400,70000,1.2e+06,1.2e+06,1.2e+06,1.2e+06,1.596e+06,1.596e+06,,1439786.902,,,,,,,,,,100,5,6,0,100,0
157330,,,,,,,,,,,,,,,,,,,,,,31926,,,,,,,
157832,,,,,,,,,,,,,,,,,,,,,,32028,,,,,,,
157987,56000,56600,55800,54800,55200,70000,1.2e+06,1.2e+06,1.2e+06,1.2e+06,1.596e+06,1.596e+06,,1439794.867,,,,,,,,,,100,6,0,0,100,0
158334,,,,,,,,,,,,,,,,,,,,,,32130,,,,,,,
158836,,,,,,,,,,,,,,,,,,,,,,32232,,,,,,,
158987,56200,56800,55800,54800,55400,70000,1.2e+06,1.2e+06,1.2e+06,1.2e+06,1.596e+06,1.596e+06,,1439802.816,,,,,,,,,,100,5.10204,5.05051,0.990099,100,0.990099
159338,,,,,,,,,,,,,,,,,,,,,,32334,,,,,,,
159840,,,,,,,,,,,,,,,,,,,,,,32436,,,,,,,
159986,56400,56800,55800,54600,55400,70000,1.2e+06,1.2e+06,1.2e+06,1.2e+06,1.596e+06,1.596e+06,,1439810.780,,,,,,,,,,100,1,7.84314,0,100,0
160059,,,,,,,,,,,,,,,,,,31,,,,,,,,,,,
160343,,,,,,,,,,,,,,,,,,,,,,32538,,,,,,,
160844,,,,,,,,,,,,,,,,,,,,,,32640,,,,,,,
160986,56200,56600,55800,54800,55400,70000,1.2e+06,1.2e+06,1.2e+06,1.2e+06,1.596e+06,1.596e+06,27.056,1439818.749,,,,,,,,,,100,0.990099,7.07071,0,100,0
161347,,,,,,,,,,,,,,,,,,,,,,32742,,,,,,,
161849,,,,,,,,,,,,,,,,,,,,,,32844,,,,,,,
161987,56200,56400,55800,54600,55400,70000,1.2e+06,1.2e+06,1.2e+06,1.2e+06,1.596e+06,1.596e+06,,1439826.661,,,,,,,,,,100,1,10,0,100,0
162351,,,,,,,,,,,,,,,,,,,,,,32946,,,,,,,
162853,,,,,,,,,,,,,,,,,,,,,,33048,,,,,,,
162987,56200,56600,55800,54800,55400,70000,1.2e+06,1.2e+06,1.2e+06,1.2e+06,1.596e+06,1.596e+06,,1439834.637,,,,,,,,,,100,0,6,0,100,0
163355,,,,,,,,,,,,,,,,,,,,,,33150,,,,,,,
163857,,,,,,,,,,,,,,,,,,,,,,33252,,,,,,,
163987,56000,56800,55800,54800,55400,70000,1.2e+06,1.2e+06,1.2e+06,1.2e+06,1.596e+06,1.596e+06,,1439842.644,,,,,,,,,,100,0,11,0,100,1
164359,,,,,,,,,,,,,,,,,,,,,,33354,,,,,,,
164861,,,,,,,,,,,,,,,,,,,,,,33456,,,,,,,
164987,56200,56600,55800,54800,55400,70000,1.2e+06,1.2e+06,1.2e+06,1.2e+06,1.596e+06,1.596e+06,,1439850.706,,,,,,,,,,100,6,2,0,100,0
165209,,,,,,,,,,,,,,,,,,32,,,,,,,,,,,
165364,,,,,,,,,,,,,,,,,,,,,,33558,,,,,,,
165865,,,,,,,,,,,,,,,,,,,,,,33660,,,,,,,
165986,56200,56800,55800,54600,55600,70000,1.2e+06,1.2e+06,1.2e+06,1.2e+06,1.596e+06,1.596e+06,,1439858.688,,,,,,,,,,100,0,6,0,100,0
166368,,,,,,,,,,,,,,,,,,,,,,33762,,,,,,,
166870,,,,,,,,,,,,,,,,,,,,,,33864,,,,,,,
166987,56200,56800,55800,54800,55400,70000,1.2e+06,1.2e+06,1.2e+06,1.2e+06,1.596e+06,1.596e+06,,1439866.623,,,,,,,,,,100,6.93069,6.93069,0,100,0
167372,,,,,,,,,,,,,,,,,,,,,,33966,,,,,,,
167874,,,,,,,,,,,,,,,,,,,,,,34068,,,,,,,
167987,56200,56600,55800,54600,55400,70000,1.2e+06,1.2e+06,1.2e+06,1.2e+06,1.596e+06,1.596e+06,,1439874.568,,,,,,,,,,100,0,6,0,100,1
168376,,,,,,,,,,,,,,,,,,,,,,34170,,,,,,,
168878,,,,,,,,,,,,,,,,,,,,,,34272,,,,,,,
168987,56000,56800,55600,54600,55200,70000,1.2e+06,1.2e+06,1.2e+06,1.2e+06,1.596e+06,1.596e+06,,1439882.487,,,,,,,,,,100,6.06061,3.0303,0.990099,100,0
169380,,,,,,,,,,,,,,,,,,,,,,34374,,,,,,,
169882,,,,,,,,,,,,,,,,,,,,,,34476,,,,,,,
169986,56200,56600,55800,54800,55400,70000,1.2e+06,1.2e+06,1.2e+06,1.2e+06,1.596e+06,1.596e+06,,1439890.471,,,,,,,,,,100,6,3,0,100,0
170361,,,,,,,,,,,,,,,,,,33,,,,,,,,,,,
170385,,,,,,,,,,,,,,,,,,,,,,34578,,,,,,,
170887,,,,,,,,,,,,,,,,,,,,,,34680,,,,,,,
170987,56200,56600,55600,54800,55000,70000,1.2e+06,1.2e+06,1.2e+06,1.2e+06,1.596e+06,1.596e+06,27.078,1439898.468,,,,,,,,,,100,3.9604,6.06061,0,100,0
171389,,,,,,,,,,,,,,,,,,,,,,34782,,,,,,,
171891,,,,,,,,,,,,,,,,,,,,,,34884,,,,,,,
171987,56600,56800,55800,55000,55400,70000,1.2e+06,1.2e+06,1.2e+06,1.2e+06,1.596e+06,1.596e+06,,1439906.394,,,,,,,,,,100,4,5.05051,0,100,0
172393,,,,,,,,,,,,,,,,,,,,,,34986,,,,,,,
172895,,,,,,,,,,,,,,,,,,,,,,35088,,,,,,,
172987,56200,56400,55400,54600,55000,70000,1.2e+06,1.2e+06,1.2e+06,1.2e+06,1.596e+06,1.596e+06,,1439914.382,,,,,,,,,,100,6,0.990099,0.990099,100,0
173398,,,,,,,,,,,,,,,,,,,,,,35190,,,,,,,
173900,,,,,,,,,,,,,,,,,,,,,,35292,,,,,,,
173987,56200,56600,55800,54600,55000,70000,1.2e+06,1.2e+06,1.2e+06,1.2e+06,1.596e+06,1.596e+06,,1439922.392,,,,,,,,,,100,4.08163,5.05051,0,100,1
174402,,,,,,,,,,,,,,,,,,,,,,35394,,,,,,,
174904,,,,,,,,,,,,,,,,,,,,,,35496,,,,,,,
174987,56200,56600,55800,54800,55600,70000,1.2e+06,1.2e+06,1.2e+06,1.2e+06,1.596e+06,1.596e+06,,1439930.296,,,,,,,,,,100,1.9802,7.84314,0,100,0
175406,,,,,,,,,,,,,,,,,,,,,,35598,,,,,,,
175511,,,,,,,,,,,,,,,,,,34,,,,,,,,,,,
175908,,,,,,,,,,,,,,,,,,,,,,35700,,,,,,,
175987,56200,56400,55400,54800,55200,70000,1.2e+06,1.2e+06,1.2e+06,1.2e+06,1.596e+06,1.596e+06,,1439938.275,,,,,,,,,,100,6.06061,1,0,100,1
176411,,,,,,,,,,,,,,,,,,,,,,35802,,,,,,,
176913,,,,,,,,,,,,,,,,,,,,,,35904,,,,,,,
176987,56400,56800,55400,54600,55400,70000,1.2e+06,1.2e+06,1.2e+06,1.2e+06,1.596e+06,1.596e+06,,1439946.191,,,,,,,,,,100,4.08163,6.93069,0,100,0
177415,,,,,,,,,,,,,,,,,,,,,,36006,,,,,,,
177917,,,,,,,,,,,,,,,,,,,,,,36108,,,,,,,
177987,56000,56600,55800,55000,55400,70000,1.2e+06,1.2e+06,1.2e+06,1.2e+06,1.596e+06,1.596e+06,,1439952.193,,,,,,,,,,100,6,0,0,100,0
178419,,,,,,,,,,,,,,,,,,,,,,36210,,,,,,,
178921,,,,,,,,,,,,,,,,,,,,,,36312,,,,,,,
178986,56200,56600,55400,54600,55400,70000,1.2e+06,1.2e+06,1.2e+06,1.2e+06,1.596e+06,1.596e+06,,1439960.173,,,,,,,,,,100,3,6.93069,1,100,0
179423,,,,,,,,,,,,,,,,,,,,,,36414,,,,,,,
179926,,,,,,,,,,,,,,,,,,,,,,36516,,,,,,,
179987,56200,56600,55800,54600,55200,70000,1.2e+06,1.2e+06,1.2e+06,1.2e+06,1.596e+06,1.596e+06,,1439968.113,,,,,,,,,,100,6,4,0,100,0
