# Started at: 2021-02-20 09:43:12 +0000, Version: v0.1-120-gbc4d265, Generated by: thermobench --verbose --fan-cmd=fan --fan-on=0 --time=1800 --wait=30 --wait-timeout=240 --sensors_file=/root/thermobench/src/sensors.imx8 --cpu-usage --column=CPU0_work_done --column=CPU1_work_done --column=CPU2_work_done --column=CPU3_work_done --column=CPU4_work_done --column=CPU5_work_done --column=work_done '--sensor=/run/power Power uW' --output=/root/experiment3_out/Instance3/1/RANDOM1.json.yaml.csv -- demos-sched -c /root/experiment3/Instance3/RANDOM1.json.yaml
time/ms,CPU_0_temp/m°C,CPU_1_temp/m°C,GPU_0_temp/m°C,GPU_1_temp/m°C,DRC_temp/m°C,PMIC_temp/m°C,Cortex_A53_0_freq/Hz,Cortex_A53_1_freq/Hz,Cortex_A53_2_freq/Hz,Cortex_A53_3_freq/Hz,Cortex_A72_0_freq/Hz,Cortex_A72_1_freq/Hz,ambient/°C,cam_cpu,cam_mem,CPU0_work_done,CPU1_work_done,CPU2_work_done,CPU3_work_done,CPU4_work_done,CPU5_work_done,work_done,Power/uW,CPU0_load/%,CPU1_load/%,CPU2_load/%,CPU3_load/%,CPU4_load/%,CPU5_load/%
1.0939,29900,30700,30500,29500,30100,70000,1.2e+06,1.2e+06,1.2e+06,1.2e+06,1.596e+06,1.596e+06,,,,,,,,,,,5.7648e+06,0,0,50,0,0,0
122.545,,,,,,,,,,,,,,65.49,60.01,,,,,,,,,,,,,,
994.714,31100,31700,30900,30300,31300,70000,1.2e+06,1.2e+06,1.2e+06,1.2e+06,1.596e+06,1.596e+06,,,,,,,,,,,6.3424e+06,55.5556,71.2871,40.1961,33.6735,43.6893,41
1994.86,31300,32300,31300,30500,31500,70000,1.2e+06,1.2e+06,1.2e+06,1.2e+06,1.596e+06,1.596e+06,,,,,,,,,,,7.312e+06,75.4902,79.798,40.5941,27.8351,54.4554,56
2994.88,31100,32300,31700,31100,31700,70000,1.2e+06,1.2e+06,1.2e+06,1.2e+06,1.596e+06,1.596e+06,,,,,,,,,,,7.7198e+06,80,82.6531,41,26,56.4356,55.6701
3994.9,31500,32600,31700,30900,31900,70000,1.2e+06,1.2e+06,1.2e+06,1.2e+06,1.596e+06,1.596e+06,,,,,,,,,,,7.591e+06,78.7879,82,40.8163,23.4694,54.5455,56.5657
4069.22,,,,,,,,,,,,,24.021,,,,,,,,,,,,,,,,
4994.86,32100,33600,32100,31300,31900,70000,1.2e+06,1.2e+06,1.2e+06,1.2e+06,1.596e+06,1.596e+06,,,,,,,,,,,8.5056e+06,78.4314,85,43,25,55.5556,53
5994.87,32300,33600,32500,31500,32100,70000,1.2e+06,1.2e+06,1.2e+06,1.2e+06,1.596e+06,1.596e+06,,,,,,,,,,,8.2046e+06,75.7576,84,51.4563,33.6634,54.4554,53.5354
6994.87,32600,33200,32800,31700,32100,70000,1.2e+06,1.2e+06,1.2e+06,1.2e+06,1.596e+06,1.596e+06,,,,,,,,,,,7.7696e+06,77,86.5979,43.4343,28.5714,53.0612,55.5556
7994.87,32800,34600,32800,31900,32600,70000,1.2e+06,1.2e+06,1.2e+06,1.2e+06,1.596e+06,1.596e+06,,,,,,,,,,,7.8604e+06,76.7677,84,47.5728,29.703,58.5859,59.1837
8995.52,33000,34600,33200,32500,32800,70000,1.2e+06,1.2e+06,1.2e+06,1.2e+06,1.596e+06,1.596e+06,,,,,,,,,,,8.22e+06,76.2376,84.8485,54,34,55.4455,57.5758
9994.87,33000,34200,33600,32800,33200,70000,1.2e+06,1.2e+06,1.2e+06,1.2e+06,1.596e+06,1.596e+06,,,,,,,,,,,8.5606e+06,80,81.8182,52.8846,29.5918,59.596,60.2041
10239.2,,,,,,,,,,,,,,65.61,60.13,,,,,,,,,,,,,,
10994.9,33400,34800,33600,33000,33400,70000,1.2e+06,1.2e+06,1.2e+06,1.2e+06,1.596e+06,1.596e+06,,,,,,,,,,,8.5916e+06,80.8081,85,52.9412,32.6733,60.2041,61.3861
11033.7,,,,,,,,,,,,,,,,,,,,,,1,,,,,,,
11071.7,,,,,,,,,,,,,,,,,,,,,,1,,,,,,,
11208.1,,,,,,,,,,,,,,,,,,,,,,1,,,,,,,
11509.9,,,,,,,,,,,,,,,,,,,,,,1,,,,,,,
11995.6,33800,35400,34000,33000,33600,70000,1.2e+06,1.2e+06,1.2e+06,1.2e+06,1.596e+06,1.596e+06,,,,,,,,,,,8.5708e+06,77.6699,84.6939,55.102,30.6122,59.8039,58.1633
12039.2,,,,,,,,,,,,,,,,,,,,,,1,,,,,,,
12186.2,,,,,,,,,,,,,,,,,,,,,,2,,,,,,,
12586.6,,,,,,,,,,,,,,,,,,,,,,2,,,,,,,
12632.4,,,,,,,,,,,,,,,,,,,,,,2,,,,,,,
12823.4,,,,,,,,,,,,,,,,,,,,,,2,,,,,,,
12995.7,33800,34800,34200,33000,33600,70000,1.2e+06,1.2e+06,1.2e+06,1.2e+06,1.596e+06,1.596e+06,,,,,,,,,,,7.6248e+06,78,85.8586,61.3861,35.3535,55.5556,57.5758
13297,,,,,,,,,,,,,,,,,,,,,,3,,,,,,,
13666.4,,,,,,,,,,,,,,,,,,,,,,2,,,,,,,
13697.7,,,,,,,,,,,,,,,,,,,,,,3,,,,,,,
13995.2,34200,35800,34400,33600,34000,70000,1.2e+06,1.2e+06,1.2e+06,1.2e+06,1.596e+06,1.596e+06,,,,,,,,,,,9.2196e+06,78.2178,89,59.4059,36.3636,59.596,60.6061
14133.9,,,,,,,,,,,,,24.021,,,,,,,,,,,,,,,,
14197.2,,,,,,,,,,,,,,,,,,,,,,3,,,,,,,
14436,,,,,,,,,,,,,,,,,,,,,,3,,,,,,,
14448,,,,,,,,,,,,,,,,,,,,,,1,,,,,,,
14809.2,,,,,,,,,,,,,,,,,,,,,,4,,,,,,,
14854.1,,,,,,,,,,,,,,,,,,,,,,4,,,,,,,
14995.4,34400,36200,34800,33800,34400,70000,1.2e+06,1.2e+06,1.2e+06,1.2e+06,1.596e+06,1.596e+06,,,,,,,,,,,8.1746e+06,76.7677,85,62.6263,37,62,63.6364
15298.3,,,,,,,,,,,,,,,,,,,,,,3,,,,,,,
15314.9,,,,,,,,,,,,,,,,,,,,,,4,,,,,,,
15965.2,,,,,,,,,,,,,,,,,,,,,,5,,,,,,,
15994.9,34400,36400,35000,34000,34800,70000,1.2e+06,1.2e+06,1.2e+06,1.2e+06,1.596e+06,1.596e+06,,,,,,,,,,,8.672e+06,81.1881,85.567,57.4257,35.3535,58.5859,59
16086.6,,,,,,,,,,,,,,,,,,,,,,2,,,,,,,
16361,,,,,,,,,,,,,,,,,,,,,,5,,,,,,,
16432.2,,,,,,,,,,,,,,,,,,,,,,5,,,,,,,
16925.4,,,,,,,,,,,,,,,,,,,,,,4,,,,,,,
17002.9,34800,36600,35000,34000,34800,70000,1.2e+06,1.2e+06,1.2e+06,1.2e+06,1.596e+06,1.596e+06,,,,,,,,,,,8.3942e+06,80.5825,86.1386,56,31.3725,58.4158,57.5758
17077.9,,,,,,,,,,,,,,,,,,,,,,6,,,,,,,
17289.1,,,,,,,,,,,,,,,,,,,,,,1,,,,,,,
17294,,,,,,,,,,,,,,,,,,,,,,1,,,,,,,
17470.1,,,,,,,,,,,,,,,,,,,,,,6,,,,,,,
17660.1,,,,,,,,,,,,,,,,,,,,,,5,,,,,,,
17995.4,35000,36600,35600,34400,35200,70000,1.2e+06,1.2e+06,1.2e+06,1.2e+06,1.596e+06,1.596e+06,,,,,,,,,,,8.4278e+06,83.6735,84.8485,57.4257,27.2727,60,61
18008.6,,,,,,,,,,,,,,,,,,,,,,1,,,,,,,
18194.9,,,,,,,,,,,,,,,,,,,,,,3,,,,,,,
18547.9,,,,,,,,,,,,,,,,,,,,,,5,,,,,,,
18635.2,,,,,,,,,,,,,,,,,,,,,,7,,,,,,,
18994.7,35000,36600,35600,34000,35200,70000,1.2e+06,1.2e+06,1.2e+06,1.2e+06,1.596e+06,1.596e+06,,,,,,,,,,,7.7084e+06,80.5825,88.7755,62,32.6531,58.5859,58.1633
19114.3,,,,,,,,,,,,,,,,,,,,,,7,,,,,,,
19272.3,,,,,,,,,,,,,,,,,,,,,,6,,,,,,,
19442.9,,,,,,,,,,,,,,,,,,,,,,2,,,,,,,
19442.9,,,,,,,,,,,,,,,,,,,,,,2,,,,,,,
19746.1,,,,,,,,,,,,,,,,,,,,,,8,,,,,,,
19830.5,,,,,,,,,,,,,,,,,,,,,,4,,,,,,,
19994.7,35600,36200,35600,34600,35200,70000,1.2e+06,1.2e+06,1.2e+06,1.2e+06,1.596e+06,1.596e+06,,,,,,,,,,,8.2858e+06,80.8081,86,60,36.6337,55.5556,57.5758
20152.5,,,,,,,,,,,,,,,,,,,,,,2,,,,,,,
20169.9,,,,,,,,,,,,,,,,,,,,,,6,,,,,,,
20367.2,,,,,,,,,,,,,,65.49,59.93,,,,,,,,,,,,,,
20677.4,,,,,,,,,,,,,,,,,,,,,,8,,,,,,,
20857.9,,,,,,,,,,,,,,,,,,,,,,9,,,,,,,
20885.3,,,,,,,,,,,,,,,,,,,,,,7,,,,,,,
20995.5,35600,37400,35800,34800,35200,70000,1.2e+06,1.2e+06,1.2e+06,1.2e+06,1.596e+06,1.596e+06,,,,,,,,,,,8.161e+06,80,89.899,63.4615,36,64,62.6263
21091.8,,,,,,,,,,,,,,,,,,,,,,3,,,,,,,
21094.4,,,,,,,,,,,,,,,,,,,,,,3,,,,,,,
21102.4,,,,,,,,,,,,,,,,,,,,,,1,,,,,,,
21240.9,,,,,,,,,,,,,,,,,,,,,,9,,,,,,,
21467.1,,,,,,,,,,,,,,,,,,,,,,5,,,,,,,
21794.6,,,,,,,,,,,,,,,,,,,,,,9,,,,,,,
21797.6,,,,,,,,,,,,,,,,,,,,,,7,,,,,,,
21814.1,,,,,,,,,,,,,,,,,,,,,,3,,,,,,,
21995.5,35800,37400,36000,35000,35600,70000,1.2e+06,1.2e+06,1.2e+06,1.2e+06,1.596e+06,1.596e+06,,,,,,,,,,,8.723e+06,79.6117,84.8485,61,34.3434,59.1837,62
22019.1,,,,,,,,,,,,,,,,,,,,,,8,,,,,,,
22351,,,,,,,,,,,,,,,,,,,,,,10,,,,,,,
22415.2,,,,,,,,,,,,,,,,,,,,,,10,,,,,,,
22912.7,,,,,,,,,,,,,,,,,,,,,,10,,,,,,,
22994.9,36000,37700,36400,35200,35800,70000,1.2e+06,1.2e+06,1.2e+06,1.2e+06,1.596e+06,1.596e+06,,,,,,,,,,,8.5226e+06,84,86,58,35.3535,60.396,60.6061
23103.1,,,,,,,,,,,,,,,,,,,,,,6,,,,,,,
23227.7,,,,,,,,,,,,,,,,,,,,,,4,,,,,,,
23233.3,,,,,,,,,,,,,,,,,,,,,,4,,,,,,,
23422,,,,,,,,,,,,,,,,,,,,,,8,,,,,,,
23460.5,,,,,,,,,,,,,,,,,,,,,,11,,,,,,,
23526.3,,,,,,,,,,,,,,,,,,,,,,11,,,,,,,
23631.4,,,,,,,,,,,,,,,,,,,,,,9,,,,,,,
23772.7,,,,,,,,,,,,,,,,,,,,,,2,,,,,,,
23952.7,,,,,,,,,,,,,,,,,,,,,,4,,,,,,,
23994.9,36200,37700,36400,35400,36200,70000,1.2e+06,1.2e+06,1.2e+06,1.2e+06,1.596e+06,1.596e+06,,,,,,,,,,,7.831e+06,81.1881,85.7143,57.4257,27.2727,57.5758,57.5758
24198.7,,,,,,,,,,,,,24.021,,,,,,,,,,,,,,,,
24477.6,,,,,,,,,,,,,,,,,,,,,,11,,,,,,,
24637.4,,,,,,,,,,,,,,,,,,,,,,12,,,,,,,
24885.3,,,,,,,,,,,,,,,,,,,,,,5,,,,,,,
24894.3,,,,,,,,,,,,,,,,,,,,,,5,,,,,,,
24994.9,36200,37400,36600,35600,35800,70000,1.2e+06,1.2e+06,1.2e+06,1.2e+06,1.596e+06,1.596e+06,,,,,,,,,,,9.3908e+06,81.3725,85.2941,56.8627,29.4118,58.4158,60
25012.9,,,,,,,,,,,,,,,,,,,,,,12,,,,,,,
25049.9,,,,,,,,,,,,,,,,,,,,,,9,,,,,,,
25211.8,,,,,,,,,,,,,,,,,,,,,,7,,,,,,,
25243.4,,,,,,,,,,,,,,,,,,,,,,10,,,,,,,
25598.1,,,,,,,,,,,,,,,,,,,,,,12,,,,,,,
25953.7,,,,,,,,,,,,,,,,,,,,,,3,,,,,,,
25994.9,36400,37700,36800,35600,36200,70000,1.2e+06,1.2e+06,1.2e+06,1.2e+06,1.596e+06,1.596e+06,,,,,,,,,,,8.3486e+06,79.798,88.8889,63.2653,35.7143,58.5859,57.5758
26093.2,,,,,,,,,,,,,,,,,,,,,,5,,,,,,,
26125.2,,,,,,,,,,,,,,,,,,,,,,13,,,,,,,
26194.9,,,,,,,,,,,,,,,,,,,,,,13,,,,,,,
26849.4,,,,,,,,,,,,,,,,,,,,,,8,,,,,,,
26855.7,,,,,,,,,,,,,,,,,,,,,,11,,,,,,,
26995.1,36600,37500,36800,35800,36200,70000,1.2e+06,1.2e+06,1.2e+06,1.2e+06,1.596e+06,1.596e+06,,,,,,,,,,,8.1806e+06,80.7692,86,59.2233,36.6337,56.4356,58.5859
27021.3,,,,,,,,,,,,,,,,,,,,,,6,,,,,,,
27034.5,,,,,,,,,,,,,,,,,,,,,,6,,,,,,,
27154.9,,,,,,,,,,,,,,,,,,,,,,10,,,,,,,
27162.2,,,,,,,,,,,,,,,,,,,,,,13,,,,,,,
27235.7,,,,,,,,,,,,,,,,,,,,,,14,,,,,,,
27306,,,,,,,,,,,,,,,,,,,,,,14,,,,,,,
27994.7,36800,38500,37200,36400,36400,70000,1.2e+06,1.2e+06,1.2e+06,1.2e+06,1.596e+06,1.596e+06,,,,,,,,,,,8.1296e+06,79.798,89.6907,63.6364,34.0206,63.6364,63.6364
28239,,,,,,,,,,,,,,,,,,,,,,6,,,,,,,
28282.2,,,,,,,,,,,,,,,,,,,,,,14,,,,,,,
28417.2,,,,,,,,,,,,,,,,,,,,,,15,,,,,,,
28468,,,,,,,,,,,,,,,,,,,,,,12,,,,,,,
28485.7,,,,,,,,,,,,,,,,,,,,,,9,,,,,,,
28622.4,,,,,,,,,,,,,,,,,,,,,,4,,,,,,,
28780.2,,,,,,,,,,,,,,,,,,,,,,11,,,,,,,
28786.4,,,,,,,,,,,,,,,,,,,,,,15,,,,,,,
28994.7,37000,38500,37400,36400,36800,70000,1.2e+06,1.2e+06,1.2e+06,1.2e+06,1.596e+06,1.596e+06,,,,,,,,,,,8.846e+06,79.6117,85.1485,57.5758,36,57.5758,60.6061
29157,,,,,,,,,,,,,,,,,,,,,,7,,,,,,,
29173.8,,,,,,,,,,,,,,,,,,,,,,7,,,,,,,
29399,,,,,,,,,,,,,,,,,,,,,,15,,,,,,,
29893.7,,,,,,,,,,,,,,,,,,,,,,7,,,,,,,
29895.7,,,,,,,,,,,,,,,,,,,,,,16,,,,,,,
29976.2,,,,,,,,,,,,,,,,,,,,,,16,,,,,,,
29995.4,37200,38500,37500,36400,37000,70000,1.2e+06,1.2e+06,1.2e+06,1.2e+06,1.596e+06,1.596e+06,,,,,,,,,,,8.262e+06,84,85.7143,58,32.6531,60.6061,60
30080.1,,,,,,,,,,,,,,,,,,,,,,13,,,,,,,
30121.5,,,,,,,,,,,,,,,,,,,,,,10,,,,,,,
30402,,,,,,,,,,,,,,,,,,,,,,12,,,,,,,
30513.9,,,,,,,,,,,,,,65.65,60.05,,,,,,,,,,,,,,
30801.8,,,,,,,,,,,,,,,,,,,,,,5,,,,,,,
30814.9,,,,,,,,,,,,,,,,,,,,,,8,,,,,,,
30962.6,,,,,,,,,,,,,,,,,,,,,,16,,,,,,,
30994.9,37200,38500,37500,36600,37200,70000,1.2e+06,1.2e+06,1.2e+06,1.2e+06,1.596e+06,1.596e+06,,,,,,,,,,,7.9546e+06,83.1683,85.8586,57.4257,28.2828,61,60.2041
31031.7,,,,,,,,,,,,,,,,,,,,,,17,,,,,,,
31087.8,,,,,,,,,,,,,,,,,,,,,,17,,,,,,,
31322.9,,,,,,,,,,,,,,,,,,,,,,8,,,,,,,
31692.1,,,,,,,,,,,,,,,,,,,,,,14,,,,,,,
31995.6,37500,38900,37700,37000,37200,70000,1.2e+06,1.2e+06,1.2e+06,1.2e+06,1.596e+06,1.596e+06,,,,,,,,,,,8.5152e+06,81,87.8788,58.4158,28,58,59
32024.3,,,,,,,,,,,,,,,,,,,,,,13,,,,,,,
32039.1,,,,,,,,,,,,,,,,,,,,,,8,,,,,,,
32081.7,,,,,,,,,,,,,,,,,,,,,,17,,,,,,,
32229.9,,,,,,,,,,,,,,,,,,,,,,11,,,,,,,
32583.2,,,,,,,,,,,,,,,,,,,,,,18,,,,,,,
32950.9,,,,,,,,,,,,,,,,,,,,,,9,,,,,,,
32975.1,,,,,,,,,,,,,,,,,,,,,,9,,,,,,,
32982,,,,,,,,,,,,,,,,,,,,,,6,,,,,,,
32995.2,37700,39300,37900,36800,37200,70000,1.2e+06,1.2e+06,1.2e+06,1.2e+06,1.596e+06,1.596e+06,,,,,,,,,,,8.183e+06,80,86.7347,64.3564,36.6337,57.1429,56.5657
33304.4,,,,,,,,,,,,,,,,,,,,,,15,,,,,,,
33646,,,,,,,,,,,,,,,,,,,,,,18,,,,,,,
33649.3,,,,,,,,,,,,,,,,,,,,,,14,,,,,,,
33695.1,,,,,,,,,,,,,,,,,,,,,,19,,,,,,,
33756.3,,,,,,,,,,,,,,,,,,,,,,19,,,,,,,
33867.3,,,,,,,,,,,,,,,,,,,,,,12,,,,,,,
33995.6,38100,38900,38500,37400,37500,70000,1.2e+06,1.2e+06,1.2e+06,1.2e+06,1.596e+06,1.596e+06,,,,,,,,,,,8.907e+06,80.5825,87,58,36,58,59.596
34181.5,,,,,,,,,,,,,,,,,,,,,,9,,,,,,,
34263.2,,,,,,,,,,,,,24.021,,,,,,,,,,,,,,,,
34438.5,,,,,,,,,,,,,,,,,,,,,,16,,,,,,,
34609.4,,,,,,,,,,,,,,,,,,,,,,10,,,,,,,
34766.5,,,,,,,,,,,,,,,,,,,,,,19,,,,,,,
34805.8,,,,,,,,,,,,,,,,,,,,,,20,,,,,,,
34867.4,,,,,,,,,,,,,,,,,,,,,,20,,,,,,,
34994.7,38100,39700,38700,37500,37900,70000,1.2e+06,1.2e+06,1.2e+06,1.2e+06,1.596e+06,1.596e+06,,,,,,,,,,,8.6072e+06,80,88,64.3564,36,63.6364,64.6465
35114.3,,,,,,,,,,,,,,,,,,,,,,10,,,,,,,
35280.7,,,,,,,,,,,,,,,,,,,,,,15,,,,,,,
35503.9,,,,,,,,,,,,,,,,,,,,,,13,,,,,,,
35841.9,,,,,,,,,,,,,,,,,,,,,,10,,,,,,,
35883.4,,,,,,,,,,,,,,,,,,,,,,20,,,,,,,
35978.6,,,,,,,,,,,,,,,,,,,,,,21,,,,,,,
35994.7,38100,39300,38700,37400,37900,70000,1.2e+06,1.2e+06,1.2e+06,1.2e+06,1.596e+06,1.596e+06,,,,,,,,,,,8.143e+06,80.198,85.7143,58,34.3434,57,58.5859
36051,,,,,,,,,,,,,,,,,,,,,,17,,,,,,,
36358.6,,,,,,,,,,,,,,,,,,,,,,21,,,,,,,
36745.3,,,,,,,,,,,,,,,,,,,,,,11,,,,,,,
36902.7,,,,,,,,,,,,,,,,,,,,,,16,,,,,,,
36995,38300,39300,38700,37400,37900,70000,1.2e+06,1.2e+06,1.2e+06,1.2e+06,1.596e+06,1.596e+06,,,,,,,,,,,8.0262e+06,83.1683,85,56.8627,33.3333,59.8039,59.596
37140.3,,,,,,,,,,,,,,,,,,,,,,14,,,,,,,
37253.4,,,,,,,,,,,,,,,,,,,,,,11,,,,,,,
37467.2,,,,,,,,,,,,,,,,,,,,,,22,,,,,,,
37536.7,,,,,,,,,,,,,,,,,,,,,,22,,,,,,,
37663.1,,,,,,,,,,,,,,,,,,,,,,18,,,,,,,
37829.5,,,,,,,,,,,,,,,,,,,,,,8,,,,,,,
37981,,,,,,,,,,,,,,,,,,,,,,11,,,,,,,
37995.2,38500,39300,38700,37700,38100,70000,1.2e+06,1.2e+06,1.2e+06,1.2e+06,1.596e+06,1.596e+06,,,,,,,,,,,9.0112e+06,83,86,57.1429,27.2727,60.2041,61
38566.5,,,,,,,,,,,,,,,,,,,,,,22,,,,,,,
38576.8,,,,,,,,,,,,,,,,,,,,,,23,,,,,,,
38649.3,,,,,,,,,,,,,,,,,,,,,,23,,,,,,,
38881.4,,,,,,,,,,,,,,,,,,,,,,12,,,,,,,
38913.9,,,,,,,,,,,,,,,,,,,,,,12,,,,,,,
38995.1,38700,40100,39100,38100,38100,70000,1.2e+06,1.2e+06,1.2e+06,1.2e+06,1.596e+06,1.596e+06,,,,,,,,,,,8.3326e+06,80.3922,88.8889,60.396,32.3232,59,58.1633
39248.5,,,,,,,,,,,,,,,,,,,,,,15,,,,,,,
39275.5,,,,,,,,,,,,,,,,,,,,,,19,,,,,,,
39762.5,,,,,,,,,,,,,,,,,,,,,,24,,,,,,,
39994.8,38700,40100,39300,38300,38300,70000,1.2e+06,1.2e+06,1.2e+06,1.2e+06,1.596e+06,1.596e+06,,,,,,,,,,,8.5186e+06,80,85.8586,62,35,55.5556,58
40119.9,,,,,,,,,,,,,,,,,,,,,,12,,,,,,,
40128,,,,,,,,,,,,,,,,,,,,,,24,,,,,,,
40128.3,,,,,,,,,,,,,,,,,,,,,,23,,,,,,,
40146.6,,,,,,,,,,,,,,,,,,,,,,18,,,,,,,
40496.1,,,,,,,,,,,,,,,,,,,,,,9,,,,,,,
40539.6,,,,,,,,,,,,,,,,,,,,,,13,,,,,,,
40640.7,,,,,,,,,,,,,,65.73,60.09,,,,,,,,,,,,,,
40884.1,,,,,,,,,,,,,,,,,,,,,,16,,,,,,,
40887.8,,,,,,,,,,,,,,,,,,,,,,20,,,,,,,
40995.1,38900,40100,39100,38100,38300,70000,1.2e+06,1.2e+06,1.2e+06,1.2e+06,1.596e+06,1.596e+06,,,,,,,,,,,8.5412e+06,80.5825,89,62.3762,38.3838,59,60.6061
41055,,,,,,,,,,,,,,,,,,,,,,13,,,,,,,
41237.9,,,,,,,,,,,,,,,,,,,,,,25,,,,,,,
41247.1,,,,,,,,,,,,,,,,,,,,,,24,,,,,,,
41319.8,,,,,,,,,,,,,,,,,,,,,,25,,,,,,,
41768.8,,,,,,,,,,,,,,,,,,,,,,19,,,,,,,
41780,,,,,,,,,,,,,,,,,,,,,,13,,,,,,,
41995.4,38900,40100,39500,38300,38700,70000,1.2e+06,1.2e+06,1.2e+06,1.2e+06,1.596e+06,1.596e+06,,,,,,,,,,,8.0026e+06,79,85.8586,62,35.3535,63,63.6364
42347.5,,,,,,,,,,,,,,,,,,,,,,26,,,,,,,
42365.5,,,,,,,,,,,,,,,,,,,,,,25,,,,,,,
42432.7,,,,,,,,,,,,,,,,,,,,,,26,,,,,,,
42500.1,,,,,,,,,,,,,,,,,,,,,,21,,,,,,,
42520.8,,,,,,,,,,,,,,,,,,,,,,17,,,,,,,
42674.7,,,,,,,,,,,,,,,,,,,,,,10,,,,,,,
42674.8,,,,,,,,,,,,,,,,,,,,,,14,,,,,,,
42995.3,39300,40900,39700,38300,38700,70000,1.2e+06,1.2e+06,1.2e+06,1.2e+06,1.596e+06,1.596e+06,,,,,,,,,,,8.392e+06,82.1782,84.8485,58,37,58.4158,59.1837
43194,,,,,,,,,,,,,,,,,,,,,,14,,,,,,,
43391.5,,,,,,,,,,,,,,,,,,,,,,20,,,,,,,
43543.9,,,,,,,,,,,,,,,,,,,,,,27,,,,,,,
43897.4,,,,,,,,,,,,,,,,,,,,,,27,,,,,,,
43918.1,,,,,,,,,,,,,,,,,,,,,,14,,,,,,,
43929.2,,,,,,,,,,,,,,,,,,,,,,26,,,,,,,
44006.9,39300,40900,39900,38700,39100,70000,1.2e+06,1.2e+06,1.2e+06,1.2e+06,1.596e+06,1.596e+06,,,,,,,,,,,8.5042e+06,82.5243,86.1386,56.8627,32.0388,59.4059,58
44112.5,,,,,,,,,,,,,,,,,,,,,,22,,,,,,,
44157.2,,,,,,,,,,,,,,,,,,,,,,18,,,,,,,
44333.2,,,,,,,,,,,,,,,,,,,,,,15,,,,,,,
44350.7,,,,,,,,,,,,,24.032,,,,,,,,,,,,,,,,
44856.5,,,,,,,,,,,,,,,,,,,,,,15,,,,,,,
44859.9,,,,,,,,,,,,,,,,,,,,,,11,,,,,,,
44995.2,39700,40900,39900,38700,39300,70000,1.2e+06,1.2e+06,1.2e+06,1.2e+06,1.596e+06,1.596e+06,,,,,,,,,,,8.7122e+06,82.6531,84.6939,55.5556,29.703,59.1837,60.6061
45012.9,,,,,,,,,,,,,,,,,,,,,,28,,,,,,,
45013.4,,,,,,,,,,,,,,,,,,,,,,21,,,,,,,
45048.3,,,,,,,,,,,,,,,,,,,,,,27,,,,,,,
45101.8,,,,,,,,,,,,,,,,,,,,,,28,,,,,,,
45724.6,,,,,,,,,,,,,,,,,,,,,,23,,,,,,,
45995,39700,41300,40100,38900,38900,70000,1.2e+06,1.2e+06,1.2e+06,1.2e+06,1.596e+06,1.596e+06,,,,,,,,,,,8.0834e+06,80.3922,88.8889,61,34,59,58.4158
46060.8,,,,,,,,,,,,,,,,,,,,,,15,,,,,,,
46126.8,,,,,,,,,,,,,,,,,,,,,,29,,,,,,,
46213.2,,,,,,,,,,,,,,,,,,,,,,29,,,,,,,
46265.7,,,,,,,,,,,,,,,,,,,,,,19,,,,,,,
46469.3,,,,,,,,,,,,,,,,,,,,,,16,,,,,,,
46611.3,,,,,,,,,,,,,,,,,,,,,,28,,,,,,,
46640.1,,,,,,,,,,,,,,,,,,,,,,22,,,,,,,
46858.7,,,,,,,,,,,,,,,,,,,,,,24,,,,,,,
46995.1,39700,40500,40300,39100,38900,70000,1.2e+06,1.2e+06,1.2e+06,1.2e+06,1.596e+06,1.596e+06,,,,,,,,,,,8.205e+06,80.198,85.8586,60.396,36.3636,55.5556,58.1633
46998,,,,,,,,,,,,,,,,,,,,,,16,,,,,,,
47324.4,,,,,,,,,,,,,,,,,,,,,,30,,,,,,,
47528.9,,,,,,,,,,,,,,,,,,,,,,12,,,,,,,
47677.9,,,,,,,,,,,,,,,,,,,,,,30,,,,,,,
47722.2,,,,,,,,,,,,,,,,,,,,,,16,,,,,,,
47728.6,,,,,,,,,,,,,,,,,,,,,,29,,,,,,,
47902.4,,,,,,,,,,,,,,,,,,,,,,20,,,,,,,
47995.6,40100,41300,40300,39100,39500,70000,1.2e+06,1.2e+06,1.2e+06,1.2e+06,1.596e+06,1.596e+06,,,,,,,,,,,8.684e+06,80.198,89,62,35.6436,62,62
48266.3,,,,,,,,,,,,,,,,,,,,,,23,,,,,,,
48606.1,,,,,,,,,,,,,,,,,,,,,,17,,,,,,,
48788.5,,,,,,,,,,,,,,,,,,,,,,31,,,,,,,
48845.4,,,,,,,,,,,,,,,,,,,,,,30,,,,,,,
48882,,,,,,,,,,,,,,,,,,,,,,31,,,,,,,
48995.3,39900,41300,40700,39300,39500,70000,1.2e+06,1.2e+06,1.2e+06,1.2e+06,1.596e+06,1.596e+06,,,,,,,,,,,8.6936e+06,79.2079,85.7143,61,34.6939,60,61.6162
49134.2,,,,,,,,,,,,,,,,,,,,,,17,,,,,,,
49538.5,,,,,,,,,,,,,,,,,,,,,,21,,,,,,,
49707.6,,,,,,,,,,,,,,,,,,,,,,13,,,,,,,
49859.9,,,,,,,,,,,,,,,,,,,,,,17,,,,,,,
49888,,,,,,,,,,,,,,,,,,,,,,24,,,,,,,
49897.8,,,,,,,,,,,,,,,,,,,,,,32,,,,,,,
49993.4,,,,,,,,,,,,,,,,,,,,,,32,,,,,,,
49995.6,40300,42100,40500,39500,39700,70000,1.2e+06,1.2e+06,1.2e+06,1.2e+06,1.596e+06,1.596e+06,,,,,,,,,,,8.3602e+06,84.1584,85.1485,58.4158,35.3535,60,60.2041
50083,,,,,,,,,,,,,,,,,,,,,,26,,,,,,,
50263.7,,,,,,,,,,,,,,,,,,,,,,18,,,,,,,
50411.1,,,,,,,,,,,,,,,,,,,,,,31,,,,,,,
50739,,,,,,,,,,,,,,65.73,60.09,,,,,,,,,,,,,,
50795.2,,,,,,,,,,,,,,,,,,,,,,18,,,,,,,
50995.5,40300,42100,40900,39500,40100,70000,1.2e+06,1.2e+06,1.2e+06,1.2e+06,1.596e+06,1.596e+06,,,,,,,,,,,8.7478e+06,81.3725,86,57,27.551,57.5758,61
51007.1,,,,,,,,,,,,,,,,,,,,,,33,,,,,,,
51104.6,,,,,,,,,,,,,,,,,,,,,,33,,,,,,,
51175.6,,,,,,,,,,,,,,,,,,,,,,22,,,,,,,
51528.2,,,,,,,,,,,,,,,,,,,,,,32,,,,,,,
51695.2,,,,,,,,,,,,,,,,,,,,,,27,,,,,,,
52002.9,40500,42100,40900,39700,39700,70000,1.2e+06,1.2e+06,1.2e+06,1.2e+06,1.596e+06,1.596e+06,,,,,,,,,,,8.7922e+06,82,85.8586,58.2524,27.7228,58.4158,59.8039
52004.3,,,,,,,,,,,,,,,,,,,,,,25,,,,,,,
52004.3,,,,,,,,,,,,,,,,,,,,,,18,,,,,,,
52376.1,,,,,,,,,,,,,,,,,,,,,,14,,,,,,,
52399.9,,,,,,,,,,,,,,,,,,,,,,19,,,,,,,
52557.3,,,,,,,,,,,,,,,,,,,,,,34,,,,,,,
52662.3,,,,,,,,,,,,,,,,,,,,,,34,,,,,,,
52811.3,,,,,,,,,,,,,,,,,,,,,,23,,,,,,,
52934.4,,,,,,,,,,,,,,,,,,,,,,19,,,,,,,
52995.6,40700,41700,41100,39700,40100,70000,1.2e+06,1.2e+06,1.2e+06,1.2e+06,1.596e+06,1.596e+06,,,,,,,,,,,7.789e+06,80.198,88,63.6364,34.6939,58.5859,58.5859
53307.7,,,,,,,,,,,,,,,,,,,,,,28,,,,,,,
53617.4,,,,,,,,,,,,,,,,,,,,,,26,,,,,,,
53658.2,,,,,,,,,,,,,,,,,,,,,,19,,,,,,,
53667.1,,,,,,,,,,,,,,,,,,,,,,35,,,,,,,
53773.9,,,,,,,,,,,,,,,,,,,,,,35,,,,,,,
53995.3,40900,41300,41500,40300,40300,70000,1.2e+06,1.2e+06,1.2e+06,1.2e+06,1.596e+06,1.596e+06,,,,,,,,,,,8.2138e+06,81,85.8586,58.8235,37.6238,56.1224,58.1633
54208.3,,,,,,,,,,,,,,,,,,,,,,34,,,,,,,
54418.7,,,,,,,,,,,,,24.042,,,,,,,,,,,,,,,,
54535.7,,,,,,,,,,,,,,,,,,,,,,20,,,,,,,
54556.5,,,,,,,,,,,,,,,,,,,,,,15,,,,,,,
54777,,,,,,,,,,,,,,,,,,,,,,36,,,,,,,
54885.4,,,,,,,,,,,,,,,,,,,,,,36,,,,,,,
54920.1,,,,,,,,,,,,,,,,,,,,,,29,,,,,,,
54920.6,,,,,,,,,,,,,,,,,,,,,,24,,,,,,,
54994.7,41100,42800,41500,40100,40500,70000,1.2e+06,1.2e+06,1.2e+06,1.2e+06,1.596e+06,1.596e+06,,,,,,,,,,,9.7092e+06,79.2079,89.7959,63,36,63,63.6364
55073.3,,,,,,,,,,,,,,,,,,,,,,20,,,,,,,
55239.2,,,,,,,,,,,,,,,,,,,,,,27,,,,,,,
55324.7,,,,,,,,,,,,,,,,,,,,,,35,,,,,,,
55795.4,,,,,,,,,,,,,,,,,,,,,,20,,,,,,,
55994.7,41300,42800,41500,40300,40500,70000,1.2e+06,1.2e+06,1.2e+06,1.2e+06,1.596e+06,1.596e+06,,,,,,,,,,,8.7802e+06,80.198,85.1485,58.5859,36.3636,59.8039,60
56193.4,,,,,,,,,,,,,,,,,,,,,,21,,,,,,,
56443.2,,,,,,,,,,,,,,,,,,,,,,37,,,,,,,
56532.3,,,,,,,,,,,,,,,,,,,,,,30,,,,,,,
56557.4,,,,,,,,,,,,,,,,,,,,,,25,,,,,,,
56734.4,,,,,,,,,,,,,,,,,,,,,,21,,,,,,,
56738.2,,,,,,,,,,,,,,,,,,,,,,16,,,,,,,
56865.5,,,,,,,,,,,,,,,,,,,,,,28,,,,,,,
56888.9,,,,,,,,,,,,,,,,,,,,,,36,,,,,,,
56995.2,41300,42800,41900,40500,40700,70000,1.2e+06,1.2e+06,1.2e+06,1.2e+06,1.596e+06,1.596e+06,,,,,,,,,,,9.0626e+06,84.1584,85.7143,57.4257,34.3137,59.596,60.2041
57554.9,,,,,,,,,,,,,,,,,,,,,,38,,,,,,,
57937,,,,,,,,,,,,,,,,,,,,,,21,,,,,,,
57995.2,41300,42800,41700,40500,40500,70000,1.2e+06,1.2e+06,1.2e+06,1.2e+06,1.596e+06,1.596e+06,,,,,,,,,,,8.3482e+06,83.1683,84.8485,56.5657,29,59.596,61
58008.6,,,,,,,,,,,,,,,,,,,,,,37,,,,,,,
58145,,,,,,,,,,,,,,,,,,,,,,31,,,,,,,
58193.6,,,,,,,,,,,,,,,,,,,,,,26,,,,,,,
58329.5,,,,,,,,,,,,,,,,,,,,,,22,,,,,,,
58497,,,,,,,,,,,,,,,,,,,,,,29,,,,,,,
58555.6,,,,,,,,,,,,,,,,,,,,,,39,,,,,,,
58666.5,,,,,,,,,,,,,,,,,,,,,,39,,,,,,,
58874,,,,,,,,,,,,,,,,,,,,,,22,,,,,,,
58995.3,41100,43200,41900,40700,40500,70000,1.2e+06,1.2e+06,1.2e+06,1.2e+06,1.596e+06,1.596e+06,,,,,,,,,,,8.281e+06,81,88,57,30.303,58,58.5859
59279.1,,,,,,,,,,,,,,,,,,,,,,32,,,,,,,
59409.7,,,,,,,,,,,,,,,,,,,,,,17,,,,,,,
59571.3,,,,,,,,,,,,,,,,,,,,,,38,,,,,,,
59598.3,,,,,,,,,,,,,,,,,,,,,,22,,,,,,,
59829.7,,,,,,,,,,,,,,,,,,,,,,27,,,,,,,
59987.5,,,,,,,,,,,,,,,,,,,,,,23,,,,,,,
59994.7,41500,42100,41900,40700,40900,70000,1.2e+06,1.2e+06,1.2e+06,1.2e+06,1.596e+06,1.596e+06,,,,,,,,,,,9.1432e+06,79.4118,86.8687,65.3465,35,58,56.5657
60106.3,,,,,,,,,,,,,,,,,,,,,,40,,,,,,,
60119.2,,,,,,,,,,,,,,,,,,,,,,30,,,,,,,
60223.8,,,,,,,,,,,,,,,,,,,,,,40,,,,,,,
60688.7,,,,,,,,,,,,,,,,,,,,,,39,,,,,,,
60891.5,,,,,,,,,,,,,,,,,,,,,,33,,,,,,,
60926.2,,,,,,,,,,,,,,66.23,60.75,,,,,,,,,,,,,,
60995.5,41500,42500,42300,40700,40900,70000,1.2e+06,1.2e+06,1.2e+06,1.2e+06,1.596e+06,1.596e+06,,,,,,,,,,,8.0658e+06,81.3725,86.8687,58.5859,38.7755,58.4158,59.596
61018.8,,,,,,,,,,,,,,,,,,,,,,23,,,,,,,
61216.4,,,,,,,,,,,,,,,,,,,,,,41,,,,,,,
61337.9,,,,,,,,,,,,,,,,,,,,,,41,,,,,,,
61589.6,,,,,,,,,,,,,,,,,,,,,,18,,,,,,,
61735.2,,,,,,,,,,,,,,,,,,,,,,23,,,,,,,
61741.2,,,,,,,,,,,,,,,,,,,,,,31,,,,,,,
61806.4,,,,,,,,,,,,,,,,,,,,,,40,,,,,,,
61938.8,,,,,,,,,,,,,,,,,,,,,,28,,,,,,,
61995,42100,43600,42300,41100,41100,70000,1.2e+06,1.2e+06,1.2e+06,1.2e+06,1.596e+06,1.596e+06,,,,,,,,,,,8.6206e+06,80,88,63.3663,38.6139,64.3564,64.2857
62123.2,,,,,,,,,,,,,,,,,,,,,,24,,,,,,,
62326.2,,,,,,,,,,,,,,,,,,,,,,42,,,,,,,
62503.8,,,,,,,,,,,,,,,,,,,,,,34,,,,,,,
62673.9,,,,,,,,,,,,,,,,,,,,,,24,,,,,,,
62902.9,,,,,,,,,,,,,,,,,,,,,,42,,,,,,,
62995.1,41700,43600,42300,41100,41500,70000,1.2e+06,1.2e+06,1.2e+06,1.2e+06,1.596e+06,1.596e+06,,,,,,,,,,,8.4364e+06,80.198,85.7143,58,36,57.5758,58.5859
63363.3,,,,,,,,,,,,,,,,,,,,,,32,,,,,,,
63369.5,,,,,,,,,,,,,,,,,,,,,,41,,,,,,,
63575.8,,,,,,,,,,,,,,,,,,,,,,29,,,,,,,
63879,,,,,,,,,,,,,,,,,,,,,,24,,,,,,,
63879,,,,,,,,,,,,,,,,,,,,,,43,,,,,,,
63995.3,41900,43200,42300,41300,41500,70000,1.2e+06,1.2e+06,1.2e+06,1.2e+06,1.596e+06,1.596e+06,,,,,,,,,,,7.9388e+06,83.1683,85.1485,57.4257,30.303,59.4059,59.596
64007.2,,,,,,,,,,,,,,,,,,,,,,43,,,,,,,
64256.5,,,,,,,,,,,,,,,,,,,,,,19,,,,,,,
64259,,,,,,,,,,,,,,,,,,,,,,25,,,,,,,
64492.6,,,,,,,,,,,,,,,,,,,,,,42,,,,,,,
64496.5,,,,,,,,,,,,,24.053,,,,,,,,,,,,,,,,
64813.1,,,,,,,,,,,,,,,,,,,,,,25,,,,,,,
64987.1,,,,,,,,,,,,,,,,,,,,,,33,,,,,,,
64990.4,,,,,,,,,,,,,,,,,,,,,,44,,,,,,,
64995.7,41900,43600,42600,41300,41500,70000,1.2e+06,1.2e+06,1.2e+06,1.2e+06,1.596e+06,1.596e+06,,,,,,,,,,,8.277e+06,84,85.8586,57,28,59.596,61
65118,,,,,,,,,,,,,,,,,,,,,,44,,,,,,,
65212.4,,,,,,,,,,,,,,,,,,,,,,30,,,,,,,
65535,,,,,,,,,,,,,,,,,,,,,,25,,,,,,,
65728.7,,,,,,,,,,,,,,,,,,,,,,36,,,,,,,
65917,,,,,,,,,,,,,,,,,,,,,,26,,,,,,,
65995.2,42100,44000,42800,41500,41300,70000,1.2e+06,1.2e+06,1.2e+06,1.2e+06,1.596e+06,1.596e+06,,,,,,,,,,,8.384e+06,80.3922,88.8889,60.396,32,59.596,58
66058.2,,,,,,,,,,,,,,,,,,,,,,43,,,,,,,
66103.1,,,,,,,,,,,,,,,,,,,,,,45,,,,,,,
66435.8,,,,,,,,,,,,,,,,,,,,,,20,,,,,,,
66474,,,,,,,,,,,,,,,,,,,,,,26,,,,,,,
66609.8,,,,,,,,,,,,,,,,,,,,,,34,,,,,,,
66682.9,,,,,,,,,,,,,,,,,,,,,,45,,,,,,,
66848.4,,,,,,,,,,,,,,,,,,,,,,31,,,,,,,
66994.7,42100,42800,42800,41300,41500,70000,1.2e+06,1.2e+06,1.2e+06,1.2e+06,1.596e+06,1.596e+06,,,,,,,,,,,9.1424e+06,80,85.7143,62.7451,35.3535,55.5556,58.1633
67177,,,,,,,,,,,,,,,,,,,,,,44,,,,,,,
67212.3,,,,,,,,,,,,,,,,,,,,,,46,,,,,,,
67340.9,,,,,,,,,,,,,,,,,,,,,,37,,,,,,,
67673.8,,,,,,,,,,,,,,,,,,,,,,26,,,,,,,
67787.6,,,,,,,,,,,,,,,,,,,,,,46,,,,,,,
67995,42500,43200,42800,41700,41700,70000,1.2e+06,1.2e+06,1.2e+06,1.2e+06,1.596e+06,1.596e+06,,,,,,,,,,,8.3156e+06,80.198,89,59.596,37.6238,59,59.596
68052.9,,,,,,,,,,,,,,,,,,,,,,27,,,,,,,
68231.7,,,,,,,,,,,,,,,,,,,,,,35,,,,,,,
68612.8,,,,,,,,,,,,,,,,,,,,,,27,,,,,,,
68615.4,,,,,,,,,,,,,,,,,,,,,,21,,,,,,,
68740.6,,,,,,,,,,,,,,,,,,,,,,45,,,,,,,
68762.4,,,,,,,,,,,,,,,,,,,,,,47,,,,,,,
68900.6,,,,,,,,,,,,,,,,,,,,,,47,,,,,,,
68953.2,,,,,,,,,,,,,,,,,,,,,,38,,,,,,,
68956.7,,,,,,,,,,,,,,,,,,,,,,32,,,,,,,
68994.9,42500,44000,43000,41500,42100,70000,1.2e+06,1.2e+06,1.2e+06,1.2e+06,1.596e+06,1.596e+06,,,,,,,,,,,8.5856e+06,79,85.8586,62,35.3535,62,64.2857
69333.3,,,,,,,,,,,,,,,,,,,,,,27,,,,,,,
69710.8,,,,,,,,,,,,,,,,,,,,,,28,,,,,,,
69853.8,,,,,,,,,,,,,,,,,,,,,,36,,,,,,,
69857.1,,,,,,,,,,,,,,,,,,,,,,46,,,,,,,
69872.3,,,,,,,,,,,,,,,,,,,,,,48,,,,,,,
69994.7,42600,44400,43400,41900,41900,70000,1.2e+06,1.2e+06,1.2e+06,1.2e+06,1.596e+06,1.596e+06,,,,,,,,,,,8.6286e+06,82.3529,85,58.4158,35.3535,58.5859,59.4059
70574.9,,,,,,,,,,,,,,,,,,,,,,39,,,,,,,
70593.7,,,,,,,,,,,,,,,,,,,,,,33,,,,,,,
70752.1,,,,,,,,,,,,,,,,,,,,,,28,,,,,,,
70977.8,,,,,,,,,,,,,,,,,,,,,,47,,,,,,,
70983.7,,,,,,,,,,,,,,,,,,,,,,49,,,,,,,
71002.8,42600,44000,43400,41900,42300,70000,1.2e+06,1.2e+06,1.2e+06,1.2e+06,1.596e+06,1.596e+06,,,,,,,,,,,8.2906e+06,81.3725,86,56,29.703,57.4257,58
71073.9,,,,,,,,,,,,,,66.06,60.66,,,,,,,,,,,,,,
71282.3,,,,,,,,,,,,,,,,,,,,,,22,,,,,,,
71473.6,,,,,,,,,,,,,,,,,,,,,,28,,,,,,,
71480.2,,,,,,,,,,,,,,,,,,,,,,37,,,,,,,
71571.4,,,,,,,,,,,,,,,,,,,,,,49,,,,,,,
71699.9,,,,,,,,,,,,,,,,,,,,,,40,,,,,,,
71846.8,,,,,,,,,,,,,,,,,,,,,,29,,,,,,,
71995.2,42800,43800,43400,42100,42300,70000,1.2e+06,1.2e+06,1.2e+06,1.2e+06,1.596e+06,1.596e+06,,,,,,,,,,,8.174e+06,82.8283,84.6939,57,27.551,60.2041,61.2245
72230,,,,,,,,,,,,,,,,,,,,,,34,,,,,,,
72412.7,,,,,,,,,,,,,,,,,,,,,,29,,,,,,,
72536.9,,,,,,,,,,,,,,,,,,,,,,50,,,,,,,
72540.7,,,,,,,,,,,,,,,,,,,,,,48,,,,,,,
72683.2,,,,,,,,,,,,,,,,,,,,,,50,,,,,,,
72995.7,42800,44400,43400,42300,42300,70000,1.2e+06,1.2e+06,1.2e+06,1.2e+06,1.596e+06,1.596e+06,,,,,,,,,,,8.633e+06,80.3922,88.8889,62,35.2941,59.596,58.4158
73102.4,,,,,,,,,,,,,,,,,,,,,,38,,,,,,,
73312.2,,,,,,,,,,,,,,,,,,,,,,41,,,,,,,
73461.8,,,,,,,,,,,,,,,,,,,,,,23,,,,,,,
73612.2,,,,,,,,,,,,,,,,,,,,,,29,,,,,,,
73647.5,,,,,,,,,,,,,,,,,,,,,,51,,,,,,,
73658.9,,,,,,,,,,,,,,,,,,,,,,49,,,,,,,
73866.2,,,,,,,,,,,,,,,,,,,,,,35,,,,,,,
73982.7,,,,,,,,,,,,,,,,,,,,,,30,,,,,,,
73994.9,42800,43600,43800,42300,42100,70000,1.2e+06,1.2e+06,1.2e+06,1.2e+06,1.596e+06,1.596e+06,,,,,,,,,,,8.0464e+06,81.1881,86,60.396,35.6436,56,58.1633
74241.4,,,,,,,,,,,,,,,,,,,,,,51,,,,,,,
74551.9,,,,,,,,,,,,,,,,,,,,,,30,,,,,,,
74560,,,,,,,,,,,,,24.042,,,,,,,,,,,,,,,,
74758.6,,,,,,,,,,,,,,,,,,,,,,52,,,,,,,
74924.6,,,,,,,,,,,,,,,,,,,,,,42,,,,,,,
74994.7,43000,44400,43800,42300,42600,70000,1.2e+06,1.2e+06,1.2e+06,1.2e+06,1.596e+06,1.596e+06,,,,,,,,,,,8.85e+06,80,88.8889,62,34.0206,61.6162,62.6263
75222.9,,,,,,,,,,,,,,,,,,,,,,50,,,,,,,
75272.7,,,,,,,,,,,,,,,,,,,,,,30,,,,,,,
75354.4,,,,,,,,,,,,,,,,,,,,,,52,,,,,,,
75640.4,,,,,,,,,,,,,,,,,,,,,,31,,,,,,,
75640.7,,,,,,,,,,,,,,,,,,,,,,24,,,,,,,
75974.3,,,,,,,,,,,,,,,,,,,,,,36,,,,,,,
75995.5,43400,44200,43800,42600,42600,70000,1.2e+06,1.2e+06,1.2e+06,1.2e+06,1.596e+06,1.596e+06,,,,,,,,,,,8.851e+06,79.4118,85.8586,61.3861,35.3535,60.7843,62
76340.2,,,,,,,,,,,,,,,,,,,,,,51,,,,,,,
76346.9,,,,,,,,,,,,,,,,,,,,,,40,,,,,,,
76465.7,,,,,,,,,,,,,,,,,,,,,,53,,,,,,,
76536.9,,,,,,,,,,,,,,,,,,,,,,43,,,,,,,
76691,,,,,,,,,,,,,,,,,,,,,,31,,,,,,,
76995.5,42800,44400,43800,42500,42500,70000,1.2e+06,1.2e+06,1.2e+06,1.2e+06,1.596e+06,1.596e+06,,,,,,,,,,,8.4308e+06,84.1584,85.8586,58.5859,33.3333,60.6061,60.2041
77410.7,,,,,,,,,,,,,,,,,,,,,,31,,,,,,,
77417.2,,,,,,,,,,,,,,,,,,,,,,54,,,,,,,
77457.2,,,,,,,,,,,,,,,,,,,,,,52,,,,,,,
77611.1,,,,,,,,,,,,,,,,,,,,,,37,,,,,,,
77776.4,,,,,,,,,,,,,,,,,,,,,,32,,,,,,,
77969,,,,,,,,,,,,,,,,,,,,,,41,,,,,,,
77995.2,43400,44600,44200,42600,42800,70000,1.2e+06,1.2e+06,1.2e+06,1.2e+06,1.596e+06,1.596e+06,,,,,,,,,,,8.6548e+06,82.1782,85.1485,56,30,57.4257,58.4158
78024.1,,,,,,,,,,,,,,,,,,,,,,54,,,,,,,
78149.4,,,,,,,,,,,,,,,,,,,,,,44,,,,,,,
78309.9,,,,,,,,,,,,,,,,,,,,,,25,,,,,,,
78352.9,,,,,,,,,,,,,,,,,,,,,,32,,,,,,,
78530.2,,,,,,,,,,,,,,,,,,,,,,55,,,,,,,
78998.9,43200,44800,44000,42800,42600,70000,1.2e+06,1.2e+06,1.2e+06,1.2e+06,1.596e+06,1.596e+06,,,,,,,,,,,8.8138e+06,81.5534,85.8586,56,28,57.5758,59.1837
79020.8,,,,,,,,,,,,,,,,,,,,,,53,,,,,,,
79135.4,,,,,,,,,,,,,,,,,,,,,,55,,,,,,,
79248.7,,,,,,,,,,,,,,,,,,,,,,38,,,,,,,
79434.6,,,,,,,,,,,,,,,,,,,,,,33,,,,,,,
79555.5,,,,,,,,,,,,,,,,,,,,,,32,,,,,,,
79761.5,,,,,,,,,,,,,,,,,,,,,,45,,,,,,,
79994.9,43400,45000,44200,43000,42800,70000,1.2e+06,1.2e+06,1.2e+06,1.2e+06,1.596e+06,1.596e+06,,,,,,,,,,,8.484e+06,80.8081,89,64,33.6735,60,58
80081.4,,,,,,,,,,,,,,,,,,,,,,42,,,,,,,
80083.6,,,,,,,,,,,,,,,,,,,,,,56,,,,,,,
80138,,,,,,,,,,,,,,,,,,,,,,54,,,,,,,
80489.3,,,,,,,,,,,,,,,,,,,,,,26,,,,,,,
80492.2,,,,,,,,,,,,,,,,,,,,,,33,,,,,,,
80884.2,,,,,,,,,,,,,,,,,,,,,,39,,,,,,,
80995.5,43800,44800,44200,43200,42800,70000,1.2e+06,1.2e+06,1.2e+06,1.2e+06,1.596e+06,1.596e+06,,,,,,,,,,,8.3034e+06,80.3922,84.8485,58,36.6337,55.5556,58.5859
81204.3,,,,,,,,,,,,,,,,,,,,,,57,,,,,,,
81216.3,,,,,,,,,,,,,,66.14,60.54,,,,,,,,,,,,,,
81373.8,,,,,,,,,,,,,,,,,,,,,,46,,,,,,,
81571.6,,,,,,,,,,,,,,,,,,,,,,34,,,,,,,
81696.6,,,,,,,,,,,,,,,,,,,,,,33,,,,,,,
81702,,,,,,,,,,,,,,,,,,,,,,55,,,,,,,
81707.7,,,,,,,,,,,,,,,,,,,,,,43,,,,,,,
81804.6,,,,,,,,,,,,,,,,,,,,,,57,,,,,,,
81994.9,44000,45200,44600,43000,43200,70000,1.2e+06,1.2e+06,1.2e+06,1.2e+06,1.596e+06,1.596e+06,,,,,,,,,,,8.2552e+06,80,89.7959,64.3564,39.3939,63.6364,64.6465
82318,,,,,,,,,,,,,,,,,,,,,,58,,,,,,,
82631.8,,,,,,,,,,,,,,,,,,,,,,34,,,,,,,
82824.5,,,,,,,,,,,,,,,,,,,,,,56,,,,,,,
82915.9,,,,,,,,,,,,,,,,,,,,,,58,,,,,,,
82994.9,44000,45200,44400,43400,43200,70000,1.2e+06,1.2e+06,1.2e+06,1.2e+06,1.596e+06,1.596e+06,,,,,,,,,,,8.5594e+06,79.2079,85.1485,58.5859,34.3434,58,59.596
82996.1,,,,,,,,,,,,,,,,,,,,,,47,,,,,,,
82996.1,,,,,,,,,,,,,,,,,,,,,,40,,,,,,,
83157,,,,,,,,,,,,,,,,,,,,,,27,,,,,,,
83338.4,,,,,,,,,,,,,,,,,,,,,,44,,,,,,,
83359.8,,,,,,,,,,,,,,,,,,,,,,34,,,,,,,
83707.3,,,,,,,,,,,,,,,,,,,,,,35,,,,,,,
83870.7,,,,,,,,,,,,,,,,,,,,,,59,,,,,,,
83942.4,,,,,,,,,,,,,,,,,,,,,,57,,,,,,,
83995.6,43800,44800,44600,43400,43200,70000,1.2e+06,1.2e+06,1.2e+06,1.2e+06,1.596e+06,1.596e+06,,,,,,,,,,,8.2624e+06,84.3137,85.7143,57.8431,33,62,60
84027.1,,,,,,,,,,,,,,,,,,,,,,59,,,,,,,
84121.1,,,,,,,,,,,,,,,,,,,,,,48,,,,,,,
84293.1,,,,,,,,,,,,,,,,,,,,,,35,,,,,,,
84624.6,,,,,,,,,,,,,24.053,,,,,,,,,,,,,,,,
84632.3,,,,,,,,,,,,,,,,,,,,,,41,,,,,,,
84960.7,,,,,,,,,,,,,,,,,,,,,,45,,,,,,,
84980.1,,,,,,,,,,,,,,,,,,,,,,60,,,,,,,
84995.4,44000,46000,44600,43200,43400,70000,1.2e+06,1.2e+06,1.2e+06,1.2e+06,1.596e+06,1.596e+06,,,,,,,,,,,8.452e+06,84,85.8586,57,29,59,61
85340.3,,,,,,,,,,,,,,,,,,,,,,28,,,,,,,
85365.5,,,,,,,,,,,,,,,,,,,,,,36,,,,,,,
85498.8,,,,,,,,,,,,,,,,,,,,,,35,,,,,,,
85506.2,,,,,,,,,,,,,,,,,,,,,,58,,,,,,,
85584.8,,,,,,,,,,,,,,,,,,,,,,60,,,,,,,
85733.4,,,,,,,,,,,,,,,,,,,,,,49,,,,,,,
85994.7,44000,46000,45000,43400,43400,70000,1.2e+06,1.2e+06,1.2e+06,1.2e+06,1.596e+06,1.596e+06,,,,,,,,,,,8.6856e+06,80.3922,87,57,29,58.4158,59
86093.8,,,,,,,,,,,,,,,,,,,,,,61,,,,,,,
86267.1,,,,,,,,,,,,,,,,,,,,,,42,,,,,,,
86432.3,,,,,,,,,,,,,,,,,,,,,,36,,,,,,,
86587.4,,,,,,,,,,,,,,,,,,,,,,46,,,,,,,
86623.7,,,,,,,,,,,,,,,,,,,,,,59,,,,,,,
86695.9,,,,,,,,,,,,,,,,,,,,,,61,,,,,,,
86995.4,44200,45600,45000,43600,43800,70000,1.2e+06,1.2e+06,1.2e+06,1.2e+06,1.596e+06,1.596e+06,,,,,,,,,,,8.6494e+06,80,86.8687,65,35.6436,58,56.1224
87345.8,,,,,,,,,,,,,,,,,,,,,,50,,,,,,,
87501.1,,,,,,,,,,,,,,,,,,,,,,37,,,,,,,
87521,,,,,,,,,,,,,,,,,,,,,,29,,,,,,,
87637.8,,,,,,,,,,,,,,,,,,,,,,36,,,,,,,
87643.7,,,,,,,,,,,,,,,,,,,,,,62,,,,,,,
87809.2,,,,,,,,,,,,,,,,,,,,,,62,,,,,,,
87903.6,,,,,,,,,,,,,,,,,,,,,,43,,,,,,,
87994.9,44200,45600,45000,43600,43400,70000,1.2e+06,1.2e+06,1.2e+06,1.2e+06,1.596e+06,1.596e+06,,,,,,,,,,,7.9522e+06,80.3922,86.8687,58.4158,36.3636,57.1429,60
88209.3,,,,,,,,,,,,,,,,,,,,,,47,,,,,,,
88571.7,,,,,,,,,,,,,,,,,,,,,,37,,,,,,,
88752.7,,,,,,,,,,,,,,,,,,,,,,63,,,,,,,
88958.2,,,,,,,,,,,,,,,,,,,,,,51,,,,,,,
88995.4,44800,46400,45200,43600,44000,70000,1.2e+06,1.2e+06,1.2e+06,1.2e+06,1.596e+06,1.596e+06,,,,,,,,,,,8.3052e+06,80,88,63.6364,36.6337,64.3564,64.2857
89298.3,,,,,,,,,,,,,,,,,,,,,,37,,,,,,,
89303.8,,,,,,,,,,,,,,,,,,,,,,61,,,,,,,
89366.7,,,,,,,,,,,,,,,,,,,,,,63,,,,,,,
89637.2,,,,,,,,,,,,,,,,,,,,,,38,,,,,,,
89831.3,,,,,,,,,,,,,,,,,,,,,,48,,,,,,,
89864.4,,,,,,,,,,,,,,,,,,,,,,64,,,,,,,
89995.6,44600,46400,45200,44000,43800,70000,1.2e+06,1.2e+06,1.2e+06,1.2e+06,1.596e+06,1.596e+06,,,,,,,,,,,8.5664e+06,80.3922,85.8586,57.4257,34.3434,56.5657,58.5859
90012.2,,,,,,,,,,,,,,,,,,,,,,44,,,,,,,
90188.7,,,,,,,,,,,,,,,,,,,,,,30,,,,,,,
90233.4,,,,,,,,,,,,,,,,,,,,,,38,,,,,,,
90422.5,,,,,,,,,,,,,,,,,,,,,,62,,,,,,,
90477.9,,,,,,,,,,,,,,,,,,,,,,64,,,,,,,
90570.5,,,,,,,,,,,,,,,,,,,,,,52,,,,,,,
90994.9,44400,46200,45400,44000,43800,70000,1.2e+06,1.2e+06,1.2e+06,1.2e+06,1.596e+06,1.596e+06,,,,,,,,,,,7.6124e+06,83,85.1485,57.5758,31.6832,59,60
91295,,,,,,,,,,,,,,,,,,,,,,39,,,,,,,
91345.1,,,,,,,,,,,,,,66.10,60.50,,,,,,,,,,,,,,
91423,,,,,,,,,,,,,,,,,,,,,,65,,,,,,,
91437.5,,,,,,,,,,,,,,,,,,,,,,38,,,,,,,
91456.2,,,,,,,,,,,,,,,,,,,,,,49,,,,,,,
91589.9,,,,,,,,,,,,,,,,,,,,,,65,,,,,,,
91648.5,,,,,,,,,,,,,,,,,,,,,,45,,,,,,,
91986.2,,,,,,,,,,,,,,,,,,,,,,63,,,,,,,
91995.5,44800,46400,45400,43800,44200,70000,1.2e+06,1.2e+06,1.2e+06,1.2e+06,1.596e+06,1.596e+06,,,,,,,,,,,8.6494e+06,83,85.8586,57,31.3131,61,61
92182.9,,,,,,,,,,,,,,,,,,,,,,53,,,,,,,
92369.8,,,,,,,,,,,,,,,,,,,,,,31,,,,,,,
92373.5,,,,,,,,,,,,,,,,,,,,,,39,,,,,,,
92526.6,,,,,,,,,,,,,,,,,,,,,,66,,,,,,,
92994.9,44600,46600,45400,44200,44000,70000,1.2e+06,1.2e+06,1.2e+06,1.2e+06,1.596e+06,1.596e+06,,,,,,,,,,,8.7388e+06,80.3922,88.8889,60.6061,31.6832,60,58.5859
93078.3,,,,,,,,,,,,,,,,,,,,,,50,,,,,,,
93104.6,,,,,,,,,,,,,,,,,,,,,,64,,,,,,,
93147.7,,,,,,,,,,,,,,,,,,,,,,66,,,,,,,
93284.5,,,,,,,,,,,,,,,,,,,,,,46,,,,,,,
93431,,,,,,,,,,,,,,,,,,,,,,40,,,,,,,
93577.4,,,,,,,,,,,,,,,,,,,,,,39,,,,,,,
93795,,,,,,,,,,,,,,,,,,,,,,54,,,,,,,
93995.4,45000,45600,45600,44200,44400,70000,1.2e+06,1.2e+06,1.2e+06,1.2e+06,1.596e+06,1.596e+06,,,,,,,,,,,9.49e+06,80.198,85.8586,62,35.7143,56,57.5758
94259.2,,,,,,,,,,,,,,,,,,,,,,67,,,,,,,
94513.1,,,,,,,,,,,,,,,,,,,,,,40,,,,,,,
94668.9,,,,,,,,,,,,,,,,,,,,,,65,,,,,,,
94685.4,,,,,,,,,,,,,24.064,,,,,,,,,,,,,,,,
94702.6,,,,,,,,,,,,,,,,,,,,,,51,,,,,,,
94750,,,,,,,,,,,,,,,,,,,,,,68,,,,,,,
94921.1,,,,,,,,,,,,,,,,,,,,,,47,,,,,,,
94995.3,45000,47000,45800,44600,44200,70000,1.2e+06,1.2e+06,1.2e+06,1.2e+06,1.596e+06,1.596e+06,,,,,,,,,,,8.2222e+06,80,89,59.4059,37.2549,60,60.2041
95040.4,,,,,,,,,,,,,,,,,,,,,,32,,,,,,,
95088.7,,,,,,,,,,,,,,,,,,,,,,41,,,,,,,
95370.1,,,,,,,,,,,,,,,,,,,,,,68,,,,,,,
95407,,,,,,,,,,,,,,,,,,,,,,55,,,,,,,
95788.4,,,,,,,,,,,,,,,,,,,,,,66,,,,,,,
95995.1,45200,47200,45800,44600,44400,70000,1.2e+06,1.2e+06,1.2e+06,1.2e+06,1.596e+06,1.596e+06,,,,,,,,,,,8.0986e+06,79.4118,85.8586,63.7255,36.6337,61.6162,64
96303,,,,,,,,,,,,,,,,,,,,,,69,,,,,,,
96329,,,,,,,,,,,,,,,,,,,,,,52,,,,,,,
96541.4,,,,,,,,,,,,,,,,,,,,,,56,,,,,,,
96904.7,,,,,,,,,,,,,,,,,,,,,,67,,,,,,,
96928,,,,,,,,,,,,,,,,,,,,,,69,,,,,,,
96995.3,45200,47200,46000,44400,44200,70000,1.2e+06,1.2e+06,1.2e+06,1.2e+06,1.596e+06,1.596e+06,,,,,,,,,,,8.7914e+06,82.1782,85,58,34.0206,58,58.5859
97029.4,,,,,,,,,,,,,,,,,,,,,,48,,,,,,,
97221,,,,,,,,,,,,,,,,,,,,,,33,,,,,,,
97225.5,,,,,,,,,,,,,,,,,,,,,,42,,,,,,,
97379.2,,,,,,,,,,,,,,,,,,,,,,41,,,,,,,
97412,,,,,,,,,,,,,,,,,,,,,,70,,,,,,,
97951,,,,,,,,,,,,,,,,,,,,,,53,,,,,,,
98002.9,45400,47200,46000,44600,44800,70000,1.2e+06,1.2e+06,1.2e+06,1.2e+06,1.596e+06,1.596e+06,,,,,,,,,,,8.7704e+06,81.1881,86,56.4356,30,58.4158,58.4158
98039.5,,,,,,,,,,,,,,,,,,,,,,70,,,,,,,
98153.8,,,,,,,,,,,,,,,,,,,,,,57,,,,,,,
98313.1,,,,,,,,,,,,,,,,,,,,,,42,,,,,,,
98468.8,,,,,,,,,,,,,,,,,,,,,,68,,,,,,,
98523.3,,,,,,,,,,,,,,,,,,,,,,71,,,,,,,
98665.5,,,,,,,,,,,,,,,,,,,,,,49,,,,,,,
98994.9,45200,47200,46200,44600,44600,70000,1.2e+06,1.2e+06,1.2e+06,1.2e+06,1.596e+06,1.596e+06,,,,,,,,,,,8.7644e+06,83.1683,84.6939,56,28.2828,59.596,60.2041
99150.7,,,,,,,,,,,,,,,,,,,,,,71,,,,,,,
99361.9,,,,,,,,,,,,,,,,,,,,,,43,,,,,,,
99402.6,,,,,,,,,,,,,,,,,,,,,,34,,,,,,,
99519.8,,,,,,,,,,,,,,,,,,,,,,42,,,,,,,
99585.7,,,,,,,,,,,,,,,,,,,,,,69,,,,,,,
99765.9,,,,,,,,,,,,,,,,,,,,,,58,,,,,,,
99995.3,45400,47200,46000,44600,44600,70000,1.2e+06,1.2e+06,1.2e+06,1.2e+06,1.596e+06,1.596e+06,,,,,,,,,,,8.9614e+06,80,88.8889,62.3762,33.3333,59.596,58.5859
100059,,,,,,,,,,,,,,,,,,,,,,54,,,,,,,
100078,,,,,,,,,,,,,,,,,,,,,,72,,,,,,,
100303,,,,,,,,,,,,,,,,,,,,,,50,,,,,,,
100453,,,,,,,,,,,,,,,,,,,,,,43,,,,,,,
100709,,,,,,,,,,,,,,,,,,,,,,72,,,,,,,
100995,45600,46400,46200,44800,44800,70000,1.2e+06,1.2e+06,1.2e+06,1.2e+06,1.596e+06,1.596e+06,,,,,,,,,,,9.2596e+06,81.1881,86,60,35,56,57.5758
101021,,,,,,,,,,,,,,,,,,,,,,44,,,,,,,
101149,,,,,,,,,,,,,,,,,,,,,,70,,,,,,,
101184,,,,,,,,,,,,,,,,,,,,,,43,,,,,,,
101191,,,,,,,,,,,,,,,,,,,,,,73,,,,,,,
101378,,,,,,,,,,,,,,,,,,,,,,59,,,,,,,
101461,,,,,,,,,,,,,,66.02,60.42,,,,,,,,,,,,,,
101693,,,,,,,,,,,,,,,,,,,,,,55,,,,,,,
101821,,,,,,,,,,,,,,,,,,,,,,73,,,,,,,
101941,,,,,,,,,,,,,,,,,,,,,,51,,,,,,,
101995,45600,47500,46200,45000,44800,70000,1.2e+06,1.2e+06,1.2e+06,1.2e+06,1.596e+06,1.596e+06,,,,,,,,,,,8.401e+06,80,88.8889,65.3465,37.6238,61.2245,62.2449
102073,,,,,,,,,,,,,,,,,,,,,,35,,,,,,,
102114,,,,,,,,,,,,,,,,,,,,,,44,,,,,,,
102268,,,,,,,,,,,,,,,,,,,,,,71,,,,,,,
102300,,,,,,,,,,,,,,,,,,,,,,74,,,,,,,
102933,,,,,,,,,,,,,,,,,,,,,,74,,,,,,,
102991,,,,,,,,,,,,,,,,,,,,,,60,,,,,,,
102995,45600,47500,46600,45000,45200,70000,1.2e+06,1.2e+06,1.2e+06,1.2e+06,1.596e+06,1.596e+06,,,,,,,,,,,8.1658e+06,79.4118,85.8586,61.3861,35.7143,59.596,62
103157,,,,,,,,,,,,,,,,,,,,,,45,,,,,,,
103315,,,,,,,,,,,,,,,,,,,,,,56,,,,,,,
103321,,,,,,,,,,,,,,,,,,,,,,44,,,,,,,
103385,,,,,,,,,,,,,,,,,,,,,,72,,,,,,,
103852,,,,,,,,,,,,,,,,,,,,,,75,,,,,,,
103995,45800,47500,46600,45000,45000,70000,1.2e+06,1.2e+06,1.2e+06,1.2e+06,1.596e+06,1.596e+06,,,,,,,,,,,8.3122e+06,84,85,56.5657,34.3434,60.396,60.2041
104049,,,,,,,,,,,,,,,,,,,,,,52,,,,,,,
104253,,,,,,,,,,,,,,,,,,,,,,45,,,,,,,
104258,,,,,,,,,,,,,,,,,,,,,,36,,,,,,,
104492,,,,,,,,,,,,,,,,,,,,,,75,,,,,,,
104603,,,,,,,,,,,,,,,,,,,,,,61,,,,,,,
104749,,,,,,,,,,,,,24.053,,,,,,,,,,,,,,,,
104814,,,,,,,,,,,,,,,,,,,,,,46,,,,,,,
104938,,,,,,,,,,,,,,,,,,,,,,57,,,,,,,
104948,,,,,,,,,,,,,,,,,,,,,,73,,,,,,,
104960,,,,,,,,,,,,,,,,,,,,,,76,,,,,,,
104996,45800,47500,46600,45200,45200,70000,1.2e+06,1.2e+06,1.2e+06,1.2e+06,1.596e+06,1.596e+06,,,,,,,,,,,8.6096e+06,81.3725,85.8586,57,28.7129,57.5758,58.4158
105603,,,,,,,,,,,,,,,,,,,,,,76,,,,,,,
105686,,,,,,,,,,,,,,,,,,,,,,53,,,,,,,
105995,45800,47200,46600,45200,45000,70000,1.2e+06,1.2e+06,1.2e+06,1.2e+06,1.596e+06,1.596e+06,,,,,,,,,,,8.4378e+06,81.1881,85.8586,56.4356,27.551,58,59.1837
106066,,,,,,,,,,,,,,,,,,,,,,74,,,,,,,
106074,,,,,,,,,,,,,,,,,,,,,,77,,,,,,,
106217,,,,,,,,,,,,,,,,,,,,,,62,,,,,,,
106393,,,,,,,,,,,,,,,,,,,,,,46,,,,,,,
106564,,,,,,,,,,,,,,,,,,,,,,58,,,,,,,
106714,,,,,,,,,,,,,,,,,,,,,,77,,,,,,,
106928,,,,,,,,,,,,,,,,,,,,,,37,,,,,,,
106951,,,,,,,,,,,,,,,,,,,,,,47,,,,,,,
106995,46200,47900,46800,45400,45200,70000,1.2e+06,1.2e+06,1.2e+06,1.2e+06,1.596e+06,1.596e+06,,,,,,,,,,,8.4388e+06,81.1881,89,63,36,60,58
107124,,,,,,,,,,,,,,,,,,,,,,46,,,,,,,
107322,,,,,,,,,,,,,,,,,,,,,,54,,,,,,,
107626,,,,,,,,,,,,,,,,,,,,,,78,,,,,,,
107630,,,,,,,,,,,,,,,,,,,,,,75,,,,,,,
107829,,,,,,,,,,,,,,,,,,,,,,63,,,,,,,
107995,46200,47500,47200,45400,45200,70000,1.2e+06,1.2e+06,1.2e+06,1.2e+06,1.596e+06,1.596e+06,,,,,,,,,,,7.8326e+06,80,85.7143,59,35,55.5556,58.1633
108054,,,,,,,,,,,,,,,,,,,,,,47,,,,,,,
108190,,,,,,,,,,,,,,,,,,,,,,59,,,,,,,
108272,,,,,,,,,,,,,,,,,,,,,,78,,,,,,,
108736,,,,,,,,,,,,,,,,,,,,,,79,,,,,,,
108749,,,,,,,,,,,,,,,,,,,,,,76,,,,,,,
108959,,,,,,,,,,,,,,,,,,,,,,55,,,,,,,
108963,,,,,,,,,,,,,,,,,,,,,,64,,,,,,,
108995,46200,48100,47000,45400,45600,70000,1.2e+06,1.2e+06,1.2e+06,1.2e+06,1.596e+06,1.596e+06,,,,,,,,,,,8.6224e+06,80.5825,89,64.0777,35.7143,63.6364,63.6364
109086,,,,,,,,,,,,,,,,,,,,,,48,,,,,,,
109109,,,,,,,,,,,,,,,,,,,,,,38,,,,,,,
109262,,,,,,,,,,,,,,,,,,,,,,47,,,,,,,
109383,,,,,,,,,,,,,,,,,,,,,,79,,,,,,,
109812,,,,,,,,,,,,,,,,,,,,,,60,,,,,,,
109849,,,,,,,,,,,,,,,,,,,,,,80,,,,,,,
109866,,,,,,,,,,,,,,,,,,,,,,77,,,,,,,
109996,46200,47500,47000,45400,45400,70000,1.2e+06,1.2e+06,1.2e+06,1.2e+06,1.596e+06,1.596e+06,,,,,,,,,,,9.0256e+06,80.198,85.8586,59.4059,36.2745,57.5758,60
110193,,,,,,,,,,,,,,,,,,,,,,48,,,,,,,
110495,,,,,,,,,,,,,,,,,,,,,,80,,,,,,,
110575,,,,,,,,,,,,,,,,,,,,,,65,,,,,,,
110745,,,,,,,,,,,,,,,,,,,,,,49,,,,,,,
110995,46400,47900,47200,45600,45600,70000,1.2e+06,1.2e+06,1.2e+06,1.2e+06,1.596e+06,1.596e+06,,,,,,,,,,,8.923e+06,83.4951,85.8586,57.5758,32.6531,61.3861,60.2041
111068,,,,,,,,,,,,,,,,,,,,,,56,,,,,,,
111399,,,,,,,,,,,,,,,,,,,,,,81,,,,,,,
111401,,,,,,,,,,,,,,,,,,,,,,48,,,,,,,
111431,,,,,,,,,,,,,,,,,,,,,,78,,,,,,,
111434,,,,,,,,,,,,,,,,,,,,,,61,,,,,,,
111599,,,,,,,,,,,,,,66.14,60.46,,,,,,,,,,,,,,
111778,,,,,,,,,,,,,,,,,,,,,,39,,,,,,,
111995,46000,47900,47000,45600,45600,70000,1.2e+06,1.2e+06,1.2e+06,1.2e+06,1.596e+06,1.596e+06,,,,,,,,,,,8.4776e+06,83.8384,85.7143,56.4356,27.2727,59.596,61.3861
112053,,,,,,,,,,,,,,,,,,,,,,81,,,,,,,
112333,,,,,,,,,,,,,,,,,,,,,,49,,,,,,,
112549,,,,,,,,,,,,,,,,,,,,,,79,,,,,,,
112704,,,,,,,,,,,,,,,,,,,,,,57,,,,,,,
112881,,,,,,,,,,,,,,,,,,,,,,50,,,,,,,
112995,46400,47900,47400,46000,45800,70000,1.2e+06,1.2e+06,1.2e+06,1.2e+06,1.596e+06,1.596e+06,,,,,,,,,,,8.918e+06,81.1881,87,58,29,58,59.4059
113061,,,,,,,,,,,,,,,,,,,,,,62,,,,,,,
113062,,,,,,,,,,,,,,,,,,,,,,49,,,,,,,
113164,,,,,,,,,,,,,,,,,,,,,,82,,,,,,,
113622,,,,,,,,,,,,,,,,,,,,,,83,,,,,,,
113800,,,,,,,,,,,,,,,,,,,,,,67,,,,,,,
113956,,,,,,,,,,,,,,,,,,,,,,40,,,,,,,
113994,,,,,,,,,,,,,,,,,,,,,,50,,,,,,,
113995,46600,48700,47400,45800,45600,70000,1.2e+06,1.2e+06,1.2e+06,1.2e+06,1.596e+06,1.596e+06,,,,,,,,,,,8.2854e+06,79,87,63.6364,35.3535,57.5758,56.701
114275,,,,,,,,,,,,,,,,,,,,,,83,,,,,,,
114340,,,,,,,,,,,,,,,,,,,,,,58,,,,,,,
114686,,,,,,,,,,,,,,,,,,,,,,63,,,,,,,
114731,,,,,,,,,,,,,,,,,,,,,,84,,,,,,,
114812,,,,,,,,,,,,,24.075,,,,,,,,,,,,,,,,
114995,46800,47900,47500,46000,45600,70000,1.2e+06,1.2e+06,1.2e+06,1.2e+06,1.596e+06,1.596e+06,,,,,,,,,,,8.8032e+06,81.1881,87.7551,57.4257,35.3535,58,60
115016,,,,,,,,,,,,,,,,,,,,,,51,,,,,,,
115202,,,,,,,,,,,,,,,,,,,,,,50,,,,,,,
115231,,,,,,,,,,,,,,,,,,,,,,81,,,,,,,
115412,,,,,,,,,,,,,,,,,,,,,,68,,,,,,,
115833,,,,,,,,,,,,,,,,,,,,,,84,,,,,,,
115976,,,,,,,,,,,,,,,,,,,,,,59,,,,,,,
115995,46800,48300,47700,46000,46200,70000,1.2e+06,1.2e+06,1.2e+06,1.2e+06,1.596e+06,1.596e+06,,,,,,,,,,,9.137e+06,79.4118,87.1287,64,36.6337,64,64.2857
116133,,,,,,,,,,,,,,,,,,,,,,51,,,,,,,
116140,,,,,,,,,,,,,,,,,,,,,,41,,,,,,,
116281,,,,,,,,,,,,,,,,,,,,,,85,,,,,,,
116308,,,,,,,,,,,,,,,,,,,,,,64,,,,,,,
116347,,,,,,,,,,,,,,,,,,,,,,82,,,,,,,
116674,,,,,,,,,,,,,,,,,,,,,,52,,,,,,,
116945,,,,,,,,,,,,,,,,,,,,,,85,,,,,,,
116995,46800,48300,47500,46200,46000,70000,1.2e+06,1.2e+06,1.2e+06,1.2e+06,1.596e+06,1.596e+06,,,,,,,,,,,8.9636e+06,80.3922,85.8586,57.4257,36,58,58.5859
117024,,,,,,,,,,,,,,,,,,,,,,69,,,,,,,
117341,,,,,,,,,,,,,,,,,,,,,,51,,,,,,,
117391,,,,,,,,,,,,,,,,,,,,,,86,,,,,,,
117913,,,,,,,,,,,,,,,,,,,,,,83,,,,,,,
117995,46800,47900,47400,46000,46000,70000,1.2e+06,1.2e+06,1.2e+06,1.2e+06,1.596e+06,1.596e+06,,,,,,,,,,,8.676e+06,83.6735,84.8485,57,30.303,59.4059,59.4059
118057,,,,,,,,,,,,,,,,,,,,,,86,,,,,,,
118086,,,,,,,,,,,,,,,,,,,,,,60,,,,,,,
118273,,,,,,,,,,,,,,,,,,,,,,52,,,,,,,
118423,,,,,,,,,,,,,,,,,,,,,,65,,,,,,,
118502,,,,,,,,,,,,,,,,,,,,,,87,,,,,,,
118637,,,,,,,,,,,,,,,,,,,,,,70,,,,,,,
118810,,,,,,,,,,,,,,,,,,,,,,42,,,,,,,
118810,,,,,,,,,,,,,,,,,,,,,,53,,,,,,,
118996,46800,48300,47500,46200,46200,70000,1.2e+06,1.2e+06,1.2e+06,1.2e+06,1.596e+06,1.596e+06,,,,,,,,,,,7.6976e+06,83.3333,86.1386,57.8431,28.2828,60.2041,60.6061
119001,,,,,,,,,,,,,,,,,,,,,,52,,,,,,,
119029,,,,,,,,,,,,,,,,,,,,,,84,,,,,,,
119615,,,,,,,,,,,,,,,,,,,,,,87,,,,,,,
119722,,,,,,,,,,,,,,,,,,,,,,61,,,,,,,
119934,,,,,,,,,,,,,,,,,,,,,,53,,,,,,,
119995,47000,48900,47700,46200,46200,70000,1.2e+06,1.2e+06,1.2e+06,1.2e+06,1.596e+06,1.596e+06,,,,,,,,,,,8.574e+06,80.198,88.7755,59.596,29.5918,59.4059,58.5859
120037,,,,,,,,,,,,,,,,,,,,,,66,,,,,,,
120063,,,,,,,,,,,,,,,,,,,,,,88,,,,,,,
120249,,,,,,,,,,,,,,,,,,,,,,71,,,,,,,
120469,,,,,,,,,,,,,,,,,,,,,,54,,,,,,,
120595,,,,,,,,,,,,,,,,,,,,,,85,,,,,,,
120726,,,,,,,,,,,,,,,,,,,,,,88,,,,,,,
120990,,,,,,,,,,,,,,,,,,,,,,43,,,,,,,
120995,47200,48700,47700,46400,46400,70000,1.2e+06,1.2e+06,1.2e+06,1.2e+06,1.596e+06,1.596e+06,,,,,,,,,,,9.3462e+06,81.1881,85,62.3762,35.3535,55.5556,57.5758
121140,,,,,,,,,,,,,,,,,,,,,,53,,,,,,,
121174,,,,,,,,,,,,,,,,,,,,,,89,,,,,,,
121358,,,,,,,,,,,,,,,,,,,,,,62,,,,,,,
121383,,,,,,,,,,,,,,,,,,,,,,72,,,,,,,
121664,,,,,,,,,,,,,,,,,,,,,,67,,,,,,,
121738,,,,,,,,,,,,,,,,,,,,,,86,,,,,,,
121794,,,,,,,,,,,,,,66.06,60.50,,,,,,,,,,,,,,
121840,,,,,,,,,,,,,,,,,,,,,,89,,,,,,,
121996,47400,48500,47700,46400,46200,70000,1.2e+06,1.2e+06,1.2e+06,1.2e+06,1.596e+06,1.596e+06,,,,,,,,,,,9.0686e+06,81.1881,89.899,61,35.6436,59.1837,60.6061
122073,,,,,,,,,,,,,,,,,,,,,,54,,,,,,,
122284,,,,,,,,,,,,,,,,,,,,,,90,,,,,,,
122606,,,,,,,,,,,,,,,,,,,,,,55,,,,,,,
122994,,,,,,,,,,,,,,,,,,,,,,63,,,,,,,
122995,47000,48300,47700,46400,46200,70000,1.2e+06,1.2e+06,1.2e+06,1.2e+06,1.596e+06,1.596e+06,,,,,,,,,,,8.294e+06,79.2079,85.8586,63,35.3535,62.3762,63.6364
122998,,,,,,,,,,,,,,,,,,,,,,73,,,,,,,
123286,,,,,,,,,,,,,,,,,,,,,,54,,,,,,,
123301,,,,,,,,,,,,,,,,,,,,,,87,,,,,,,
123398,,,,,,,,,,,,,,,,,,,,,,90,,,,,,,
123658,,,,,,,,,,,,,,,,,,,,,,44,,,,,,,
123834,,,,,,,,,,,,,,,,,,,,,,91,,,,,,,
123996,47500,49100,48100,46400,46600,70000,1.2e+06,1.2e+06,1.2e+06,1.2e+06,1.596e+06,1.596e+06,,,,,,,,,,,7.7984e+06,83.1683,84.8485,57.8431,35.6436,58.5859,59.1837
124212,,,,,,,,,,,,,,,,,,,,,,55,,,,,,,
124423,,,,,,,,,,,,,,,,,,,,,,88,,,,,,,
124509,,,,,,,,,,,,,,,,,,,,,,91,,,,,,,
124608,,,,,,,,,,,,,,,,,,,,,,74,,,,,,,
124630,,,,,,,,,,,,,,,,,,,,,,64,,,,,,,
124742,,,,,,,,,,,,,,,,,,,,,,56,,,,,,,
124908,,,,,,,,,,,,,,,,,,,,,,69,,,,,,,
124911,,,,,,,,,,,,,24.053,,,,,,,,,,,,,,,,
124944,,,,,,,,,,,,,,,,,,,,,,92,,,,,,,
124947,,,,,,,,,,,,,,,,,,,,,,55,,,,,,,
125003,47400,48900,48100,46600,46600,70000,1.2e+06,1.2e+06,1.2e+06,1.2e+06,1.596e+06,1.596e+06,,,,,,,,,,,7.302e+06,81.3725,86,57.4257,30.6931,57,58.4158
125620,,,,,,,,,,,,,,,,,,,,,,92,,,,,,,
125840,,,,,,,,,,,,,,,,,,,,,,45,,,,,,,
125873,,,,,,,,,,,,,,,,,,,,,,56,,,,,,,
125986,,,,,,,,,,,,,,,,,,,,,,89,,,,,,,
125996,47400,49100,47700,46800,46600,70000,1.2e+06,1.2e+06,1.2e+06,1.2e+06,1.596e+06,1.596e+06,,,,,,,,,,,9.049e+06,83.1683,85.7143,55.5556,27.2727,59.596,60.2041
126057,,,,,,,,,,,,,,,,,,,,,,93,,,,,,,
126220,,,,,,,,,,,,,,,,,,,,,,75,,,,,,,
126400,,,,,,,,,,,,,,,,,,,,,,57,,,,,,,
126534,,,,,,,,,,,,,,,,,,,,,,70,,,,,,,
126738,,,,,,,,,,,,,,,,,,,,,,65,,,,,,,
126996,47400,49100,48100,46600,46800,70000,1.2e+06,1.2e+06,1.2e+06,1.2e+06,1.596e+06,1.596e+06,,,,,,,,,,,9.3268e+06,80.198,88,62,32.3232,59.596,58.1633
127089,,,,,,,,,,,,,,,,,,,,,,56,,,,,,,
127106,,,,,,,,,,,,,,,,,,,,,,90,,,,,,,
127177,,,,,,,,,,,,,,,,,,,,,,93,,,,,,,
127609,,,,,,,,,,,,,,,,,,,,,,94,,,,,,,
127832,,,,,,,,,,,,,,,,,,,,,,76,,,,,,,
127996,47500,48100,48100,46600,46800,70000,1.2e+06,1.2e+06,1.2e+06,1.2e+06,1.596e+06,1.596e+06,,,,,,,,,,,7.9434e+06,81.1881,86,60,35.7143,56,58
128012,,,,,,,,,,,,,,,,,,,,,,57,,,,,,,
128020,,,,,,,,,,,,,,,,,,,,,,46,,,,,,,
128159,,,,,,,,,,,,,,,,,,,,,,71,,,,,,,
128224,,,,,,,,,,,,,,,,,,,,,,91,,,,,,,
128374,,,,,,,,,,,,,,,,,,,,,,66,,,,,,,
128536,,,,,,,,,,,,,,,,,,,,,,58,,,,,,,
128721,,,,,,,,,,,,,,,,,,,,,,95,,,,,,,
128995,47900,49700,48500,47000,46600,70000,1.2e+06,1.2e+06,1.2e+06,1.2e+06,1.596e+06,1.596e+06,,,,,,,,,,,8.697e+06,79.2079,88.8889,61.3861,36.6337,62,62.2449
129228,,,,,,,,,,,,,,,,,,,,,,57,,,,,,,
129401,,,,,,,,,,,,,,,,,,,,,,95,,,,,,,
129444,,,,,,,,,,,,,,,,,,,,,,77,,,,,,,
129786,,,,,,,,,,,,,,,,,,,,,,72,,,,,,,
129788,,,,,,,,,,,,,,,,,,,,,,92,,,,,,,
129831,,,,,,,,,,,,,,,,,,,,,,96,,,,,,,
129995,47900,49500,48500,47000,46800,70000,1.2e+06,1.2e+06,1.2e+06,1.2e+06,1.596e+06,1.596e+06,,,,,,,,,,,8.512e+06,79,85.7143,60,35.3535,60,61.6162
130011,,,,,,,,,,,,,,,,,,,,,,67,,,,,,,
130151,,,,,,,,,,,,,,,,,,,,,,58,,,,,,,
130193,,,,,,,,,,,,,,,,,,,,,,59,,,,,,,
130688,,,,,,,,,,,,,,,,,,,,,,47,,,,,,,
130912,,,,,,,,,,,,,,,,,,,,,,93,,,,,,,
130959,,,,,,,,,,,,,,,,,,,,,,96,,,,,,,
130995,47500,49500,48100,47000,47000,70000,1.2e+06,1.2e+06,1.2e+06,1.2e+06,1.596e+06,1.596e+06,,,,,,,,,,,8.5674e+06,84.466,86,58,34.3434,60.396,61
131057,,,,,,,,,,,,,,,,,,,,,,78,,,,,,,
131382,,,,,,,,,,,,,,,,,,,,,,97,,,,,,,
131410,,,,,,,,,,,,,,,,,,,,,,73,,,,,,,
131648,,,,,,,,,,,,,,,,,,,,,,68,,,,,,,
131812,,,,,,,,,,,,,,,,,,,,,,59,,,,,,,
131913,,,,,,,,,,,,,,66.02,60.50,,,,,,,,,,,,,,
131996,47900,49500,48300,47000,46800,70000,1.2e+06,1.2e+06,1.2e+06,1.2e+06,1.596e+06,1.596e+06,,,,,,,,,,,8.9166e+06,81,84.8485,57,32,57.1429,58.5859
132071,,,,,,,,,,,,,,,,,,,,,,97,,,,,,,
132329,,,,,,,,,,,,,,,,,,,,,,60,,,,,,,
132476,,,,,,,,,,,,,,,,,,,,,,94,,,,,,,
132497,,,,,,,,,,,,,,,,,,,,,,98,,,,,,,
132669,,,,,,,,,,,,,,,,,,,,,,79,,,,,,,
132867,,,,,,,,,,,,,,,,,,,,,,48,,,,,,,
132995,47900,49500,48700,47400,47000,70000,1.2e+06,1.2e+06,1.2e+06,1.2e+06,1.596e+06,1.596e+06,,,,,,,,,,,9.0254e+06,82.1782,86,57.4257,28.4314,59.4059,59
133037,,,,,,,,,,,,,,,,,,,,,,74,,,,,,,
133183,,,,,,,,,,,,,,,,,,,,,,98,,,,,,,
133595,,,,,,,,,,,,,,,,,,,,,,95,,,,,,,
133613,,,,,,,,,,,,,,,,,,,,,,99,,,,,,,
133756,,,,,,,,,,,,,,,,,,,,,,69,,,,,,,
133803,,,,,,,,,,,,,,,,,,,,,,80,,,,,,,
133951,,,,,,,,,,,,,,,,,,,,,,60,,,,,,,
133996,47700,49500,48500,47000,47000,70000,1.2e+06,1.2e+06,1.2e+06,1.2e+06,1.596e+06,1.596e+06,,,,,,,,,,,8.4166e+06,80.198,88,62.6263,36,58.5859,58.1633
134466,,,,,,,,,,,,,,,,,,,,,,61,,,,,,,
134665,,,,,,,,,,,,,,,,,,,,,,75,,,,,,,
134740,,,,,,,,,,,,,,,,,,,,,,99,,,,,,,
134977,,,,,,,,,,,,,24.053,,,,,,,,,,,,,,,,
134995,47900,49100,48500,47200,47200,70000,1.2e+06,1.2e+06,1.2e+06,1.2e+06,1.596e+06,1.596e+06,,,,,,,,,,,7.88e+06,80.198,85.8586,58.4158,34.3434,56.4356,59
135164,,,,,,,,,,,,,,,,,,,,,,96,,,,,,,
135166,,,,,,,,,,,,,,,,,,,,,,100,,,,,,,
135172,,,,,,,,,,,,,,,,,,,,,,60,,,,,,,
135393,,,,,,,,,,,,,,,,,,,,,,70,,,,,,,
135415,,,,,,,,,,,,,,,,,,,,,,81,,,,,,,
135535,,,,,,,,,,,,,,,,,,,,,,49,,,,,,,
135853,,,,,,,,,,,,,,,,,,,,,,100,,,,,,,
135995,48300,49900,48700,47400,47400,70000,1.2e+06,1.2e+06,1.2e+06,1.2e+06,1.596e+06,1.596e+06,,,,,,,,,,,8.661e+06,79.2079,89.7959,64,34.6939,64,63.6364
136090,,,,,,,,,,,,,,,,,,,,,,61,,,,,,,
136124,,,,,,,,,,,,,,,,,,,,,,62,,,,,,,
136276,,,,,,,,,,,,,,,,,,,,,,101,,,,,,,
136287,,,,,,,,,,,,,,,,,,,,,,76,,,,,,,
136290,,,,,,,,,,,,,,,,,,,,,,97,,,,,,,
136834,,,,,,,,,,,,,,,,,,,,,,61,,,,,,,
136966,,,,,,,,,,,,,,,,,,,,,,101,,,,,,,
136995,47900,50300,48900,47400,47200,70000,1.2e+06,1.2e+06,1.2e+06,1.2e+06,1.596e+06,1.596e+06,,,,,,,,,,,8.709e+06,80,85.1485,58,37.2549,58,59.596
137027,,,,,,,,,,,,,,,,,,,,,,82,,,,,,,
137030,,,,,,,,,,,,,,,,,,,,,,71,,,,,,,
137387,,,,,,,,,,,,,,,,,,,,,,102,,,,,,,
137715,,,,,,,,,,,,,,,,,,,,,,50,,,,,,,
137752,,,,,,,,,,,,,,,,,,,,,,62,,,,,,,
137859,,,,,,,,,,,,,,,,,,,,,,98,,,,,,,
137909,,,,,,,,,,,,,,,,,,,,,,77,,,,,,,
137995,48100,49900,48700,47400,47200,70000,1.2e+06,1.2e+06,1.2e+06,1.2e+06,1.596e+06,1.596e+06,,,,,,,,,,,7.9068e+06,83.1683,85.7143,58.4158,32.3232,60.2041,61
138259,,,,,,,,,,,,,,,,,,,,,,63,,,,,,,
138523,,,,,,,,,,,,,,,,,,,,,,102,,,,,,,
138640,,,,,,,,,,,,,,,,,,,,,,83,,,,,,,
138666,,,,,,,,,,,,,,,,,,,,,,72,,,,,,,
138936,,,,,,,,,,,,,,,,,,,,,,103,,,,,,,
138972,,,,,,,,,,,,,,,,,,,,,,99,,,,,,,
138973,,,,,,,,,,,,,,,,,,,,,,62,,,,,,,
138995,48100,49900,48900,47400,47400,70000,1.2e+06,1.2e+06,1.2e+06,1.2e+06,1.596e+06,1.596e+06,,,,,,,,,,,9.4286e+06,83.3333,85.8586,57,28.2828,59,60.2041
139636,,,,,,,,,,,,,,,,,,,,,,103,,,,,,,
139891,,,,,,,,,,,,,,,,,,,,,,63,,,,,,,
139894,,,,,,,,,,,,,,,,,,,,,,51,,,,,,,
139996,47700,49700,48700,47200,47200,70000,1.2e+06,1.2e+06,1.2e+06,1.2e+06,1.596e+06,1.596e+06,,,,,,,,,,,8.362e+06,81,86.8687,58.4158,29.703,57.5758,58.5859
140023,,,,,,,,,,,,,,,,,,,,,,78,,,,,,,
140048,,,,,,,,,,,,,,,,,,,,,,104,,,,,,,
140095,,,,,,,,,,,,,,,,,,,,,,100,,,,,,,
140252,,,,,,,,,,,,,,,,,,,,,,84,,,,,,,
140396,,,,,,,,,,,,,,,,,,,,,,64,,,,,,,
140775,,,,,,,,,,,,,,,,,,,,,,73,,,,,,,
140995,48100,50100,48900,47400,47400,70000,1.2e+06,1.2e+06,1.2e+06,1.2e+06,1.596e+06,1.596e+06,,,,,,,,,,,9.7234e+06,79.2079,87,64,35.7143,57.5758,56.5657
141115,,,,,,,,,,,,,,,,,,,,,,63,,,,,,,
141158,,,,,,,,,,,,,,,,,,,,,,105,,,,,,,
141644,,,,,,,,,,,,,,,,,,,,,,79,,,,,,,
141658,,,,,,,,,,,,,,,,,,,,,,101,,,,,,,
141864,,,,,,,,,,,,,,,,,,,,,,85,,,,,,,
141995,48300,49300,48900,47400,47400,70000,1.2e+06,1.2e+06,1.2e+06,1.2e+06,1.596e+06,1.596e+06,,,,,,,,,,,9.3182e+06,81.1881,87.8788,58.4158,35.6436,58.4158,59.596
142030,,,,,,,,,,,,,,,,,,,,,,64,,,,,,,
142054,,,,,,,,,,,,,,,,,,,,,,65,,,,,,,
142075,,,,,,,,,,,,,,66.06,60.34,,,,,,,,,,,,,,
142266,,,,,,,,,,,,,,,,,,,,,,106,,,,,,,
142306,,,,,,,,,,,,,,,,,,,,,,105,,,,,,,
142412,,,,,,,,,,,,,,,,,,,,,,74,,,,,,,
142566,,,,,,,,,,,,,,,,,,,,,,52,,,,,,,
142777,,,,,,,,,,,,,,,,,,,,,,102,,,,,,,
142996,48700,50300,49300,47700,47700,70000,1.2e+06,1.2e+06,1.2e+06,1.2e+06,1.596e+06,1.596e+06,,,,,,,,,,,9.2168e+06,79.798,88,64.3564,39.3939,63.6364,65
143263,,,,,,,,,,,,,,,,,,,,,,64,,,,,,,
143270,,,,,,,,,,,,,,,,,,,,,,80,,,,,,,
143418,,,,,,,,,,,,,,,,,,,,,,106,,,,,,,
143477,,,,,,,,,,,,,,,,,,,,,,86,,,,,,,
143691,,,,,,,,,,,,,,,,,,,,,,65,,,,,,,
143824,,,,,,,,,,,,,,,,,,,,,,107,,,,,,,
143995,48300,50300,49300,47700,47400,70000,1.2e+06,1.2e+06,1.2e+06,1.2e+06,1.596e+06,1.596e+06,,,,,,,,,,,8.7082e+06,80.5825,84.8485,57,35.3535,56.5657,58.5859
144190,,,,,,,,,,,,,,,,,,,,,,66,,,,,,,
144341,,,,,,,,,,,,,,,,,,,,,,103,,,,,,,
144746,,,,,,,,,,,,,,,,,,,,,,53,,,,,,,
144892,,,,,,,,,,,,,,,,,,,,,,81,,,,,,,
144917,,,,,,,,,,,,,,,,,,,,,,65,,,,,,,
144934,,,,,,,,,,,,,,,,,,,,,,108,,,,,,,
144983,,,,,,,,,,,,,,,,,,,,,,107,,,,,,,
144995,48300,49900,49100,47500,47500,70000,1.2e+06,1.2e+06,1.2e+06,1.2e+06,1.596e+06,1.596e+06,,,,,,,,,,,9.2418e+06,82,86,57,33.6634,59.4059,60
145037,,,,,,,,,,,,,24.085,,,,,,,,,,,,,,,,
145089,,,,,,,,,,,,,,,,,,,,,,87,,,,,,,
145461,,,,,,,,,,,,,,,,,,,,,,104,,,,,,,
145684,,,,,,,,,,,,,,,,,,,,,,76,,,,,,,
145831,,,,,,,,,,,,,,,,,,,,,,66,,,,,,,
145848,,,,,,,,,,,,,,,,,,,,,,67,,,,,,,
145995,48300,50100,49300,47500,47700,70000,1.2e+06,1.2e+06,1.2e+06,1.2e+06,1.596e+06,1.596e+06,,,,,,,,,,,8.2158e+06,84.1584,85.8586,57.4257,28,60.6061,60.6061
146044,,,,,,,,,,,,,,,,,,,,,,109,,,,,,,
146088,,,,,,,,,,,,,,,,,,,,,,108,,,,,,,
146223,,,,,,,,,,,,,,,,,,,,,,88,,,,,,,
146514,,,,,,,,,,,,,,,,,,,,,,82,,,,,,,
146579,,,,,,,,,,,,,,,,,,,,,,105,,,,,,,
146996,48300,50300,49300,47700,47700,70000,1.2e+06,1.2e+06,1.2e+06,1.2e+06,1.596e+06,1.596e+06,,,,,,,,,,,9.2404e+06,80.198,88.8889,60.2041,31,59,57.5758
147056,,,,,,,,,,,,,,,,,,,,,,66,,,,,,,
147200,,,,,,,,,,,,,,,,,,,,,,109,,,,,,,
147414,,,,,,,,,,,,,,,,,,,,,,54,,,,,,,
147595,,,,,,,,,,,,,,,,,,,,,,110,,,,,,,
147793,,,,,,,,,,,,,,,,,,,,,,77,,,,,,,
147835,,,,,,,,,,,,,,,,,,,,,,89,,,,,,,
147970,,,,,,,,,,,,,,,,,,,,,,67,,,,,,,
147984,,,,,,,,,,,,,,,,,,,,,,68,,,,,,,
147995,48500,50300,49500,47900,47700,70000,1.2e+06,1.2e+06,1.2e+06,1.2e+06,1.596e+06,1.596e+06,,,,,,,,,,,8.7246e+06,81,85,62.3762,36,56,58.5859
148136,,,,,,,,,,,,,,,,,,,,,,83,,,,,,,
148143,,,,,,,,,,,,,,,,,,,,,,106,,,,,,,
148707,,,,,,,,,,,,,,,,,,,,,,111,,,,,,,
148758,,,,,,,,,,,,,,,,,,,,,,110,,,,,,,
148996,48900,49900,49700,47700,47900,70000,1.2e+06,1.2e+06,1.2e+06,1.2e+06,1.596e+06,1.596e+06,,,,,,,,,,,8.8588e+06,79.6117,89.899,59.4059,36,60,60.6061
149205,,,,,,,,,,,,,,,,,,,,,,67,,,,,,,
149261,,,,,,,,,,,,,,,,,,,,,,107,,,,,,,
149430,,,,,,,,,,,,,,,,,,,,,,78,,,,,,,
149448,,,,,,,,,,,,,,,,,,,,,,90,,,,,,,
149598,,,,,,,,,,,,,,,,,,,,,,55,,,,,,,
149631,,,,,,,,,,,,,,,,,,,,,,68,,,,,,,
149818,,,,,,,,,,,,,,,,,,,,,,112,,,,,,,
149870,,,,,,,,,,,,,,,,,,,,,,111,,,,,,,
149995,48700,50700,49700,48100,48100,70000,1.2e+06,1.2e+06,1.2e+06,1.2e+06,1.596e+06,1.596e+06,,,,,,,,,,,8.2994e+06,80.198,84.8485,62,37.3737,62,63.6364
150120,,,,,,,,,,,,,,,,,,,,,,69,,,,,,,
150824,,,,,,,,,,,,,,,,,,,,,,108,,,,,,,
150864,,,,,,,,,,,,,,,,,,,,,,68,,,,,,,
150981,,,,,,,,,,,,,,,,,,,,,,112,,,,,,,
150995,48900,50700,49300,47900,47900,70000,1.2e+06,1.2e+06,1.2e+06,1.2e+06,1.596e+06,1.596e+06,,,,,,,,,,,8.6488e+06,82,85.8586,58.4158,35,59,59
151060,,,,,,,,,,,,,,,,,,,,,,91,,,,,,,
151066,,,,,,,,,,,,,,,,,,,,,,79,,,,,,,
151369,,,,,,,,,,,,,,,,,,,,,,113,,,,,,,
151385,,,,,,,,,,,,,,,,,,,,,,85,,,,,,,
151770,,,,,,,,,,,,,,,,,,,,,,69,,,,,,,
151777,,,,,,,,,,,,,,,,,,,,,,56,,,,,,,
151778,,,,,,,,,,,,,,,,,,,,,,70,,,,,,,
152003,48900,50100,49700,48100,48100,70000,1.2e+06,1.2e+06,1.2e+06,1.2e+06,1.596e+06,1.596e+06,,,,,,,,,,,8.7796e+06,81.3725,86,57,30.303,58.4158,58.8235
152188,,,,,,,,,,,,,,66.02,60.38,,,,,,,,,,,,,,
152478,,,,,,,,,,,,,,,,,,,,,,114,,,,,,,
152542,,,,,,,,,,,,,,,,,,,,,,113,,,,,,,
152672,,,,,,,,,,,,,,,,,,,,,,92,,,,,,,
152704,,,,,,,,,,,,,,,,,,,,,,80,,,,,,,
152995,48900,50300,49700,47900,48100,70000,1.2e+06,1.2e+06,1.2e+06,1.2e+06,1.596e+06,1.596e+06,,,,,,,,,,,8.446e+06,83,84.8485,56.5657,32.3529,59.596,60.8247
153002,,,,,,,,,,,,,,,,,,,,,,69,,,,,,,
153008,,,,,,,,,,,,,,,,,,,,,,86,,,,,,,
153058,,,,,,,,,,,,,,,,,,,,,,110,,,,,,,
153590,,,,,,,,,,,,,,,,,,,,,,115,,,,,,,
153653,,,,,,,,,,,,,,,,,,,,,,114,,,,,,,
153909,,,,,,,,,,,,,,,,,,,,,,70,,,,,,,
153914,,,,,,,,,,,,,,,,,,,,,,71,,,,,,,
153996,49100,51100,49700,48300,48100,70000,1.2e+06,1.2e+06,1.2e+06,1.2e+06,1.596e+06,1.596e+06,,,,,,,,,,,9.7024e+06,80.3922,88.7755,62.3762,34,59.4059,57.5758
154285,,,,,,,,,,,,,,,,,,,,,,93,,,,,,,
154444,,,,,,,,,,,,,,,,,,,,,,57,,,,,,,
154621,,,,,,,,,,,,,,,,,,,,,,111,,,,,,,
154633,,,,,,,,,,,,,,,,,,,,,,87,,,,,,,
154767,,,,,,,,,,,,,,,,,,,,,,115,,,,,,,
154812,,,,,,,,,,,,,,,,,,,,,,81,,,,,,,
154995,48900,50700,49700,48300,48100,70000,1.2e+06,1.2e+06,1.2e+06,1.2e+06,1.596e+06,1.596e+06,,,,,,,,,,,8.577e+06,81,86,61.3861,36,55.5556,58.5859
155096,,,,,,,,,,,,,24.075,,,,,,,,,,,,,,,,
155140,,,,,,,,,,,,,,,,,,,,,,116,,,,,,,
155141,,,,,,,,,,,,,,,,,,,,,,70,,,,,,,
155570,,,,,,,,,,,,,,,,,,,,,,71,,,,,,,
155573,,,,,,,,,,,,,,,,,,,,,,72,,,,,,,
155738,,,,,,,,,,,,,,,,,,,,,,112,,,,,,,
155897,,,,,,,,,,,,,,,,,,,,,,94,,,,,,,
155995,49100,50300,50100,48500,48100,70000,1.2e+06,1.2e+06,1.2e+06,1.2e+06,1.596e+06,1.596e+06,,,,,,,,,,,8.8558e+06,79.4118,89,61,36,61.6162,61.6162
156252,,,,,,,,,,,,,,,,,,,,,,117,,,,,,,
156255,,,,,,,,,,,,,,,,,,,,,,88,,,,,,,
156325,,,,,,,,,,,,,,,,,,,,,,116,,,,,,,
156448,,,,,,,,,,,,,,,,,,,,,,82,,,,,,,
156624,,,,,,,,,,,,,,,,,,,,,,58,,,,,,,
156802,,,,,,,,,,,,,,,,,,,,,,71,,,,,,,
156995,49300,50500,49900,48300,48500,70000,1.2e+06,1.2e+06,1.2e+06,1.2e+06,1.596e+06,1.596e+06,,,,,,,,,,,8.2106e+06,80,85.7143,61.3861,35,59.596,61.6162
157303,,,,,,,,,,,,,,,,,,,,,,113,,,,,,,
157365,,,,,,,,,,,,,,,,,,,,,,118,,,,,,,
157436,,,,,,,,,,,,,,,,,,,,,,117,,,,,,,
157509,,,,,,,,,,,,,,,,,,,,,,95,,,,,,,
157709,,,,,,,,,,,,,,,,,,,,,,73,,,,,,,
157709,,,,,,,,,,,,,,,,,,,,,,72,,,,,,,
157882,,,,,,,,,,,,,,,,,,,,,,89,,,,,,,
157995,49300,50300,50100,48300,48300,70000,1.2e+06,1.2e+06,1.2e+06,1.2e+06,1.596e+06,1.596e+06,,,,,,,,,,,8.8572e+06,84.1584,85.8586,57.4257,35,60.6061,61
158084,,,,,,,,,,,,,,,,,,,,,,83,,,,,,,
158548,,,,,,,,,,,,,,,,,,,,,,118,,,,,,,
158643,,,,,,,,,,,,,,,,,,,,,,96,,,,,,,
158804,,,,,,,,,,,,,,,,,,,,,,59,,,,,,,
158923,,,,,,,,,,,,,,,,,,,,,,119,,,,,,,
158940,,,,,,,,,,,,,,,,,,,,,,72,,,,,,,
158995,49300,50900,50100,48300,48300,70000,1.2e+06,1.2e+06,1.2e+06,1.2e+06,1.596e+06,1.596e+06,,,,,,,,,,,7.7556e+06,81.1881,85.1485,58,28.2828,57.4257,58.1633
159504,,,,,,,,,,,,,,,,,,,,,,90,,,,,,,
159541,,,,,,,,,,,,,,,,,,,,,,115,,,,,,,
159721,,,,,,,,,,,,,,,,,,,,,,84,,,,,,,
159845,,,,,,,,,,,,,,,,,,,,,,74,,,,,,,
159849,,,,,,,,,,,,,,,,,,,,,,73,,,,,,,
160003,49100,51100,50100,48300,48300,70000,1.2e+06,1.2e+06,1.2e+06,1.2e+06,1.596e+06,1.596e+06,,,,,,,,,,,8.882e+06,81.1881,85.8586,56.4356,29.4118,58,59
160027,,,,,,,,,,,,,,,,,,,,,,120,,,,,,,
160106,,,,,,,,,,,,,,,,,,,,,,119,,,,,,,
160996,49300,51100,50100,48500,48500,70000,1.2e+06,1.2e+06,1.2e+06,1.2e+06,1.596e+06,1.596e+06,,,,,,,,,,,9.0072e+06,80.198,88.8889,64.3564,33.6735,59.596,58.1633
161080,,,,,,,,,,,,,,,,,,,,,,73,,,,,,,
161105,,,,,,,,,,,,,,,,,,,,,,116,,,,,,,
161130,,,,,,,,,,,,,,,,,,,,,,91,,,,,,,
161139,,,,,,,,,,,,,,,,,,,,,,121,,,,,,,
161217,,,,,,,,,,,,,,,,,,,,,,120,,,,,,,
161471,,,,,,,,,,,,,,,,,,,,,,60,,,,,,,
161504,,,,,,,,,,,,,,,,,,,,,,75,,,,,,,
161510,,,,,,,,,,,,,,,,,,,,,,74,,,,,,,
161828,,,,,,,,,,,,,,,,,,,,,,85,,,,,,,
161868,,,,,,,,,,,,,,,,,,,,,,98,,,,,,,
161996,49300,50300,50300,48700,48500,70000,1.2e+06,1.2e+06,1.2e+06,1.2e+06,1.596e+06,1.596e+06,,,,,,,,,,,9.1682e+06,81,85.8586,58,35,55.5556,58
162224,,,,,,,,,,,,,,,,,,,,,,117,,,,,,,
162247,,,,,,,,,,,,,,,,,,,,,,122,,,,,,,
162330,,,,,,,,,,,,,,,,,,,,,,121,,,,,,,
162338,,,,,,,,,,,,,,66.10,60.46,,,,,,,,,,,,,,
162742,,,,,,,,,,,,,,,,,,,,,,74,,,,,,,
162753,,,,,,,,,,,,,,,,,,,,,,92,,,,,,,
162995,49500,51900,50300,48900,48500,70000,1.2e+06,1.2e+06,1.2e+06,1.2e+06,1.596e+06,1.596e+06,,,,,,,,,,,9.4026e+06,80.198,88.8889,63.6364,37,65,64.2857
163465,,,,,,,,,,,,,,,,,,,,,,86,,,,,,,
163480,,,,,,,,,,,,,,,,,,,,,,99,,,,,,,
163639,,,,,,,,,,,,,,,,,,,,,,76,,,,,,,
163649,,,,,,,,,,,,,,,,,,,,,,75,,,,,,,
163650,,,,,,,,,,,,,,,,,,,,,,61,,,,,,,
163787,,,,,,,,,,,,,,,,,,,,,,118,,,,,,,
163797,,,,,,,,,,,,,,,,,,,,,,123,,,,,,,
163888,,,,,,,,,,,,,,,,,,,,,,122,,,,,,,
163995,49500,51100,50100,48700,48500,70000,1.2e+06,1.2e+06,1.2e+06,1.2e+06,1.596e+06,1.596e+06,,,,,,,,,,,8.554e+06,79.4118,85.8586,58,36.6337,57.5758,59.596
164859,,,,,,,,,,,,,,,,,,,,,,93,,,,,,,
164880,,,,,,,,,,,,,,,,,,,,,,75,,,,,,,
164904,,,,,,,,,,,,,,,,,,,,,,119,,,,,,,
164907,,,,,,,,,,,,,,,,,,,,,,124,,,,,,,
164995,49700,51100,50500,48900,48500,70000,1.2e+06,1.2e+06,1.2e+06,1.2e+06,1.596e+06,1.596e+06,,,,,,,,,,,8.4842e+06,84.1584,85.8586,59.8039,31.6327,60.6061,61
165000,,,,,,,,,,,,,,,,,,,,,,123,,,,,,,
165093,,,,,,,,,,,,,,,,,,,,,,100,,,,,,,
165100,,,,,,,,,,,,,,,,,,,,,,87,,,,,,,
165161,,,,,,,,,,,,,24.075,,,,,,,,,,,,,,,,
165774,,,,,,,,,,,,,,,,,,,,,,77,,,,,,,
165788,,,,,,,,,,,,,,,,,,,,,,76,,,,,,,
165995,49500,51700,50300,48700,48700,70000,1.2e+06,1.2e+06,1.2e+06,1.2e+06,1.596e+06,1.596e+06,,,,,,,,,,,8.8448e+06,83.1683,84.8485,56.5657,28,59,59.596
166017,,,,,,,,,,,,,,,,,,,,,,125,,,,,,,
166021,,,,,,,,,,,,,,,,,,,,,,120,,,,,,,
166114,,,,,,,,,,,,,,,,,,,,,,124,,,,,,,
166317,,,,,,,,,,,,,,,,,,,,,,62,,,,,,,
166477,,,,,,,,,,,,,,,,,,,,,,94,,,,,,,
166705,,,,,,,,,,,,,,,,,,,,,,101,,,,,,,
166737,,,,,,,,,,,,,,,,,,,,,,88,,,,,,,
166996,49300,51500,50500,48900,48700,70000,1.2e+06,1.2e+06,1.2e+06,1.2e+06,1.596e+06,1.596e+06,,,,,,,,,,,8.6732e+06,80.8081,87.1287,58,29.2929,58,58.5859
167018,,,,,,,,,,,,,,,,,,,,,,76,,,,,,,
167432,,,,,,,,,,,,,,,,,,,,,,78,,,,,,,
167450,,,,,,,,,,,,,,,,,,,,,,77,,,,,,,
167568,,,,,,,,,,,,,,,,,,,,,,126,,,,,,,
167593,,,,,,,,,,,,,,,,,,,,,,121,,,,,,,
167671,,,,,,,,,,,,,,,,,,,,,,125,,,,,,,
167995,49500,51100,50500,48900,48700,70000,1.2e+06,1.2e+06,1.2e+06,1.2e+06,1.596e+06,1.596e+06,,,,,,,,,,,8.1984e+06,79.6117,87.7551,64.3564,36,57.5758,56.5657
168100,,,,,,,,,,,,,,,,,,,,,,95,,,,,,,
168317,,,,,,,,,,,,,,,,,,,,,,102,,,,,,,
168496,,,,,,,,,,,,,,,,,,,,,,63,,,,,,,
168678,,,,,,,,,,,,,,,,,,,,,,127,,,,,,,
168709,,,,,,,,,,,,,,,,,,,,,,122,,,,,,,
168783,,,,,,,,,,,,,,,,,,,,,,126,,,,,,,
168845,,,,,,,,,,,,,,,,,,,,,,89,,,,,,,
168996,49500,50700,50500,48900,48700,70000,1.2e+06,1.2e+06,1.2e+06,1.2e+06,1.596e+06,1.596e+06,,,,,,,,,,,8.9294e+06,80.8081,86.8687,57.4257,36,57.4257,59.596
169568,,,,,,,,,,,,,,,,,,,,,,79,,,,,,,
169589,,,,,,,,,,,,,,,,,,,,,,78,,,,,,,
169722,,,,,,,,,,,,,,,,,,,,,,96,,,,,,,
169788,,,,,,,,,,,,,,,,,,,,,,128,,,,,,,
169894,,,,,,,,,,,,,,,,,,,,,,127,,,,,,,
169930,,,,,,,,,,,,,,,,,,,,,,103,,,,,,,
169995,49900,51900,50500,48900,48700,70000,1.2e+06,1.2e+06,1.2e+06,1.2e+06,1.596e+06,1.596e+06,,,,,,,,,,,8.5148e+06,79.4118,88,64,35.3535,64.2857,64.6465
170272,,,,,,,,,,,,,,,,,,,,,,123,,,,,,,
170481,,,,,,,,,,,,,,,,,,,,,,90,,,,,,,
170677,,,,,,,,,,,,,,,,,,,,,,64,,,,,,,
170815,,,,,,,,,,,,,,,,,,,,,,78,,,,,,,
170996,49500,51900,50500,49100,48700,70000,1.2e+06,1.2e+06,1.2e+06,1.2e+06,1.596e+06,1.596e+06,,,,,,,,,,,8.5258e+06,80.198,85.1485,58,35.3535,56.5657,59
171064,,,,,,,,,,,,,,,,,,,,,,104,,,,,,,
171226,,,,,,,,,,,,,,,,,,,,,,80,,,,,,,
171344,,,,,,,,,,,,,,,,,,,,,,97,,,,,,,
171390,,,,,,,,,,,,,,,,,,,,,,124,,,,,,,
171453,,,,,,,,,,,,,,,,,,,,,,128,,,,,,,
171728,,,,,,,,,,,,,,,,,,,,,,79,,,,,,,
171995,49900,51900,50500,48900,49100,70000,1.2e+06,1.2e+06,1.2e+06,1.2e+06,1.596e+06,1.596e+06,,,,,,,,,,,8.465e+06,83.3333,85.7143,57,31.3131,59.8039,59.596
172117,,,,,,,,,,,,,,,,,,,,,,91,,,,,,,
172463,,,,,,,,,,,,,,,,,,,,,,130,,,,,,,
172474,,,,,,,,,,,,,,65.98,60.42,,,,,,,,,,,,,,
172508,,,,,,,,,,,,,,,,,,,,,,125,,,,,,,
172566,,,,,,,,,,,,,,,,,,,,,,129,,,,,,,
172676,,,,,,,,,,,,,,,,,,,,,,105,,,,,,,
172958,,,,,,,,,,,,,,,,,,,,,,79,,,,,,,
172971,,,,,,,,,,,,,,,,,,,,,,98,,,,,,,
172995,49700,51900,50500,48900,48900,70000,1.2e+06,1.2e+06,1.2e+06,1.2e+06,1.596e+06,1.596e+06,,,,,,,,,,,8.4156e+06,84,85,57.4257,30.6931,60.396,60.6061
173346,,,,,,,,,,,,,,,,,,,,,,65,,,,,,,
173361,,,,,,,,,,,,,,,,,,,,,,81,,,,,,,
173389,,,,,,,,,,,,,,,,,,,,,,80,,,,,,,
173575,,,,,,,,,,,,,,,,,,,,,,131,,,,,,,
173678,,,,,,,,,,,,,,,,,,,,,,130,,,,,,,
173754,,,,,,,,,,,,,,,,,,,,,,92,,,,,,,
173995,49900,51900,50700,49100,48900,70000,1.2e+06,1.2e+06,1.2e+06,1.2e+06,1.596e+06,1.596e+06,,,,,,,,,,,8.2368e+06,80,88.8889,60,29.8969,59.596,58
174074,,,,,,,,,,,,,,,,,,,,,,126,,,,,,,
174288,,,,,,,,,,,,,,,,,,,,,,106,,,,,,,
174597,,,,,,,,,,,,,,,,,,,,,,99,,,,,,,
174625,,,,,,,,,,,,,,,,,,,,,,80,,,,,,,
174996,49700,51100,50900,49100,48900,70000,1.2e+06,1.2e+06,1.2e+06,1.2e+06,1.596e+06,1.596e+06,,,,,,,,,,,8.6482e+06,80.3922,85.8586,62,36,55.5556,58.5859
175127,,,,,,,,,,,,,,,,,,,,,,132,,,,,,,
175191,,,,,,,,,,,,,,,,,,,,,,127,,,,,,,
175224,,,,,,,,,,,,,24.096,,,,,,,,,,,,,,,,
175236,,,,,,,,,,,,,,,,,,,,,,131,,,,,,,
175390,,,,,,,,,,,,,,,,,,,,,,93,,,,,,,
175498,,,,,,,,,,,,,,,,,,,,,,82,,,,,,,
175528,,,,,,,,,,,,,,,,,,,,,,81,,,,,,,
175901,,,,,,,,,,,,,,,,,,,,,,107,,,,,,,
175995,49900,51100,50900,49500,48900,70000,1.2e+06,1.2e+06,1.2e+06,1.2e+06,1.596e+06,1.596e+06,,,,,,,,,,,8.1116e+06,80.198,89,60,36.3636,59,59.596
176221,,,,,,,,,,,,,,,,,,,,,,100,,,,,,,
176238,,,,,,,,,,,,,,,,,,,,,,133,,,,,,,
176348,,,,,,,,,,,,,,,,,,,,,,132,,,,,,,
176755,,,,,,,,,,,,,,,,,,,,,,128,,,,,,,
176766,,,,,,,,,,,,,,,,,,,,,,81,,,,,,,
176995,49700,51700,50900,49100,48900,70000,1.2e+06,1.2e+06,1.2e+06,1.2e+06,1.596e+06,1.596e+06,,,,,,,,,,,9.0872e+06,79.798,85.8586,62,37.3737,62.6263,63.6364
177157,,,,,,,,,,,,,,,,,,,,,,83,,,,,,,
177349,,,,,,,,,,,,,,,,,,,,,,134,,,,,,,
177459,,,,,,,,,,,,,,,,,,,,,,133,,,,,,,
177499,,,,,,,,,,,,,,,,,,,,,,94,,,,,,,
177513,,,,,,,,,,,,,,,,,,,,,,108,,,,,,,
177668,,,,,,,,,,,,,,,,,,,,,,82,,,,,,,
177845,,,,,,,,,,,,,,,,,,,,,,101,,,,,,,
177875,,,,,,,,,,,,,,,,,,,,,,129,,,,,,,
177995,50100,51900,50900,49100,49100,70000,1.2e+06,1.2e+06,1.2e+06,1.2e+06,1.596e+06,1.596e+06,,,,,,,,,,,9.182e+06,82.3529,84.8485,58.4158,36.2745,58.5859,60
178198,,,,,,,,,,,,,,,,,,,,,,67,,,,,,,
178901,,,,,,,,,,,,,,,,,,,,,,135,,,,,,,
178907,,,,,,,,,,,,,,,,,,,,,,82,,,,,,,
179004,49700,51700,50900,49300,49100,70000,1.2e+06,1.2e+06,1.2e+06,1.2e+06,1.596e+06,1.596e+06,,,,,,,,,,,9.0828e+06,81.1881,86,57,29.703,57.8431,58
179017,,,,,,,,,,,,,,,,,,,,,,134,,,,,,,
179125,,,,,,,,,,,,,,,,,,,,,,109,,,,,,,
179136,,,,,,,,,,,,,,,,,,,,,,95,,,,,,,
179293,,,,,,,,,,,,,,,,,,,,,,84,,,,,,,
179328,,,,,,,,,,,,,,,,,,,,,,83,,,,,,,
179438,,,,,,,,,,,,,,,,,,,,,,130,,,,,,,
179472,,,,,,,,,,,,,,,,,,,,,,102,,,,,,,
179995,49900,52100,50900,49300,49300,70000,1.2e+06,1.2e+06,1.2e+06,1.2e+06,1.596e+06,1.596e+06,,,,,,,,,,,9.1708e+06,83,85.7143,55.5556,26.8041,59.596,60.6061
180013,,,,,,,,,,,,,,,,,,,,,,136,,,,,,,
180129,,,,,,,,,,,,,,,,,,,,,,135,,,,,,,
180376,,,,,,,,,,,,,,,,,,,,,,68,,,,,,,
180555,,,,,,,,,,,,,,,,,,,,,,131,,,,,,,
180569,,,,,,,,,,,,,,,,,,,,,,83,,,,,,,
180737,,,,,,,,,,,,,,,,,,,,,,110,,,,,,,
180771,,,,,,,,,,,,,,,,,,,,,,96,,,,,,,
180950,,,,,,,,,,,,,,,,,,,,,,85,,,,,,,
180996,49900,52100,51100,49500,49100,70000,1.2e+06,1.2e+06,1.2e+06,1.2e+06,1.596e+06,1.596e+06,,,,,,,,,,,9.3006e+06,80.198,88,62.3762,34,59.1837,58.1633
181094,,,,,,,,,,,,,,,,,,,,,,103,,,,,,,
181125,,,,,,,,,,,,,,,,,,,,,,137,,,,,,,
181242,,,,,,,,,,,,,,,,,,,,,,136,,,,,,,
181467,,,,,,,,,,,,,,,,,,,,,,84,,,,,,,
181672,,,,,,,,,,,,,,,,,,,,,,132,,,,,,,
181995,50100,51100,51100,49500,49100,70000,1.2e+06,1.2e+06,1.2e+06,1.2e+06,1.596e+06,1.596e+06,,,,,,,,,,,9.2884e+06,81.3725,85.8586,60.396,34.6939,56,58.4158
182349,,,,,,,,,,,,,,,,,,,,,,111,,,,,,,
182407,,,,,,,,,,,,,,,,,,,,,,97,,,,,,,
182559,,,,,,,,,,,,,,,,,,,,,,69,,,,,,,
182633,,,,,,,,,,,,,,65.98,60.38,,,,,,,,,,,,,,
182679,,,,,,,,,,,,,,,,,,,,,,138,,,,,,,
182710,,,,,,,,,,,,,,,,,,,,,,84,,,,,,,
182721,,,,,,,,,,,,,,,,,,,,,,104,,,,,,,
182799,,,,,,,,,,,,,,,,,,,,,,137,,,,,,,
182995,50300,51500,51300,49500,49300,70000,1.2e+06,1.2e+06,1.2e+06,1.2e+06,1.596e+06,1.596e+06,,,,,,,,,,,8.0382e+06,79.4118,90,65,36,61.6162,62.2449
183086,,,,,,,,,,,,,,,,,,,,,,86,,,,,,,
183237,,,,,,,,,,,,,,,,,,,,,,133,,,,,,,
183483,,,,,,,,,,,,,,,,,,,,,,112,,,,,,,
183607,,,,,,,,,,,,,,,,,,,,,,85,,,,,,,
183785,,,,,,,,,,,,,,,,,,,,,,139,,,,,,,
183910,,,,,,,,,,,,,,,,,,,,,,138,,,,,,,
183996,50100,51900,51300,49700,49500,70000,1.2e+06,1.2e+06,1.2e+06,1.2e+06,1.596e+06,1.596e+06,,,,,,,,,,,8.4242e+06,79.798,84.8485,61.3861,36.6337,60,61.6162
184343,,,,,,,,,,,,,,,,,,,,,,105,,,,,,,
184354,,,,,,,,,,,,,,,,,,,,,,134,,,,,,,
184516,,,,,,,,,,,,,,,,,,,,,,98,,,,,,,
184848,,,,,,,,,,,,,,,,,,,,,,85,,,,,,,
184897,,,,,,,,,,,,,,,,,,,,,,140,,,,,,,
184995,50500,52300,51300,49700,49300,70000,1.2e+06,1.2e+06,1.2e+06,1.2e+06,1.596e+06,1.596e+06,,,,,,,,,,,8.4762e+06,83.3333,86.1386,57.5758,34.3434,61,61
185021,,,,,,,,,,,,,,,,,,,,,,139,,,,,,,
185096,,,,,,,,,,,,,,,,,,,,,,113,,,,,,,
185222,,,,,,,,,,,,,,,,,,,,,,87,,,,,,,
185228,,,,,,,,,,,,,,,,,,,,,,70,,,,,,,
185268,,,,,,,,,,,,,,,,,,,,,,86,,,,,,,
185288,,,,,,,,,,,,,24.075,,,,,,,,,,,,,,,,
185920,,,,,,,,,,,,,,,,,,,,,,135,,,,,,,
185967,,,,,,,,,,,,,,,,,,,,,,106,,,,,,,
185996,50500,52300,51300,49900,49700,70000,1.2e+06,1.2e+06,1.2e+06,1.2e+06,1.596e+06,1.596e+06,,,,,,,,,,,8.3978e+06,81.1881,85.567,57,27.2727,57,58.1633
186152,,,,,,,,,,,,,,,,,,,,,,99,,,,,,,
186463,,,,,,,,,,,,,,,,,,,,,,141,,,,,,,
186509,,,,,,,,,,,,,,,,,,,,,,86,,,,,,,
186579,,,,,,,,,,,,,,,,,,,,,,140,,,,,,,
186708,,,,,,,,,,,,,,,,,,,,,,114,,,,,,,
186880,,,,,,,,,,,,,,,,,,,,,,88,,,,,,,
187003,50300,52100,51300,49500,49500,70000,1.2e+06,1.2e+06,1.2e+06,1.2e+06,1.596e+06,1.596e+06,,,,,,,,,,,8.6536e+06,82.1782,85,58.2524,28,58,59
187407,,,,,,,,,,,,,,,,,,,,,,87,,,,,,,
187409,,,,,,,,,,,,,,,,,,,,,,71,,,,,,,
187568,,,,,,,,,,,,,,,,,,,,,,142,,,,,,,
187589,,,,,,,,,,,,,,,,,,,,,,107,,,,,,,
187691,,,,,,,,,,,,,,,,,,,,,,141,,,,,,,
187788,,,,,,,,,,,,,,,,,,,,,,100,,,,,,,
187996,50500,52500,51300,49700,49300,70000,1.2e+06,1.2e+06,1.2e+06,1.2e+06,1.596e+06,1.596e+06,,,,,,,,,,,8.1314e+06,79.798,88.8889,62.6263,35.3535,59.596,57.5758
188154,,,,,,,,,,,,,,,,,,,,,,137,,,,,,,
188320,,,,,,,,,,,,,,,,,,,,,,115,,,,,,,
188648,,,,,,,,,,,,,,,,,,,,,,87,,,,,,,
188679,,,,,,,,,,,,,,,,,,,,,,143,,,,,,,
188802,,,,,,,,,,,,,,,,,,,,,,142,,,,,,,
188995,50700,51700,51300,49700,49300,70000,1.2e+06,1.2e+06,1.2e+06,1.2e+06,1.596e+06,1.596e+06,,,,,,,,,,,9.0492e+06,80.5825,85.8586,59.4059,36.6337,55.5556,58.5859
189016,,,,,,,,,,,,,,,,,,,,,,89,,,,,,,
189211,,,,,,,,,,,,,,,,,,,,,,108,,,,,,,
189424,,,,,,,,,,,,,,,,,,,,,,101,,,,,,,
189546,,,,,,,,,,,,,,,,,,,,,,88,,,,,,,
189718,,,,,,,,,,,,,,,,,,,,,,138,,,,,,,
189790,,,,,,,,,,,,,,,,,,,,,,144,,,,,,,
189932,,,,,,,,,,,,,,,,,,,,,,116,,,,,,,
189995,50700,51900,51300,49900,49700,70000,1.2e+06,1.2e+06,1.2e+06,1.2e+06,1.596e+06,1.596e+06,,,,,,,,,,,8.5422e+06,79,89,63.7255,37,63.6364,63.6364
190078,,,,,,,,,,,,,,,,,,,,,,72,,,,,,,
190674,,,,,,,,,,,,,,,,,,,,,,90,,,,,,,
190789,,,,,,,,,,,,,,,,,,,,,,88,,,,,,,
190836,,,,,,,,,,,,,,,,,,,,,,139,,,,,,,
190995,50500,52100,51300,50100,49900,70000,1.2e+06,1.2e+06,1.2e+06,1.2e+06,1.596e+06,1.596e+06,,,,,,,,,,,8.9572e+06,80.198,85.8586,59,36,57.5758,59.596
191207,,,,,,,,,,,,,,,,,,,,,,89,,,,,,,
191324,,,,,,,,,,,,,,,,,,,,,,109,,,,,,,
191348,,,,,,,,,,,,,,,,,,,,,,145,,,,,,,
191473,,,,,,,,,,,,,,,,,,,,,,144,,,,,,,
191533,,,,,,,,,,,,,,,,,,,,,,102,,,,,,,
191545,,,,,,,,,,,,,,,,,,,,,,117,,,,,,,
191995,50500,51900,51500,49900,49700,70000,1.2e+06,1.2e+06,1.2e+06,1.2e+06,1.596e+06,1.596e+06,,,,,,,,,,,8.4486e+06,83.4951,85,57,33.6634,61.7647,61
192399,,,,,,,,,,,,,,,,,,,,,,140,,,,,,,
192450,,,,,,,,,,,,,,,,,,,,,,89,,,,,,,
192458,,,,,,,,,,,,,,,,,,,,,,146,,,,,,,
192585,,,,,,,,,,,,,,,,,,,,,,145,,,,,,,
192745,,,,,,,,,,,,,,65.98,60.34,,,,,,,,,,,,,,
192810,,,,,,,,,,,,,,,,,,,,,,91,,,,,,,
192946,,,,,,,,,,,,,,,,,,,,,,110,,,,,,,
192996,51100,51900,51700,49900,49700,70000,1.2e+06,1.2e+06,1.2e+06,1.2e+06,1.596e+06,1.596e+06,,,,,,,,,,,8.5144e+06,83.1683,85.7143,60.6061,31.3725,58.5859,60.6061
193157,,,,,,,,,,,,,,,,,,,,,,118,,,,,,,
193169,,,,,,,,,,,,,,,,,,,,,,103,,,,,,,
193346,,,,,,,,,,,,,,,,,,,,,,90,,,,,,,
193517,,,,,,,,,,,,,,,,,,,,,,141,,,,,,,
193566,,,,,,,,,,,,,,,,,,,,,,147,,,,,,,
193995,50700,52500,52100,50100,49900,70000,1.2e+06,1.2e+06,1.2e+06,1.2e+06,1.596e+06,1.596e+06,,,,,,,,,,,8.6238e+06,80.8081,87.8788,57.8431,30,57.5758,58.5859
194145,,,,,,,,,,,,,,,,,,,,,,146,,,,,,,
194438,,,,,,,,,,,,,,,,,,,,,,74,,,,,,,
194569,,,,,,,,,,,,,,,,,,,,,,111,,,,,,,
194588,,,,,,,,,,,,,,,,,,,,,,90,,,,,,,
194634,,,,,,,,,,,,,,,,,,,,,,142,,,,,,,
194769,,,,,,,,,,,,,,,,,,,,,,119,,,,,,,
194805,,,,,,,,,,,,,,,,,,,,,,104,,,,,,,
194946,,,,,,,,,,,,,,,,,,,,,,92,,,,,,,
194995,50700,52600,51500,49900,49500,70000,1.2e+06,1.2e+06,1.2e+06,1.2e+06,1.596e+06,1.596e+06,,,,,,,,,,,8.785e+06,79.2079,86.8687,65,36,58,56.5657
195117,,,,,,,,,,,,,,,,,,,,,,148,,,,,,,
195257,,,,,,,,,,,,,,,,,,,,,,147,,,,,,,
195351,,,,,,,,,,,,,24.075,,,,,,,,,,,,,,,,
195485,,,,,,,,,,,,,,,,,,,,,,91,,,,,,,
195903,,,,,,,,,,,,,,,,,,,,,,120,,,,,,,
195996,50900,51900,51700,50100,49700,70000,1.2e+06,1.2e+06,1.2e+06,1.2e+06,1.596e+06,1.596e+06,,,,,,,,,,,8.837e+06,80.3922,87,57,37.2549,58,59.596
196191,,,,,,,,,,,,,,,,,,,,,,112,,,,,,,
196198,,,,,,,,,,,,,,,,,,,,,,143,,,,,,,
196227,,,,,,,,,,,,,,,,,,,,,,149,,,,,,,
196442,,,,,,,,,,,,,,,,,,,,,,105,,,,,,,
196604,,,,,,,,,,,,,,,,,,,,,,93,,,,,,,
196726,,,,,,,,,,,,,,,,,,,,,,91,,,,,,,
196823,,,,,,,,,,,,,,,,,,,,,,148,,,,,,,
196995,50900,52800,51700,50300,49900,70000,1.2e+06,1.2e+06,1.2e+06,1.2e+06,1.596e+06,1.596e+06,,,,,,,,,,,8.0064e+06,80,88,64.3564,35.3535,63.3663,64.2857
197112,,,,,,,,,,,,,,,,,,,,,,75,,,,,,,
197146,,,,,,,,,,,,,,,,,,,,,,92,,,,,,,
197316,,,,,,,,,,,,,,,,,,,,,,144,,,,,,,
197337,,,,,,,,,,,,,,,,,,,,,,150,,,,,,,
197516,,,,,,,,,,,,,,,,,,,,,,121,,,,,,,
197813,,,,,,,,,,,,,,,,,,,,,,113,,,,,,,
197927,,,,,,,,,,,,,,,,,,,,,,149,,,,,,,
197995,51100,52600,52100,50300,50100,70000,1.2e+06,1.2e+06,1.2e+06,1.2e+06,1.596e+06,1.596e+06,,,,,,,,,,,8.2366e+06,80,85.1485,58.4158,36,58,59
198385,,,,,,,,,,,,,,,,,,,,,,92,,,,,,,
198550,,,,,,,,,,,,,,,,,,,,,,106,,,,,,,
198740,,,,,,,,,,,,,,,,,,,,,,94,,,,,,,
198878,,,,,,,,,,,,,,,,,,,,,,145,,,,,,,
198887,,,,,,,,,,,,,,,,,,,,,,151,,,,,,,
198996,51100,52500,51700,50300,49700,70000,1.2e+06,1.2e+06,1.2e+06,1.2e+06,1.596e+06,1.596e+06,,,,,,,,,,,8.2938e+06,83.3333,85.7143,57.4257,31.3131,59,59.596
199038,,,,,,,,,,,,,,,,,,,,,,150,,,,,,,
199128,,,,,,,,,,,,,,,,,,,,,,122,,,,,,,
199285,,,,,,,,,,,,,,,,,,,,,,93,,,,,,,
199291,,,,,,,,,,,,,,,,,,,,,,76,,,,,,,
199435,,,,,,,,,,,,,,,,,,,,,,114,,,,,,,
199995,51100,52600,51700,50300,50100,70000,1.2e+06,1.2e+06,1.2e+06,1.2e+06,1.596e+06,1.596e+06,,,,,,,,,,,9.0636e+06,83,86,57,29.4118,59.596,60.6061
199996,,,,,,,,,,,,,,,,,,,,,,146,,,,,,,
199998,,,,,,,,,,,,,,,,,,,,,,152,,,,,,,
200187,,,,,,,,,,,,,,,,,,,,,,107,,,,,,,
200523,,,,,,,,,,,,,,,,,,,,,,93,,,,,,,
200603,,,,,,,,,,,,,,,,,,,,,,151,,,,,,,
200740,,,,,,,,,,,,,,,,,,,,,,123,,,,,,,
200876,,,,,,,,,,,,,,,,,,,,,,95,,,,,,,
200995,51100,53000,51700,50300,49900,70000,1.2e+06,1.2e+06,1.2e+06,1.2e+06,1.596e+06,1.596e+06,,,,,,,,,,,8.7238e+06,80.3922,87.8788,59,34,60,58
201058,,,,,,,,,,,,,,,,,,,,,,115,,,,,,,
201109,,,,,,,,,,,,,,,,,,,,,,153,,,,,,,
201114,,,,,,,,,,,,,,,,,,,,,,147,,,,,,,
201424,,,,,,,,,,,,,,,,,,,,,,94,,,,,,,
201708,,,,,,,,,,,,,,,,,,,,,,152,,,,,,,
201824,,,,,,,,,,,,,,,,,,,,,,108,,,,,,,
201960,,,,,,,,,,,,,,,,,,,,,,77,,,,,,,
201996,51100,52600,52100,50300,49900,70000,1.2e+06,1.2e+06,1.2e+06,1.2e+06,1.596e+06,1.596e+06,,,,,,,,,,,9.0386e+06,82,85.8586,62,34.6939,56,58.1633
202353,,,,,,,,,,,,,,,,,,,,,,124,,,,,,,
202534,,,,,,,,,,,,,,,,,,,,,,96,,,,,,,
202659,,,,,,,,,,,,,,,,,,,,,,154,,,,,,,
202661,,,,,,,,,,,,,,,,,,,,,,94,,,,,,,
202677,,,,,,,,,,,,,,,,,,,,,,148,,,,,,,
202680,,,,,,,,,,,,,,,,,,,,,,116,,,,,,,
202822,,,,,,,,,,,,,,,,,,,,,,153,,,,,,,
202868,,,,,,,,,,,,,,66.06,60.38,,,,,,,,,,,,,,
202995,51300,53000,52100,50500,50100,70000,1.2e+06,1.2e+06,1.2e+06,1.2e+06,1.596e+06,1.596e+06,,,,,,,,,,,8.7974e+06,79,89,61.3861,37,61,60.6061
203085,,,,,,,,,,,,,,,,,,,,,,95,,,,,,,
203461,,,,,,,,,,,,,,,,,,,,,,109,,,,,,,
203769,,,,,,,,,,,,,,,,,,,,,,155,,,,,,,
203795,,,,,,,,,,,,,,,,,,,,,,149,,,,,,,
203965,,,,,,,,,,,,,,,,,,,,,,125,,,,,,,
203995,51100,53200,51700,50300,50300,70000,1.2e+06,1.2e+06,1.2e+06,1.2e+06,1.596e+06,1.596e+06,,,,,,,,,,,9.4344e+06,80.3922,85.8586,62.7451,36.6337,62.6263,63.6364
204139,,,,,,,,,,,,,,,,,,,,,,78,,,,,,,
204303,,,,,,,,,,,,,,,,,,,,,,117,,,,,,,
204321,,,,,,,,,,,,,,,,,,,,,,95,,,,,,,
204380,,,,,,,,,,,,,,,,,,,,,,154,,,,,,,
204669,,,,,,,,,,,,,,,,,,,,,,97,,,,,,,
204879,,,,,,,,,,,,,,,,,,,,,,156,,,,,,,
204995,51300,53200,52100,50500,50300,70000,1.2e+06,1.2e+06,1.2e+06,1.2e+06,1.596e+06,1.596e+06,,,,,,,,,,,8.769e+06,82.1782,85.7143,57.5758,34.6939,58,59
205224,,,,,,,,,,,,,,,,,,,,,,96,,,,,,,
205358,,,,,,,,,,,,,,,,,,,,,,150,,,,,,,
205419,,,,,,,,,,,,,24.075,,,,,,,,,,,,,,,,
205492,,,,,,,,,,,,,,,,,,,,,,155,,,,,,,
205570,,,,,,,,,,,,,,,,,,,,,,110,,,,,,,
205578,,,,,,,,,,,,,,,,,,,,,,126,,,,,,,
205925,,,,,,,,,,,,,,,,,,,,,,118,,,,,,,
205988,,,,,,,,,,,,,,,,,,,,,,157,,,,,,,
206003,51500,53400,52100,50500,50300,70000,1.2e+06,1.2e+06,1.2e+06,1.2e+06,1.596e+06,1.596e+06,,,,,,,,,,,7.611e+06,82.3529,85.1485,57.2816,29.703,58.4158,58
206320,,,,,,,,,,,,,,,,,,,,,,79,,,,,,,
206327,,,,,,,,,,,,,,,,,,,,,,98,,,,,,,
206460,,,,,,,,,,,,,,,,,,,,,,96,,,,,,,
206477,,,,,,,,,,,,,,,,,,,,,,151,,,,,,,
206603,,,,,,,,,,,,,,,,,,,,,,156,,,,,,,
206995,51300,53200,52100,50500,49900,70000,1.2e+06,1.2e+06,1.2e+06,1.2e+06,1.596e+06,1.596e+06,,,,,,,,,,,8.911e+06,83,85.7143,56.5657,27.2727,59.596,60.6061
207190,,,,,,,,,,,,,,,,,,,,,,127,,,,,,,
207206,,,,,,,,,,,,,,,,,,,,,,111,,,,,,,
207363,,,,,,,,,,,,,,,,,,,,,,97,,,,,,,
207544,,,,,,,,,,,,,,,,,,,,,,158,,,,,,,
207551,,,,,,,,,,,,,,,,,,,,,,119,,,,,,,
207594,,,,,,,,,,,,,,,,,,,,,,152,,,,,,,
207995,51100,53000,52100,50300,49900,70000,1.2e+06,1.2e+06,1.2e+06,1.2e+06,1.596e+06,1.596e+06,,,,,,,,,,,8.2312e+06,80,88.8889,62,34.6535,59.1837,58.5859
208162,,,,,,,,,,,,,,,,,,,,,,157,,,,,,,
208464,,,,,,,,,,,,,,,,,,,,,,99,,,,,,,
208600,,,,,,,,,,,,,,,,,,,,,,97,,,,,,,
208655,,,,,,,,,,,,,,,,,,,,,,159,,,,,,,
208842,,,,,,,,,,,,,,,,,,,,,,112,,,,,,,
208990,,,,,,,,,,,,,,,,,,,,,,80,,,,,,,
208995,51300,52100,52100,50500,50100,70000,1.2e+06,1.2e+06,1.2e+06,1.2e+06,1.596e+06,1.596e+06,,,,,,,,,,,8.9936e+06,81.1881,85,60.396,34.6939,54.5455,57.5758
209024,,,,,,,,,,,,,,,,,,,,,,98,,,,,,,
209157,,,,,,,,,,,,,,,,,,,,,,153,,,,,,,
209174,,,,,,,,,,,,,,,,,,,,,,120,,,,,,,
209275,,,,,,,,,,,,,,,,,,,,,,158,,,,,,,
209765,,,,,,,,,,,,,,,,,,,,,,160,,,,,,,
209936,,,,,,,,,,,,,,,,,,,,,,129,,,,,,,
209995,51300,53400,52300,50500,50300,70000,1.2e+06,1.2e+06,1.2e+06,1.2e+06,1.596e+06,1.596e+06,,,,,,,,,,,9.022e+06,79.2079,89.899,62,36.6337,61.6162,62.6263
210261,,,,,,,,,,,,,,,,,,,,,,98,,,,,,,
210274,,,,,,,,,,,,,,,,,,,,,,154,,,,,,,
210388,,,,,,,,,,,,,,,,,,,,,,159,,,,,,,
210478,,,,,,,,,,,,,,,,,,,,,,113,,,,,,,
210600,,,,,,,,,,,,,,,,,,,,,,100,,,,,,,
210995,51300,53400,52500,50700,50300,70000,1.2e+06,1.2e+06,1.2e+06,1.2e+06,1.596e+06,1.596e+06,,,,,,,,,,,8.3862e+06,79.2079,84.8485,60,36.6337,60.396,61.6162
211163,,,,,,,,,,,,,,,,,,,,,,99,,,,,,,
211168,,,,,,,,,,,,,,,,,,,,,,81,,,,,,,
211315,,,,,,,,,,,,,,,,,,,,,,161,,,,,,,
211549,,,,,,,,,,,,,,,,,,,,,,130,,,,,,,
211837,,,,,,,,,,,,,,,,,,,,,,155,,,,,,,
211950,,,,,,,,,,,,,,,,,,,,,,160,,,,,,,
211995,51500,53400,52300,50900,50300,70000,1.2e+06,1.2e+06,1.2e+06,1.2e+06,1.596e+06,1.596e+06,,,,,,,,,,,8.85e+06,84.1584,86.1386,58,36.3636,61.3861,60.6061
212259,,,,,,,,,,,,,,,,,,,,,,101,,,,,,,
212399,,,,,,,,,,,,,,,,,,,,,,99,,,,,,,
212417,,,,,,,,,,,,,,,,,,,,,,122,,,,,,,
212425,,,,,,,,,,,,,,,,,,,,,,162,,,,,,,
212587,,,,,,,,,,,,,,,,,,,,,,114,,,,,,,
212956,,,,,,,,,,,,,,,,,,,,,,156,,,,,,,
212996,51500,53400,52500,50500,50500,70000,1.2e+06,1.2e+06,1.2e+06,1.2e+06,1.596e+06,1.596e+06,,,,,,,,,,,8.667e+06,83.1683,85.7143,57,28.7129,56.5657,58.5859
213030,,,,,,,,,,,,,,66.35,60.50,,,,,,,,,,,,,,
213062,,,,,,,,,,,,,,,,,,,,,,161,,,,,,,
213161,,,,,,,,,,,,,,,,,,,,,,131,,,,,,,
213302,,,,,,,,,,,,,,,,,,,,,,100,,,,,,,
213838,,,,,,,,,,,,,,,,,,,,,,82,,,,,,,
213995,51500,53400,52600,50900,50700,70000,1.2e+06,1.2e+06,1.2e+06,1.2e+06,1.596e+06,1.596e+06,,,,,,,,,,,8.811e+06,82.3529,85,55.8824,31.3725,58,59
214006,,,,,,,,,,,,,,,,,,,,,,163,,,,,,,
214048,,,,,,,,,,,,,,,,,,,,,,123,,,,,,,
214075,,,,,,,,,,,,,,,,,,,,,,157,,,,,,,
214173,,,,,,,,,,,,,,,,,,,,,,162,,,,,,,
214223,,,,,,,,,,,,,,,,,,,,,,115,,,,,,,
214395,,,,,,,,,,,,,,,,,,,,,,102,,,,,,,
214544,,,,,,,,,,,,,,,,,,,,,,100,,,,,,,
214773,,,,,,,,,,,,,,,,,,,,,,132,,,,,,,
214963,,,,,,,,,,,,,,,,,,,,,,101,,,,,,,
214995,51700,53600,52500,50900,50700,70000,1.2e+06,1.2e+06,1.2e+06,1.2e+06,1.596e+06,1.596e+06,,,,,,,,,,,8.8338e+06,81,88.8889,63.6364,35.3535,59.596,57.5758
215110,,,,,,,,,,,,,,,,,,,,,,164,,,,,,,
215484,,,,,,,,,,,,,24.075,,,,,,,,,,,,,,,,
215638,,,,,,,,,,,,,,,,,,,,,,158,,,,,,,
215731,,,,,,,,,,,,,,,,,,,,,,163,,,,,,,
215859,,,,,,,,,,,,,,,,,,,,,,116,,,,,,,
215995,51700,52600,52500,50700,50500,70000,1.2e+06,1.2e+06,1.2e+06,1.2e+06,1.596e+06,1.596e+06,,,,,,,,,,,9.2492e+06,80.198,86,58,34.3434,55.5556,58.1633
216019,,,,,,,,,,,,,,,,,,,,,,83,,,,,,,
216054,,,,,,,,,,,,,,,,,,,,,,103,,,,,,,
216163,,,,,,,,,,,,,,,,,,,,,,124,,,,,,,
216207,,,,,,,,,,,,,,,,,,,,,,101,,,,,,,
216226,,,,,,,,,,,,,,,,,,,,,,165,,,,,,,
216385,,,,,,,,,,,,,,,,,,,,,,133,,,,,,,
216757,,,,,,,,,,,,,,,,,,,,,,159,,,,,,,
216842,,,,,,,,,,,,,,,,,,,,,,164,,,,,,,
216996,51500,53800,52500,51100,50700,70000,1.2e+06,1.2e+06,1.2e+06,1.2e+06,1.596e+06,1.596e+06,,,,,,,,,,,8.6176e+06,80,88.8889,63.7255,35,63.6364,64.2857
217102,,,,,,,,,,,,,,,,,,,,,,102,,,,,,,
217495,,,,,,,,,,,,,,,,,,,,,,117,,,,,,,
217778,,,,,,,,,,,,,,,,,,,,,,125,,,,,,,
217781,,,,,,,,,,,,,,,,,,,,,,166,,,,,,,
217955,,,,,,,,,,,,,,,,,,,,,,165,,,,,,,
217996,51500,53200,52500,50900,50700,70000,1.2e+06,1.2e+06,1.2e+06,1.2e+06,1.596e+06,1.596e+06,,,,,,,,,,,8.925e+06,79.4118,85.8586,58.5859,36,58.4158,60.396
217999,,,,,,,,,,,,,,,,,,,,,,134,,,,,,,
218190,,,,,,,,,,,,,,,,,,,,,,104,,,,,,,
218200,,,,,,,,,,,,,,,,,,,,,,84,,,,,,,
218322,,,,,,,,,,,,,,,,,,,,,,160,,,,,,,
218347,,,,,,,,,,,,,,,,,,,,,,102,,,,,,,
218894,,,,,,,,,,,,,,,,,,,,,,167,,,,,,,
218995,51700,53400,52500,50900,50700,70000,1.2e+06,1.2e+06,1.2e+06,1.2e+06,1.596e+06,1.596e+06,,,,,,,,,,,9.3688e+06,84.1584,85,57.5758,33.3333,60.2041,59.596
219131,,,,,,,,,,,,,,,,,,,,,,118,,,,,,,
219241,,,,,,,,,,,,,,,,,,,,,,103,,,,,,,
219402,,,,,,,,,,,,,,,,,,,,,,126,,,,,,,
219440,,,,,,,,,,,,,,,,,,,,,,161,,,,,,,
219513,,,,,,,,,,,,,,,,,,,,,,166,,,,,,,
219610,,,,,,,,,,,,,,,,,,,,,,135,,,,,,,
219995,51500,53400,52500,50900,50900,70000,1.2e+06,1.2e+06,1.2e+06,1.2e+06,1.596e+06,1.596e+06,,,,,,,,,,,8.4772e+06,83.1683,85.7143,57.8431,28,59,61
220003,,,,,,,,,,,,,,,,,,,,,,168,,,,,,,
220325,,,,,,,,,,,,,,,,,,,,,,105,,,,,,,
220486,,,,,,,,,,,,,,,,,,,,,,103,,,,,,,
220557,,,,,,,,,,,,,,,,,,,,,,162,,,,,,,
220625,,,,,,,,,,,,,,,,,,,,,,167,,,,,,,
220745,,,,,,,,,,,,,,,,,,,,,,136,,,,,,,
220867,,,,,,,,,,,,,,,,,,,,,,85,,,,,,,
220903,,,,,,,,,,,,,,,,,,,,,,104,,,,,,,
220996,51700,53800,52800,50900,50500,70000,1.2e+06,1.2e+06,1.2e+06,1.2e+06,1.596e+06,1.596e+06,,,,,,,,,,,9.3394e+06,81.1881,87,57,30.6931,57.5758,58.5859
221024,,,,,,,,,,,,,,,,,,,,,,127,,,,,,,
221240,,,,,,,,,,,,,,,,,,,,,,119,,,,,,,
221559,,,,,,,,,,,,,,,,,,,,,,169,,,,,,,
221736,,,,,,,,,,,,,,,,,,,,,,168,,,,,,,
221984,,,,,,,,,,,,,,,,,,,,,,106,,,,,,,
221995,51900,53800,52500,51100,50700,70000,1.2e+06,1.2e+06,1.2e+06,1.2e+06,1.596e+06,1.596e+06,,,,,,,,,,,9.616e+06,79.4118,86.8687,65.3061,33.6735,57.5758,56.5657
222120,,,,,,,,,,,,,,,,,,,,,,163,,,,,,,
222146,,,,,,,,,,,,,,,,,,,,,,104,,,,,,,
222357,,,,,,,,,,,,,,,,,,,,,,137,,,,,,,
222646,,,,,,,,,,,,,,,,,,,,,,128,,,,,,,
222663,,,,,,,,,,,,,,,,,,,,,,170,,,,,,,
222875,,,,,,,,,,,,,,,,,,,,,,120,,,,,,,
222995,51900,53000,52600,50700,50500,70000,1.2e+06,1.2e+06,1.2e+06,1.2e+06,1.596e+06,1.596e+06,,,,,,,,,,,8.9394e+06,81,87.8788,58.2524,35.3535,57.8431,59.596
223042,,,,,,,,,,,,,,,,,,,,,,105,,,,,,,
223046,,,,,,,,,,,,,,,,,,,,,,86,,,,,,,
223149,,,,,,,,,,,,,,66.06,60.50,,,,,,,,,,,,,,
223237,,,,,,,,,,,,,,,,,,,,,,164,,,,,,,
223295,,,,,,,,,,,,,,,,,,,,,,169,,,,,,,
223772,,,,,,,,,,,,,,,,,,,,,,171,,,,,,,
223995,51900,53800,52600,51100,50900,70000,1.2e+06,1.2e+06,1.2e+06,1.2e+06,1.596e+06,1.596e+06,,,,,,,,,,,8.245e+06,79.2079,87.8788,67.3469,37.6238,63.2653,64.2857
224119,,,,,,,,,,,,,,,,,,,,,,107,,,,,,,
224273,,,,,,,,,,,,,,,,,,,,,,129,,,,,,,
224284,,,,,,,,,,,,,,,,,,,,,,105,,,,,,,
224512,,,,,,,,,,,,,,,,,,,,,,121,,,,,,,
224800,,,,,,,,,,,,,,,,,,,,,,165,,,,,,,
224883,,,,,,,,,,,,,,,,,,,,,,172,,,,,,,
224995,51900,53200,52600,51100,50900,70000,1.2e+06,1.2e+06,1.2e+06,1.2e+06,1.596e+06,1.596e+06,,,,,,,,,,,8.6532e+06,80,85.8586,57.4257,35.3535,57,59.4059
225182,,,,,,,,,,,,,,,,,,,,,,106,,,,,,,
225517,,,,,,,,,,,,,,,,,,,,,,171,,,,,,,
225549,,,,,,,,,,,,,24.075,,,,,,,,,,,,,,,,
225582,,,,,,,,,,,,,,,,,,,,,,139,,,,,,,
225716,,,,,,,,,,,,,,,,,,,,,,87,,,,,,,
225895,,,,,,,,,,,,,,,,,,,,,,130,,,,,,,
225918,,,,,,,,,,,,,,,,,,,,,,166,,,,,,,
225996,51900,53000,52800,51100,50900,70000,1.2e+06,1.2e+06,1.2e+06,1.2e+06,1.596e+06,1.596e+06,,,,,,,,,,,9.5022e+06,83.3333,85,57,33.6634,60,59.596
226148,,,,,,,,,,,,,,,,,,,,,,122,,,,,,,
226255,,,,,,,,,,,,,,,,,,,,,,108,,,,,,,
226429,,,,,,,,,,,,,,,,,,,,,,106,,,,,,,
226437,,,,,,,,,,,,,,,,,,,,,,173,,,,,,,
226844,,,,,,,,,,,,,,,,,,,,,,107,,,,,,,
226996,51900,53400,52800,51300,51100,70000,1.2e+06,1.2e+06,1.2e+06,1.2e+06,1.596e+06,1.596e+06,,,,,,,,,,,8.5928e+06,83.1683,86,56,28.7129,60.6061,60.6061
227038,,,,,,,,,,,,,,,,,,,,,,167,,,,,,,
227075,,,,,,,,,,,,,,,,,,,,,,172,,,,,,,
227194,,,,,,,,,,,,,,,,,,,,,,140,,,,,,,
227521,,,,,,,,,,,,,,,,,,,,,,131,,,,,,,
227548,,,,,,,,,,,,,,,,,,,,,,174,,,,,,,
227898,,,,,,,,,,,,,,,,,,,,,,88,,,,,,,
227914,,,,,,,,,,,,,,,,,,,,,,109,,,,,,,
227995,51900,54200,52800,51300,50900,70000,1.2e+06,1.2e+06,1.2e+06,1.2e+06,1.596e+06,1.596e+06,,,,,,,,,,,8.5482e+06,81,88.8889,59.596,30.6122,59,58.5859
228257,,,,,,,,,,,,,,,,,,,,,,123,,,,,,,
228576,,,,,,,,,,,,,,,,,,,,,,107,,,,,,,
228607,,,,,,,,,,,,,,,,,,,,,,168,,,,,,,
228662,,,,,,,,,,,,,,,,,,,,,,175,,,,,,,
228806,,,,,,,,,,,,,,,,,,,,,,141,,,,,,,
228983,,,,,,,,,,,,,,,,,,,,,,108,,,,,,,
228996,51900,53800,52800,51300,50700,70000,1.2e+06,1.2e+06,1.2e+06,1.2e+06,1.596e+06,1.596e+06,,,,,,,,,,,8.8288e+06,80.3922,84.8485,62,36.3636,56,58.1633
229154,,,,,,,,,,,,,,,,,,,,,,132,,,,,,,
229297,,,,,,,,,,,,,,,,,,,,,,174,,,,,,,
229725,,,,,,,,,,,,,,,,,,,,,,169,,,,,,,
229893,,,,,,,,,,,,,,,,,,,,,,124,,,,,,,
229995,52300,53400,53000,51300,51300,70000,1.2e+06,1.2e+06,1.2e+06,1.2e+06,1.596e+06,1.596e+06,,,,,,,,,,,8.6814e+06,80,90.9091,59.4059,35.6436,59.596,59.596
230050,,,,,,,,,,,,,,,,,,,,,,110,,,,,,,
230080,,,,,,,,,,,,,,,,,,,,,,89,,,,,,,
230215,,,,,,,,,,,,,,,,,,,,,,176,,,,,,,
230248,,,,,,,,,,,,,,,,,,,,,,108,,,,,,,
230418,,,,,,,,,,,,,,,,,,,,,,142,,,,,,,
230778,,,,,,,,,,,,,,,,,,,,,,133,,,,,,,
230857,,,,,,,,,,,,,,,,,,,,,,175,,,,,,,
230995,51900,53400,52800,51500,51100,70000,1.2e+06,1.2e+06,1.2e+06,1.2e+06,1.596e+06,1.596e+06,,,,,,,,,,,8.8264e+06,79.4118,86,62.7451,35,62,64.3564
231123,,,,,,,,,,,,,,,,,,,,,,109,,,,,,,
231289,,,,,,,,,,,,,,,,,,,,,,170,,,,,,,
231325,,,,,,,,,,,,,,,,,,,,,,177,,,,,,,
231529,,,,,,,,,,,,,,,,,,,,,,125,,,,,,,
231708,,,,,,,,,,,,,,,,,,,,,,111,,,,,,,
231969,,,,,,,,,,,,,,,,,,,,,,176,,,,,,,
231995,52100,53800,52800,51300,51100,70000,1.2e+06,1.2e+06,1.2e+06,1.2e+06,1.596e+06,1.596e+06,,,,,,,,,,,8.1408e+06,82.1782,84.8485,58,37.6238,58.5859,59.1837
232030,,,,,,,,,,,,,,,,,,,,,,143,,,,,,,
232385,,,,,,,,,,,,,,,,,,,,,,109,,,,,,,
232400,,,,,,,,,,,,,,,,,,,,,,134,,,,,,,
232406,,,,,,,,,,,,,,,,,,,,,,171,,,,,,,
232435,,,,,,,,,,,,,,,,,,,,,,178,,,,,,,
232748,,,,,,,,,,,,,,,,,,,,,,90,,,,,,,
232785,,,,,,,,,,,,,,,,,,,,,,110,,,,,,,
233007,52100,53800,52800,51300,51500,70000,1.2e+06,1.2e+06,1.2e+06,1.2e+06,1.596e+06,1.596e+06,,,,,,,,,,,9.0844e+06,81.3725,86.1386,56.8627,30.6931,58.4158,58
233081,,,,,,,,,,,,,,,,,,,,,,177,,,,,,,
233165,,,,,,,,,,,,,,,,,,,,,,144,,,,,,,
233165,,,,,,,,,,,,,,,,,,,,,,126,,,,,,,
233248,,,,,,,,,,,,,,66.02,60.46,,,,,,,,,,,,,,
233524,,,,,,,,,,,,,,,,,,,,,,172,,,,,,,
233844,,,,,,,,,,,,,,,,,,,,,,112,,,,,,,
233985,,,,,,,,,,,,,,,,,,,,,,179,,,,,,,
233995,52100,53600,52800,51500,51300,70000,1.2e+06,1.2e+06,1.2e+06,1.2e+06,1.596e+06,1.596e+06,,,,,,,,,,,8.8664e+06,83.8384,85.567,55.5556,30.303,60.8247,60.6061
234023,,,,,,,,,,,,,,,,,,,,,,135,,,,,,,
234524,,,,,,,,,,,,,,,,,,,,,,110,,,,,,,
234639,,,,,,,,,,,,,,,,,,,,,,178,,,,,,,
234777,,,,,,,,,,,,,,,,,,,,,,145,,,,,,,
234924,,,,,,,,,,,,,,,,,,,,,,111,,,,,,,
234928,,,,,,,,,,,,,,,,,,,,,,91,,,,,,,
234995,52100,54200,53000,51300,51300,70000,1.2e+06,1.2e+06,1.2e+06,1.2e+06,1.596e+06,1.596e+06,,,,,,,,,,,7.9286e+06,80.5825,88.8889,61.6162,34.9515,60.1942,58.1633
235089,,,,,,,,,,,,,,,,,,,,,,173,,,,,,,
235097,,,,,,,,,,,,,,,,,,,,,,180,,,,,,,
235274,,,,,,,,,,,,,,,,,,,,,,127,,,,,,,
235611,,,,,,,,,,,,,24.085,,,,,,,,,,,,,,,,
235645,,,,,,,,,,,,,,,,,,,,,,136,,,,,,,
235750,,,,,,,,,,,,,,,,,,,,,,179,,,,,,,
235980,,,,,,,,,,,,,,,,,,,,,,113,,,,,,,
235995,51900,53800,52800,51700,51100,70000,1.2e+06,1.2e+06,1.2e+06,1.2e+06,1.596e+06,1.596e+06,,,,,,,,,,,7.8776e+06,80.8081,85.1485,61.3861,34.6939,56.1224,58
236183,,,,,,,,,,,,,,,,,,,,,,111,,,,,,,
236206,,,,,,,,,,,,,,,,,,,,,,174,,,,,,,
236207,,,,,,,,,,,,,,,,,,,,,,181,,,,,,,
236389,,,,,,,,,,,,,,,,,,,,,,146,,,,,,,
236861,,,,,,,,,,,,,,,,,,,,,,180,,,,,,,
236911,,,,,,,,,,,,,,,,,,,,,,128,,,,,,,
236995,52300,53800,53200,51500,51500,70000,1.2e+06,1.2e+06,1.2e+06,1.2e+06,1.596e+06,1.596e+06,,,,,,,,,,,8.5232e+06,80.3922,89.7959,63,35,61.7647,63
237064,,,,,,,,,,,,,,,,,,,,,,112,,,,,,,
237266,,,,,,,,,,,,,,,,,,,,,,137,,,,,,,
237596,,,,,,,,,,,,,,,,,,,,,,92,,,,,,,
237638,,,,,,,,,,,,,,,,,,,,,,114,,,,,,,
237758,,,,,,,,,,,,,,,,,,,,,,182,,,,,,,
237770,,,,,,,,,,,,,,,,,,,,,,175,,,,,,,
237995,52500,53800,53400,51700,51300,70000,1.2e+06,1.2e+06,1.2e+06,1.2e+06,1.596e+06,1.596e+06,,,,,,,,,,,8.446e+06,80,84.8485,61,36,60.6061,62
238002,,,,,,,,,,,,,,,,,,,,,,147,,,,,,,
238320,,,,,,,,,,,,,,,,,,,,,,112,,,,,,,
238419,,,,,,,,,,,,,,,,,,,,,,181,,,,,,,
238547,,,,,,,,,,,,,,,,,,,,,,129,,,,,,,
238725,,,,,,,,,,,,,,,,,,,,,,113,,,,,,,
238868,,,,,,,,,,,,,,,,,,,,,,183,,,,,,,
238887,,,,,,,,,,,,,,,,,,,,,,176,,,,,,,
238888,,,,,,,,,,,,,,,,,,,,,,138,,,,,,,
238996,52500,54400,53400,51700,51300,70000,1.2e+06,1.2e+06,1.2e+06,1.2e+06,1.596e+06,1.596e+06,,,,,,,,,,,9.0666e+06,83.3333,86.1386,57.8431,35.6436,60.6061,60.6061
239531,,,,,,,,,,,,,,,,,,,,,,182,,,,,,,
239614,,,,,,,,,,,,,,,,,,,,,,148,,,,,,,
239774,,,,,,,,,,,,,,,,,,,,,,115,,,,,,,
239778,,,,,,,,,,,,,,,,,,,,,,93,,,,,,,
239983,,,,,,,,,,,,,,,,,,,,,,184,,,,,,,
239996,52300,54200,53000,51700,51300,70000,1.2e+06,1.2e+06,1.2e+06,1.2e+06,1.596e+06,1.596e+06,,,,,,,,,,,8.4636e+06,81.1881,85.7143,56.5657,27.2727,56.5657,57.5758
240007,,,,,,,,,,,,,,,,,,,,,,177,,,,,,,
240460,,,,,,,,,,,,,,,,,,,,,,113,,,,,,,
240642,,,,,,,,,,,,,,,,,,,,,,183,,,,,,,
240864,,,,,,,,,,,,,,,,,,,,,,114,,,,,,,
241003,52300,54400,53200,51500,51100,70000,1.2e+06,1.2e+06,1.2e+06,1.2e+06,1.596e+06,1.596e+06,,,,,,,,,,,8.3752e+06,82.1782,86,55.8824,29,59.2233,59.596
241004,,,,,,,,,,,,,,,,,,,,,,139,,,,,,,
241227,,,,,,,,,,,,,,,,,,,,,,149,,,,,,,
241432,,,,,,,,,,,,,,,,,,,,,,116,,,,,,,
241537,,,,,,,,,,,,,,,,,,,,,,185,,,,,,,
241575,,,,,,,,,,,,,,,,,,,,,,178,,,,,,,
241961,,,,,,,,,,,,,,,,,,,,,,94,,,,,,,
241995,52300,54000,53200,51300,51300,70000,1.2e+06,1.2e+06,1.2e+06,1.2e+06,1.596e+06,1.596e+06,,,,,,,,,,,9.5786e+06,80.8081,87.8788,63.2653,33.3333,59.1837,57.5758
242127,,,,,,,,,,,,,,,,,,,,,,114,,,,,,,
242199,,,,,,,,,,,,,,,,,,,,,,184,,,,,,,
242292,,,,,,,,,,,,,,,,,,,,,,131,,,,,,,
242629,,,,,,,,,,,,,,,,,,,,,,140,,,,,,,
242652,,,,,,,,,,,,,,,,,,,,,,186,,,,,,,
242693,,,,,,,,,,,,,,,,,,,,,,179,,,,,,,
242839,,,,,,,,,,,,,,,,,,,,,,150,,,,,,,
243003,52300,53400,53000,51700,51300,70000,1.2e+06,1.2e+06,1.2e+06,1.2e+06,1.596e+06,1.596e+06,,,,,,,,,,,9.0314e+06,80.5825,86,58.8235,36.6337,56,59
243004,,,,,,,,,,,,,,,,,,,,,,115,,,,,,,
243427,,,,,,,,,,,,,,66.14,60.38,,,,,,,,,,,,,,
243568,,,,,,,,,,,,,,,,,,,,,,117,,,,,,,
243761,,,,,,,,,,,,,,,,,,,,,,187,,,,,,,
243929,,,,,,,,,,,,,,,,,,,,,,132,,,,,,,
243995,52600,54600,53600,51700,51900,70000,1.2e+06,1.2e+06,1.2e+06,1.2e+06,1.596e+06,1.596e+06,,,,,,,,,,,8.5366e+06,79.798,88.8889,63.6364,38.3838,63.6364,63.6364
244251,,,,,,,,,,,,,,,,,,,,,,141,,,,,,,
244255,,,,,,,,,,,,,,,,,,,,,,180,,,,,,,
244266,,,,,,,,,,,,,,,,,,,,,,115,,,,,,,
244423,,,,,,,,,,,,,,,,,,,,,,186,,,,,,,
244451,,,,,,,,,,,,,,,,,,,,,,151,,,,,,,
244632,,,,,,,,,,,,,,,,,,,,,,95,,,,,,,
244665,,,,,,,,,,,,,,,,,,,,,,116,,,,,,,
244872,,,,,,,,,,,,,,,,,,,,,,188,,,,,,,
244996,52800,54400,53600,51900,51500,70000,1.2e+06,1.2e+06,1.2e+06,1.2e+06,1.596e+06,1.596e+06,,,,,,,,,,,8.8626e+06,79.2079,85.8586,58,39.2157,59,59.596
245373,,,,,,,,,,,,,,,,,,,,,,181,,,,,,,
245566,,,,,,,,,,,,,,,,,,,,,,133,,,,,,,
245685,,,,,,,,,,,,,24.075,,,,,,,,,,,,,,,,
245705,,,,,,,,,,,,,,,,,,,,,,118,,,,,,,
245980,,,,,,,,,,,,,,,,,,,,,,187,,,,,,,
245995,52500,54200,53600,51900,51900,70000,1.2e+06,1.2e+06,1.2e+06,1.2e+06,1.596e+06,1.596e+06,,,,,,,,,,,8.0094e+06,84.3137,85.7143,58,33.3333,60.6061,60.6061
246064,,,,,,,,,,,,,,,,,,,,,,152,,,,,,,
246404,,,,,,,,,,,,,,,,,,,,,,116,,,,,,,
246423,,,,,,,,,,,,,,,,,,,,,,189,,,,,,,
246804,,,,,,,,,,,,,,,,,,,,,,117,,,,,,,
246814,,,,,,,,,,,,,,,,,,,,,,96,,,,,,,
246996,52600,54600,53600,51900,51500,70000,1.2e+06,1.2e+06,1.2e+06,1.2e+06,1.596e+06,1.596e+06,,,,,,,,,,,9.031e+06,82.8283,85,57,27.2727,59.4059,60.2041
247092,,,,,,,,,,,,,,,,,,,,,,188,,,,,,,
247198,,,,,,,,,,,,,,,,,,,,,,153,,,,,,,
247204,,,,,,,,,,,,,,,,,,,,,,134,,,,,,,
247362,,,,,,,,,,,,,,,,,,,,,,119,,,,,,,
247494,,,,,,,,,,,,,,,,,,,,,,143,,,,,,,
247533,,,,,,,,,,,,,,,,,,,,,,190,,,,,,,
247995,52600,54600,53400,51900,51500,70000,1.2e+06,1.2e+06,1.2e+06,1.2e+06,1.596e+06,1.596e+06,,,,,,,,,,,8.9298e+06,81.1881,87,58.4158,28.5714,57.5758,58
248056,,,,,,,,,,,,,,,,,,,,,,183,,,,,,,
248064,,,,,,,,,,,,,,,,,,,,,,117,,,,,,,
248205,,,,,,,,,,,,,,,,,,,,,,189,,,,,,,
248643,,,,,,,,,,,,,,,,,,,,,,191,,,,,,,
248810,,,,,,,,,,,,,,,,,,,,,,154,,,,,,,
248943,,,,,,,,,,,,,,,,,,,,,,118,,,,,,,
248996,52600,53600,53400,51900,51500,70000,1.2e+06,1.2e+06,1.2e+06,1.2e+06,1.596e+06,1.596e+06,,,,,,,,,,,9.6662e+06,79,86.8687,64.3564,36,57.5758,57.1429
249116,,,,,,,,,,,,,,,,,,,,,,144,,,,,,,
249173,,,,,,,,,,,,,,,,,,,,,,184,,,,,,,
249312,,,,,,,,,,,,,,,,,,,,,,135,,,,,,,
249480,,,,,,,,,,,,,,,,,,,,,,97,,,,,,,
249498,,,,,,,,,,,,,,,,,,,,,,120,,,,,,,
249764,,,,,,,,,,,,,,,,,,,,,,190,,,,,,,
249995,52600,53800,53600,51900,51700,70000,1.2e+06,1.2e+06,1.2e+06,1.2e+06,1.596e+06,1.596e+06,,,,,,,,,,,9.5864e+06,80.5825,87.7551,57.4257,35.7143,58,59.596
250194,,,,,,,,,,,,,,,,,,,,,,192,,,,,,,
250203,,,,,,,,,,,,,,,,,,,,,,118,,,,,,,
250423,,,,,,,,,,,,,,,,,,,,,,155,,,,,,,
250604,,,,,,,,,,,,,,,,,,,,,,119,,,,,,,
250737,,,,,,,,,,,,,,,,,,,,,,185,,,,,,,
250738,,,,,,,,,,,,,,,,,,,,,,145,,,,,,,
250875,,,,,,,,,,,,,,,,,,,,,,191,,,,,,,
250948,,,,,,,,,,,,,,,,,,,,,,136,,,,,,,
250995,52600,54800,53600,52100,51500,70000,1.2e+06,1.2e+06,1.2e+06,1.2e+06,1.596e+06,1.596e+06,,,,,,,,,,,8.5002e+06,79.2079,88,65,35.3535,63,65
251303,,,,,,,,,,,,,,,,,,,,,,193,,,,,,,
251634,,,,,,,,,,,,,,,,,,,,,,121,,,,,,,
251661,,,,,,,,,,,,,,,,,,,,,,98,,,,,,,
251856,,,,,,,,,,,,,,,,,,,,,,186,,,,,,,
251988,,,,,,,,,,,,,,,,,,,,,,192,,,,,,,
251995,52800,54600,53600,51900,51500,70000,1.2e+06,1.2e+06,1.2e+06,1.2e+06,1.596e+06,1.596e+06,,,,,,,,,,,8.7438e+06,80.198,84.8485,57.4257,35,57,58
252035,,,,,,,,,,,,,,,,,,,,,,156,,,,,,,
252342,,,,,,,,,,,,,,,,,,,,,,119,,,,,,,
252366,,,,,,,,,,,,,,,,,,,,,,146,,,,,,,
252413,,,,,,,,,,,,,,,,,,,,,,194,,,,,,,
252584,,,,,,,,,,,,,,,,,,,,,,137,,,,,,,
252743,,,,,,,,,,,,,,,,,,,,,,120,,,,,,,
252995,52600,55000,53400,51500,51500,70000,1.2e+06,1.2e+06,1.2e+06,1.2e+06,1.596e+06,1.596e+06,,,,,,,,,,,9.038e+06,83.1683,86,57,32,59.596,59.596
253292,,,,,,,,,,,,,,,,,,,,,,122,,,,,,,
253420,,,,,,,,,,,,,,,,,,,,,,187,,,,,,,
253546,,,,,,,,,,,,,,,,,,,,,,193,,,,,,,
253564,,,,,,,,,,,,,,66.09,60.41,,,,,,,,,,,,,,
253647,,,,,,,,,,,,,,,,,,,,,,157,,,,,,,
253840,,,,,,,,,,,,,,,,,,,,,,99,,,,,,,
253969,,,,,,,,,,,,,,,,,,,,,,195,,,,,,,
253996,52600,54600,53600,52100,51700,70000,1.2e+06,1.2e+06,1.2e+06,1.2e+06,1.596e+06,1.596e+06,,,,,,,,,,,8.82e+06,83.6735,85.8586,56.5657,26.5306,62.3762,61
253998,,,,,,,,,,,,,,,,,,,,,,147,,,,,,,
254007,,,,,,,,,,,,,,,,,,,,,,120,,,,,,,
254220,,,,,,,,,,,,,,,,,,,,,,138,,,,,,,
254540,,,,,,,,,,,,,,,,,,,,,,188,,,,,,,
254658,,,,,,,,,,,,,,,,,,,,,,194,,,,,,,
254882,,,,,,,,,,,,,,,,,,,,,,121,,,,,,,
254995,52600,55000,53600,51900,51700,70000,1.2e+06,1.2e+06,1.2e+06,1.2e+06,1.596e+06,1.596e+06,,,,,,,,,,,9.0552e+06,80.5825,88.8889,59.596,33.6634,58.5859,58.1633
255081,,,,,,,,,,,,,,,,,,,,,,196,,,,,,,
255260,,,,,,,,,,,,,,,,,,,,,,158,,,,,,,
255428,,,,,,,,,,,,,,,,,,,,,,123,,,,,,,
255619,,,,,,,,,,,,,,,,,,,,,,148,,,,,,,
255657,,,,,,,,,,,,,,,,,,,,,,189,,,,,,,
255753,,,,,,,,,,,,,24.085,,,,,,,,,,,,,,,,
255996,52600,53800,53600,51900,51700,70000,1.2e+06,1.2e+06,1.2e+06,1.2e+06,1.596e+06,1.596e+06,,,,,,,,,,,9.2084e+06,80,85,62.7451,34.6939,56,58
256145,,,,,,,,,,,,,,,,,,,,,,121,,,,,,,
256194,,,,,,,,,,,,,,,,,,,,,,197,,,,,,,
256223,,,,,,,,,,,,,,,,,,,,,,195,,,,,,,
256510,,,,,,,,,,,,,,,,,,,,,,100,,,,,,,
256543,,,,,,,,,,,,,,,,,,,,,,122,,,,,,,
256872,,,,,,,,,,,,,,,,,,,,,,159,,,,,,,
256995,53000,54000,53600,51900,51900,70000,1.2e+06,1.2e+06,1.2e+06,1.2e+06,1.596e+06,1.596e+06,,,,,,,,,,,8.277e+06,80.198,89.899,59,36.6337,60,60.2041
257086,,,,,,,,,,,,,,,,,,,,,,124,,,,,,,
257222,,,,,,,,,,,,,,,,,,,,,,190,,,,,,,
257241,,,,,,,,,,,,,,,,,,,,,,149,,,,,,,
257326,,,,,,,,,,,,,,,,,,,,,,196,,,,,,,
257745,,,,,,,,,,,,,,,,,,,,,,198,,,,,,,
257965,,,,,,,,,,,,,,,,,,,,,,140,,,,,,,
257995,53000,55000,54000,52300,51700,70000,1.2e+06,1.2e+06,1.2e+06,1.2e+06,1.596e+06,1.596e+06,,,,,,,,,,,8.6548e+06,80.198,85,62.6263,36.3636,63,64
258285,,,,,,,,,,,,,,,,,,,,,,122,,,,,,,
258341,,,,,,,,,,,,,,,,,,,,,,191,,,,,,,
258437,,,,,,,,,,,,,,,,,,,,,,197,,,,,,,
258484,,,,,,,,,,,,,,,,,,,,,,160,,,,,,,
258682,,,,,,,,,,,,,,,,,,,,,,123,,,,,,,
258692,,,,,,,,,,,,,,,,,,,,,,101,,,,,,,
258859,,,,,,,,,,,,,,,,,,,,,,199,,,,,,,
258868,,,,,,,,,,,,,,,,,,,,,,150,,,,,,,
258995,52800,54800,53800,52100,51700,70000,1.2e+06,1.2e+06,1.2e+06,1.2e+06,1.596e+06,1.596e+06,,,,,,,,,,,9.1254e+06,82.1782,85.8586,57.8431,36,58.5859,59.596
259222,,,,,,,,,,,,,,,,,,,,,,125,,,,,,,
259601,,,,,,,,,,,,,,,,,,,,,,141,,,,,,,
259618,,,,,,,,,,,,,,,,,,,,,,161,,,,,,,
259904,,,,,,,,,,,,,,,,,,,,,,192,,,,,,,
259946,,,,,,,,,,,,,,,,,,,,,,123,,,,,,,
259968,,,,,,,,,,,,,,,,,,,,,,200,,,,,,,
260003,52800,54200,53600,52300,51900,70000,1.2e+06,1.2e+06,1.2e+06,1.2e+06,1.596e+06,1.596e+06,,,,,,,,,,,8.3728e+06,81.5534,86,56.4356,30.6931,58.4158,58
260006,,,,,,,,,,,,,,,,,,,,,,198,,,,,,,
260490,,,,,,,,,,,,,,,,,,,,,,151,,,,,,,
260821,,,,,,,,,,,,,,,,,,,,,,124,,,,,,,
260995,53000,54400,54000,52300,51900,70000,1.2e+06,1.2e+06,1.2e+06,1.2e+06,1.596e+06,1.596e+06,,,,,,,,,,,9.3078e+06,82.6531,84.8485,56,28,58.5859,60.2041
261021,,,,,,,,,,,,,,,,,,,,,,193,,,,,,,
261107,,,,,,,,,,,,,,,,,,,,,,199,,,,,,,
261230,,,,,,,,,,,,,,,,,,,,,,162,,,,,,,
261237,,,,,,,,,,,,,,,,,,,,,,142,,,,,,,
261357,,,,,,,,,,,,,,,,,,,,,,126,,,,,,,
261359,,,,,,,,,,,,,,,,,,,,,,102,,,,,,,
261521,,,,,,,,,,,,,,,,,,,,,,201,,,,,,,
261995,53200,55000,54000,52500,51900,70000,1.2e+06,1.2e+06,1.2e+06,1.2e+06,1.596e+06,1.596e+06,,,,,,,,,,,8.9284e+06,80.198,88.7755,62,32.6531,59.596,57.5758
262140,,,,,,,,,,,,,,,,,,,,,,194,,,,,,,
262219,,,,,,,,,,,,,,,,,,,,,,200,,,,,,,
262483,,,,,,,,,,,,,,,,,,,,,,125,,,,,,,
262595,,,,,,,,,,,,,,,,,,,,,,152,,,,,,,
262633,,,,,,,,,,,,,,,,,,,,,,202,,,,,,,
262844,,,,,,,,,,,,,,,,,,,,,,163,,,,,,,
262995,53000,54200,54000,52300,51900,70000,1.2e+06,1.2e+06,1.2e+06,1.2e+06,1.596e+06,1.596e+06,,,,,,,,,,,8.8388e+06,80.3922,86,60,35.7143,56,59
263346,,,,,,,,,,,,,,,,,,,,,,143,,,,,,,
263544,,,,,,,,,,,,,,,,,,,,,,103,,,,,,,
263698,,,,,,,,,,,,,,66.23,60.62,,,,,,,,,,,,,,
263704,,,,,,,,,,,,,,,,,,,,,,195,,,,,,,
263747,,,,,,,,,,,,,,,,,,,,,,203,,,,,,,
263783,,,,,,,,,,,,,,,,,,,,,,201,,,,,,,
263995,53200,54200,54000,52500,52300,70000,1.2e+06,1.2e+06,1.2e+06,1.2e+06,1.596e+06,1.596e+06,,,,,,,,,,,9.4066e+06,80.198,89,61.3861,39.3939,61.2245,62
264230,,,,,,,,,,,,,,,,,,,,,,153,,,,,,,
264239,,,,,,,,,,,,,,,,,,,,,,125,,,,,,,
264456,,,,,,,,,,,,,,,,,,,,,,164,,,,,,,
264622,,,,,,,,,,,,,,,,,,,,,,126,,,,,,,
264822,,,,,,,,,,,,,,,,,,,,,,196,,,,,,,
264888,,,,,,,,,,,,,,,,,,,,,,202,,,,,,,
264982,,,,,,,,,,,,,,,,,,,,,,144,,,,,,,
264995,52800,54400,54000,52300,52300,70000,1.2e+06,1.2e+06,1.2e+06,1.2e+06,1.596e+06,1.596e+06,,,,,,,,,,,9.1404e+06,79.2079,85.7143,61,36,60,61.6162
265152,,,,,,,,,,,,,,,,,,,,,,128,,,,,,,
265297,,,,,,,,,,,,,,,,,,,,,,204,,,,,,,
265821,,,,,,,,,,,,,24.085,,,,,,,,,,,,,,,,
265995,53000,55000,54000,52100,52300,70000,1.2e+06,1.2e+06,1.2e+06,1.2e+06,1.596e+06,1.596e+06,,,,,,,,,,,7.9028e+06,84,86.1386,57.4257,36,61.3861,60.2041
265999,,,,,,,,,,,,,,,,,,,,,,203,,,,,,,
266069,,,,,,,,,,,,,,,,,,,,,,165,,,,,,,
266215,,,,,,,,,,,,,,,,,,,,,,104,,,,,,,
266378,,,,,,,,,,,,,,,,,,,,,,126,,,,,,,
266384,,,,,,,,,,,,,,,,,,,,,,197,,,,,,,
266406,,,,,,,,,,,,,,,,,,,,,,205,,,,,,,
266618,,,,,,,,,,,,,,,,,,,,,,145,,,,,,,
266761,,,,,,,,,,,,,,,,,,,,,,127,,,,,,,
266810,,,,,,,,,,,,,,,,,,,,,,129,,,,,,,
266995,53200,54600,54000,52500,52100,70000,1.2e+06,1.2e+06,1.2e+06,1.2e+06,1.596e+06,1.596e+06,,,,,,,,,,,8.0158e+06,81.1881,84.8485,57,28.2828,57.4257,58.5859
267474,,,,,,,,,,,,,,,,,,,,,,155,,,,,,,
267501,,,,,,,,,,,,,,,,,,,,,,198,,,,,,,
267516,,,,,,,,,,,,,,,,,,,,,,206,,,,,,,
267559,,,,,,,,,,,,,,,,,,,,,,204,,,,,,,
267681,,,,,,,,,,,,,,,,,,,,,,166,,,,,,,
268003,53200,54800,54200,52300,52100,70000,1.2e+06,1.2e+06,1.2e+06,1.2e+06,1.596e+06,1.596e+06,,,,,,,,,,,9.3158e+06,82.3529,85.8586,56,29.703,59,59
268037,,,,,,,,,,,,,,,,,,,,,,127,,,,,,,
268254,,,,,,,,,,,,,,,,,,,,,,146,,,,,,,
268397,,,,,,,,,,,,,,,,,,,,,,105,,,,,,,
268422,,,,,,,,,,,,,,,,,,,,,,128,,,,,,,
268618,,,,,,,,,,,,,,,,,,,,,,199,,,,,,,
268625,,,,,,,,,,,,,,,,,,,,,,207,,,,,,,
268669,,,,,,,,,,,,,,,,,,,,,,205,,,,,,,
268946,,,,,,,,,,,,,,,,,,,,,,130,,,,,,,
268996,53200,55000,54200,52300,52100,70000,1.2e+06,1.2e+06,1.2e+06,1.2e+06,1.596e+06,1.596e+06,,,,,,,,,,,8.9468e+06,80,88,64,34.3434,59.596,58.5859
269096,,,,,,,,,,,,,,,,,,,,,,156,,,,,,,
269293,,,,,,,,,,,,,,,,,,,,,,167,,,,,,,
269780,,,,,,,,,,,,,,,,,,,,,,206,,,,,,,
269890,,,,,,,,,,,,,,,,,,,,,,147,,,,,,,
270003,53000,54400,54000,52500,51900,70000,1.2e+06,1.2e+06,1.2e+06,1.2e+06,1.596e+06,1.596e+06,,,,,,,,,,,7.8844e+06,81.3725,86,58,36,55.4455,58
270176,,,,,,,,,,,,,,,,,,,,,,128,,,,,,,
270181,,,,,,,,,,,,,,,,,,,,,,208,,,,,,,
270182,,,,,,,,,,,,,,,,,,,,,,200,,,,,,,
270560,,,,,,,,,,,,,,,,,,,,,,129,,,,,,,
270580,,,,,,,,,,,,,,,,,,,,,,106,,,,,,,
270723,,,,,,,,,,,,,,,,,,,,,,157,,,,,,,
270905,,,,,,,,,,,,,,,,,,,,,,168,,,,,,,
270995,53400,55000,54000,52500,52300,70000,1.2e+06,1.2e+06,1.2e+06,1.2e+06,1.596e+06,1.596e+06,,,,,,,,,,,8.7714e+06,79.2079,89.6907,63,38.6139,63.6364,64.6465
271083,,,,,,,,,,,,,,,,,,,,,,131,,,,,,,
271291,,,,,,,,,,,,,,,,,,,,,,209,,,,,,,
271302,,,,,,,,,,,,,,,,,,,,,,201,,,,,,,
271343,,,,,,,,,,,,,,,,,,,,,,207,,,,,,,
271995,53000,54600,54000,52300,52100,70000,1.2e+06,1.2e+06,1.2e+06,1.2e+06,1.596e+06,1.596e+06,,,,,,,,,,,8.6508e+06,79,85.1485,58.4158,34.6939,58.4158,59.596
272039,,,,,,,,,,,,,,,,,,,,,,169,,,,,,,
272318,,,,,,,,,,,,,,,,,,,,,,129,,,,,,,
272345,,,,,,,,,,,,,,,,,,,,,,158,,,,,,,
272401,,,,,,,,,,,,,,,,,,,,,,210,,,,,,,
272448,,,,,,,,,,,,,,,,,,,,,,208,,,,,,,
272700,,,,,,,,,,,,,,,,,,,,,,130,,,,,,,
272741,,,,,,,,,,,,,,,,,,,,,,132,,,,,,,
272865,,,,,,,,,,,,,,,,,,,,,,202,,,,,,,
272995,53000,54800,54000,52500,52300,70000,1.2e+06,1.2e+06,1.2e+06,1.2e+06,1.596e+06,1.596e+06,,,,,,,,,,,9.225e+06,84.3137,85.7143,58.4158,33,61,60.2041
273248,,,,,,,,,,,,,,,,,,,,,,107,,,,,,,
273560,,,,,,,,,,,,,,,,,,,,,,209,,,,,,,
273636,,,,,,,,,,,,,,,,,,,,,,149,,,,,,,
273652,,,,,,,,,,,,,,,,,,,,,,170,,,,,,,
273841,,,,,,,,,,,,,,66.23,60.46,,,,,,,,,,,,,,
273954,,,,,,,,,,,,,,,,,,,,,,211,,,,,,,
273967,,,,,,,,,,,,,,,,,,,,,,159,,,,,,,
273979,,,,,,,,,,,,,,,,,,,,,,130,,,,,,,
273984,,,,,,,,,,,,,,,,,,,,,,203,,,,,,,
273996,53400,54600,54200,52600,52100,70000,1.2e+06,1.2e+06,1.2e+06,1.2e+06,1.596e+06,1.596e+06,,,,,,,,,,,9.2206e+06,83.1683,84.8485,56,33.6735,60,60
274361,,,,,,,,,,,,,,,,,,,,,,131,,,,,,,
274878,,,,,,,,,,,,,,,,,,,,,,133,,,,,,,
274995,53200,55400,54000,52500,52100,70000,1.2e+06,1.2e+06,1.2e+06,1.2e+06,1.596e+06,1.596e+06,,,,,,,,,,,8.703e+06,81,88,58,29.703,58,59
275066,,,,,,,,,,,,,,,,,,,,,,212,,,,,,,
275119,,,,,,,,,,,,,,,,,,,,,,210,,,,,,,
275264,,,,,,,,,,,,,,,,,,,,,,171,,,,,,,
275272,,,,,,,,,,,,,,,,,,,,,,150,,,,,,,
275431,,,,,,,,,,,,,,,,,,,,,,108,,,,,,,
275563,,,,,,,,,,,,,,,,,,,,,,204,,,,,,,
275589,,,,,,,,,,,,,,,,,,,,,,160,,,,,,,
275888,,,,,,,,,,,,,24.075,,,,,,,,,,,,,,,,
275995,53200,55000,54400,52600,51900,70000,1.2e+06,1.2e+06,1.2e+06,1.2e+06,1.596e+06,1.596e+06,,,,,,,,,,,8.1154e+06,79.2079,87,64.0777,36,57.5758,56.5657
276120,,,,,,,,,,,,,,,,,,,,,,131,,,,,,,
276178,,,,,,,,,,,,,,,,,,,,,,213,,,,,,,
276230,,,,,,,,,,,,,,,,,,,,,,211,,,,,,,
276501,,,,,,,,,,,,,,,,,,,,,,132,,,,,,,
276673,,,,,,,,,,,,,,,,,,,,,,205,,,,,,,
276876,,,,,,,,,,,,,,,,,,,,,,172,,,,,,,
276909,,,,,,,,,,,,,,,,,,,,,,151,,,,,,,
276995,53400,54600,54000,52500,52100,70000,1.2e+06,1.2e+06,1.2e+06,1.2e+06,1.596e+06,1.596e+06,,,,,,,,,,,9.0056e+06,81,87.7551,57.5758,35.3535,58.4158,59.596
277015,,,,,,,,,,,,,,,,,,,,,,134,,,,,,,
277214,,,,,,,,,,,,,,,,,,,,,,161,,,,,,,
277341,,,,,,,,,,,,,,,,,,,,,,212,,,,,,,
277730,,,,,,,,,,,,,,,,,,,,,,214,,,,,,,
277792,,,,,,,,,,,,,,,,,,,,,,206,,,,,,,
277995,53400,55400,54400,52500,52100,70000,1.2e+06,1.2e+06,1.2e+06,1.2e+06,1.596e+06,1.596e+06,,,,,,,,,,,8.5282e+06,79.6117,87,64,34.6939,64,65
278100,,,,,,,,,,,,,,,,,,,,,,109,,,,,,,
278261,,,,,,,,,,,,,,,,,,,,,,132,,,,,,,
278489,,,,,,,,,,,,,,,,,,,,,,173,,,,,,,
278640,,,,,,,,,,,,,,,,,,,,,,133,,,,,,,
278674,,,,,,,,,,,,,,,,,,,,,,135,,,,,,,
278840,,,,,,,,,,,,,,,,,,,,,,215,,,,,,,
278840,,,,,,,,,,,,,,,,,,,,,,162,,,,,,,
278899,,,,,,,,,,,,,,,,,,,,,,213,,,,,,,
278995,53600,55400,54400,52600,52500,70000,1.2e+06,1.2e+06,1.2e+06,1.2e+06,1.596e+06,1.596e+06,,,,,,,,,,,8.5662e+06,81,86,57.8431,36,57,58.5859
279018,,,,,,,,,,,,,,,,,,,,,,152,,,,,,,
279356,,,,,,,,,,,,,,,,,,,,,,207,,,,,,,
279924,,,,,,,,,,,,,,,,,,,,,,133,,,,,,,
279951,,,,,,,,,,,,,,,,,,,,,,216,,,,,,,
279995,53400,55000,54200,52600,52100,70000,1.2e+06,1.2e+06,1.2e+06,1.2e+06,1.596e+06,1.596e+06,,,,,,,,,,,8.9622e+06,83.3333,85.7143,56.5657,32.6733,60,59.596
280011,,,,,,,,,,,,,,,,,,,,,,214,,,,,,,
280101,,,,,,,,,,,,,,,,,,,,,,174,,,,,,,
280289,,,,,,,,,,,,,,,,,,,,,,110,,,,,,,
280301,,,,,,,,,,,,,,,,,,,,,,134,,,,,,,
280462,,,,,,,,,,,,,,,,,,,,,,163,,,,,,,
280655,,,,,,,,,,,,,,,,,,,,,,153,,,,,,,
280995,53600,55400,54400,52600,52600,70000,1.2e+06,1.2e+06,1.2e+06,1.2e+06,1.596e+06,1.596e+06,,,,,,,,,,,7.912e+06,83.1683,85.1485,56.4356,29.703,60,60.6061
281123,,,,,,,,,,,,,,,,,,,,,,215,,,,,,,
281502,,,,,,,,,,,,,,,,,,,,,,217,,,,,,,
281713,,,,,,,,,,,,,,,,,,,,,,175,,,,,,,
281995,53400,55400,54400,52600,52500,70000,1.2e+06,1.2e+06,1.2e+06,1.2e+06,1.596e+06,1.596e+06,,,,,,,,,,,9.1216e+06,79.798,88.7755,60.7843,30.303,59.1837,58
282041,,,,,,,,,,,,,,,,,,,,,,209,,,,,,,
282063,,,,,,,,,,,,,,,,,,,,,,134,,,,,,,
282086,,,,,,,,,,,,,,,,,,,,,,164,,,,,,,
282292,,,,,,,,,,,,,,,,,,,,,,154,,,,,,,
282440,,,,,,,,,,,,,,,,,,,,,,135,,,,,,,
282468,,,,,,,,,,,,,,,,,,,,,,137,,,,,,,
282612,,,,,,,,,,,,,,,,,,,,,,218,,,,,,,
282681,,,,,,,,,,,,,,,,,,,,,,216,,,,,,,
282956,,,,,,,,,,,,,,,,,,,,,,111,,,,,,,
282995,53400,54600,54400,52600,52300,70000,1.2e+06,1.2e+06,1.2e+06,1.2e+06,1.596e+06,1.596e+06,,,,,,,,,,,8.9872e+06,80.5825,85.8586,62.3762,35.3535,55,58.1633
283160,,,,,,,,,,,,,,,,,,,,,,210,,,,,,,
283325,,,,,,,,,,,,,,,,,,,,,,176,,,,,,,
283709,,,,,,,,,,,,,,,,,,,,,,165,,,,,,,
283722,,,,,,,,,,,,,,,,,,,,,,219,,,,,,,
283794,,,,,,,,,,,,,,,,,,,,,,217,,,,,,,
283930,,,,,,,,,,,,,,,,,,,,,,155,,,,,,,
283960,,,,,,,,,,,,,,66.10,60.58,,,,,,,,,,,,,,
283995,53600,55400,54400,52800,52500,70000,1.2e+06,1.2e+06,1.2e+06,1.2e+06,1.596e+06,1.596e+06,,,,,,,,,,,8.1412e+06,80,89,59.596,40.404,59.596,61
284200,,,,,,,,,,,,,,,,,,,,,,135,,,,,,,
284279,,,,,,,,,,,,,,,,,,,,,,211,,,,,,,
284460,,,,,,,,,,,,,,,,,,,,,,177,,,,,,,
284578,,,,,,,,,,,,,,,,,,,,,,136,,,,,,,
284605,,,,,,,,,,,,,,,,,,,,,,138,,,,,,,
284906,,,,,,,,,,,,,,,,,,,,,,218,,,,,,,
284995,53800,55800,54400,53000,52600,70000,1.2e+06,1.2e+06,1.2e+06,1.2e+06,1.596e+06,1.596e+06,,,,,,,,,,,8.7676e+06,79.4118,85.8586,63,36.6337,62,63.6364
285137,,,,,,,,,,,,,,,,,,,,,,112,,,,,,,
285819,,,,,,,,,,,,,,,,,,,,,,166,,,,,,,
285843,,,,,,,,,,,,,,,,,,,,,,212,,,,,,,
285868,,,,,,,,,,,,,,,,,,,,,,136,,,,,,,
285949,,,,,,,,,,,,,24.075,,,,,,,,,,,,,,,,
285995,53800,55800,54800,53200,52500,70000,1.2e+06,1.2e+06,1.2e+06,1.2e+06,1.596e+06,1.596e+06,,,,,,,,,,,9.5624e+06,82.1782,84.8485,57.8431,36.6337,58.4158,59
286039,,,,,,,,,,,,,,,,,,,,,,156,,,,,,,
286072,,,,,,,,,,,,,,,,,,,,,,178,,,,,,,
286239,,,,,,,,,,,,,,,,,,,,,,137,,,,,,,
286383,,,,,,,,,,,,,,,,,,,,,,221,,,,,,,
286465,,,,,,,,,,,,,,,,,,,,,,219,,,,,,,
286741,,,,,,,,,,,,,,,,,,,,,,139,,,,,,,
286961,,,,,,,,,,,,,,,,,,,,,,213,,,,,,,
286999,53800,55800,54800,53000,52800,70000,1.2e+06,1.2e+06,1.2e+06,1.2e+06,1.596e+06,1.596e+06,,,,,,,,,,,9.4414e+06,81,86,56.4356,28.2828,57.5758,58
287316,,,,,,,,,,,,,,,,,,,,,,113,,,,,,,
287442,,,,,,,,,,,,,,,,,,,,,,167,,,,,,,
287494,,,,,,,,,,,,,,,,,,,,,,222,,,,,,,
287577,,,,,,,,,,,,,,,,,,,,,,220,,,,,,,
287676,,,,,,,,,,,,,,,,,,,,,,157,,,,,,,
287684,,,,,,,,,,,,,,,,,,,,,,179,,,,,,,
287995,53400,55800,54400,52800,52500,70000,1.2e+06,1.2e+06,1.2e+06,1.2e+06,1.596e+06,1.596e+06,,,,,,,,,,,1.0153e+07,83.1683,86,56.1224,29,59.596,60.6061
288010,,,,,,,,,,,,,,,,,,,,,,137,,,,,,,
288399,,,,,,,,,,,,,,,,,,,,,,140,,,,,,,
288534,,,,,,,,,,,,,,,,,,,,,,214,,,,,,,
288608,,,,,,,,,,,,,,,,,,,,,,223,,,,,,,
288689,,,,,,,,,,,,,,,,,,,,,,221,,,,,,,
288995,53800,55800,54400,53000,52800,70000,1.2e+06,1.2e+06,1.2e+06,1.2e+06,1.596e+06,1.596e+06,,,,,,,,,,,8.7296e+06,80,88.7755,63.1068,31.9588,59.4059,58.1633
289069,,,,,,,,,,,,,,,,,,,,,,168,,,,,,,
289297,,,,,,,,,,,,,,,,,,,,,,180,,,,,,,
289313,,,,,,,,,,,,,,,,,,,,,,158,,,,,,,
289651,,,,,,,,,,,,,,,,,,,,,,215,,,,,,,
289985,,,,,,,,,,,,,,,,,,,,,,114,,,,,,,
289995,53600,54800,54600,52600,52500,70000,1.2e+06,1.2e+06,1.2e+06,1.2e+06,1.596e+06,1.596e+06,,,,,,,,,,,8.5186e+06,81.3725,85.1485,60,35.3535,55.5556,58.5859
290150,,,,,,,,,,,,,,,,,,,,,,138,,,,,,,
290159,,,,,,,,,,,,,,,,,,,,,,224,,,,,,,
290246,,,,,,,,,,,,,,,,,,,,,,222,,,,,,,
290518,,,,,,,,,,,,,,,,,,,,,,139,,,,,,,
290535,,,,,,,,,,,,,,,,,,,,,,141,,,,,,,
290691,,,,,,,,,,,,,,,,,,,,,,169,,,,,,,
290909,,,,,,,,,,,,,,,,,,,,,,181,,,,,,,
290949,,,,,,,,,,,,,,,,,,,,,,159,,,,,,,
290996,53800,55800,54400,52800,52500,70000,1.2e+06,1.2e+06,1.2e+06,1.2e+06,1.596e+06,1.596e+06,,,,,,,,,,,9.4854e+06,79.4118,89.7959,61,38.2353,61.3861,63
291222,,,,,,,,,,,,,,,,,,,,,,216,,,,,,,
291271,,,,,,,,,,,,,,,,,,,,,,225,,,,,,,
291358,,,,,,,,,,,,,,,,,,,,,,223,,,,,,,
291996,53800,55600,54600,53000,52500,70000,1.2e+06,1.2e+06,1.2e+06,1.2e+06,1.596e+06,1.596e+06,,,,,,,,,,,8.275e+06,79.798,85,60.7843,36.3636,60.6061,62
292168,,,,,,,,,,,,,,,,,,,,,,115,,,,,,,
292179,,,,,,,,,,,,,,,,,,,,,,140,,,,,,,
292194,,,,,,,,,,,,,,,,,,,,,,142,,,,,,,
292303,,,,,,,,,,,,,,,,,,,,,,139,,,,,,,
292318,,,,,,,,,,,,,,,,,,,,,,170,,,,,,,
292334,,,,,,,,,,,,,,,,,,,,,,217,,,,,,,
292382,,,,,,,,,,,,,,,,,,,,,,226,,,,,,,
292469,,,,,,,,,,,,,,,,,,,,,,224,,,,,,,
292521,,,,,,,,,,,,,,,,,,,,,,182,,,,,,,
292995,53800,55800,54800,53000,52800,70000,1.2e+06,1.2e+06,1.2e+06,1.2e+06,1.596e+06,1.596e+06,,,,,,,,,,,8.151e+06,84.1584,86,57.5758,36.6337,60,60.2041
293058,,,,,,,,,,,,,,,,,,,,,,160,,,,,,,
293452,,,,,,,,,,,,,,,,,,,,,,218,,,,,,,
293938,,,,,,,,,,,,,,,,,,,,,,227,,,,,,,
293944,,,,,,,,,,,,,,,,,,,,,,171,,,,,,,
293958,,,,,,,,,,,,,,,,,,,,,,140,,,,,,,
293995,53800,55800,54800,53000,52800,70000,1.2e+06,1.2e+06,1.2e+06,1.2e+06,1.596e+06,1.596e+06,,,,,,,,,,,8.1574e+06,81.3725,85.8586,56,27,58.5859,59
294028,,,,,,,,,,,,,,,,,,,,,,225,,,,,,,
294104,,,,,,,,,,,,,,66.09,60.61,,,,,,,,,,,,,,
294134,,,,,,,,,,,,,,,,,,,,,,183,,,,,,,
294318,,,,,,,,,,,,,,,,,,,,,,141,,,,,,,
294330,,,,,,,,,,,,,,,,,,,,,,143,,,,,,,
294694,,,,,,,,,,,,,,,,,,,,,,161,,,,,,,
294837,,,,,,,,,,,,,,,,,,,,,,116,,,,,,,
294995,53800,55400,54800,53400,52800,70000,1.2e+06,1.2e+06,1.2e+06,1.2e+06,1.596e+06,1.596e+06,,,,,,,,,,,9.3248e+06,82,85,56.8627,28.2828,58,59.596
295015,,,,,,,,,,,,,,,,,,,,,,219,,,,,,,
295054,,,,,,,,,,,,,,,,,,,,,,228,,,,,,,
295141,,,,,,,,,,,,,,,,,,,,,,226,,,,,,,
295566,,,,,,,,,,,,,,,,,,,,,,172,,,,,,,
295746,,,,,,,,,,,,,,,,,,,,,,184,,,,,,,
295996,53800,55800,54600,52800,53000,70000,1.2e+06,1.2e+06,1.2e+06,1.2e+06,1.596e+06,1.596e+06,,,,,,,,,,,8.459e+06,80.198,88.8889,63.6364,35.3535,59.1837,57.5758
296011,,,,,,,,,,,,,24.096,,,,,,,,,,,,,,,,
296096,,,,,,,,,,,,,,,,,,,,,,141,,,,,,,
296133,,,,,,,,,,,,,,,,,,,,,,220,,,,,,,
296163,,,,,,,,,,,,,,,,,,,,,,229,,,,,,,
296254,,,,,,,,,,,,,,,,,,,,,,227,,,,,,,
296330,,,,,,,,,,,,,,,,,,,,,,162,,,,,,,
296458,,,,,,,,,,,,,,,,,,,,,,142,,,,,,,
296466,,,,,,,,,,,,,,,,,,,,,,144,,,,,,,
296880,,,,,,,,,,,,,,,,,,,,,,185,,,,,,,
296996,53800,55000,54800,53000,52800,70000,1.2e+06,1.2e+06,1.2e+06,1.2e+06,1.596e+06,1.596e+06,,,,,,,,,,,9.3728e+06,81.1881,85.7143,58.4158,36.6337,56,58.5859
297017,,,,,,,,,,,,,,,,,,,,,,117,,,,,,,
297188,,,,,,,,,,,,,,,,,,,,,,173,,,,,,,
297703,,,,,,,,,,,,,,,,,,,,,,221,,,,,,,
297713,,,,,,,,,,,,,,,,,,,,,,230,,,,,,,
297811,,,,,,,,,,,,,,,,,,,,,,228,,,,,,,
297967,,,,,,,,,,,,,,,,,,,,,,163,,,,,,,
297995,53800,55800,54800,53000,52800,70000,1.2e+06,1.2e+06,1.2e+06,1.2e+06,1.596e+06,1.596e+06,,,,,,,,,,,1.02576e+07,80,89,64,36,63.6364,64.3564
298124,,,,,,,,,,,,,,,,,,,,,,145,,,,,,,
298243,,,,,,,,,,,,,,,,,,,,,,142,,,,,,,
298493,,,,,,,,,,,,,,,,,,,,,,186,,,,,,,
298811,,,,,,,,,,,,,,,,,,,,,,174,,,,,,,
298816,,,,,,,,,,,,,,,,,,,,,,222,,,,,,,
298825,,,,,,,,,,,,,,,,,,,,,,231,,,,,,,
298922,,,,,,,,,,,,,,,,,,,,,,229,,,,,,,
298996,53800,55400,55000,53400,53000,70000,1.2e+06,1.2e+06,1.2e+06,1.2e+06,1.596e+06,1.596e+06,,,,,,,,,,,9.2998e+06,79.2079,85.8586,59.4059,36.3636,58.5859,60.2041
299199,,,,,,,,,,,,,,,,,,,,,,118,,,,,,,
299933,,,,,,,,,,,,,,,,,,,,,,223,,,,,,,
299938,,,,,,,,,,,,,,,,,,,,,,232,,,,,,,
299995,54000,55800,54800,53200,52800,70000,1.2e+06,1.2e+06,1.2e+06,1.2e+06,1.596e+06,1.596e+06,,,,,,,,,,,8.2784e+06,84.3137,85,57,34.3434,60.396,60
300034,,,,,,,,,,,,,,,,,,,,,,230,,,,,,,
300076,,,,,,,,,,,,,,,,,,,,,,164,,,,,,,
300105,,,,,,,,,,,,,,,,,,,,,,187,,,,,,,
300259,,,,,,,,,,,,,,,,,,,,,,144,,,,,,,
300260,,,,,,,,,,,,,,,,,,,,,,146,,,,,,,
300441,,,,,,,,,,,,,,,,,,,,,,175,,,,,,,
300995,54000,55800,54800,53200,52800,70000,1.2e+06,1.2e+06,1.2e+06,1.2e+06,1.596e+06,1.596e+06,,,,,,,,,,,8.5818e+06,83,85.8586,56.4356,28.4314,59.1837,60.2041
301490,,,,,,,,,,,,,,,,,,,,,,233,,,,,,,
301501,,,,,,,,,,,,,,,,,,,,,,224,,,,,,,
301592,,,,,,,,,,,,,,,,,,,,,,231,,,,,,,
301712,,,,,,,,,,,,,,,,,,,,,,165,,,,,,,
301717,,,,,,,,,,,,,,,,,,,,,,188,,,,,,,
301868,,,,,,,,,,,,,,,,,,,,,,119,,,,,,,
301995,53800,56000,54800,53200,52600,70000,1.2e+06,1.2e+06,1.2e+06,1.2e+06,1.596e+06,1.596e+06,,,,,,,,,,,8.9868e+06,81,87,58.4158,28.2828,58,58.5859
302038,,,,,,,,,,,,,,,,,,,,,,144,,,,,,,
302068,,,,,,,,,,,,,,,,,,,,,,176,,,,,,,
302396,,,,,,,,,,,,,,,,,,,,,,147,,,,,,,
302399,,,,,,,,,,,,,,,,,,,,,,145,,,,,,,
302603,,,,,,,,,,,,,,,,,,,,,,234,,,,,,,
302621,,,,,,,,,,,,,,,,,,,,,,225,,,,,,,
302703,,,,,,,,,,,,,,,,,,,,,,232,,,,,,,
302995,54000,56200,55200,53000,52800,70000,1.2e+06,1.2e+06,1.2e+06,1.2e+06,1.596e+06,1.596e+06,,,,,,,,,,,8.1512e+06,79.4118,87.8788,64,35.7143,58,56.5657
303329,,,,,,,,,,,,,,,,,,,,,,189,,,,,,,
303350,,,,,,,,,,,,,,,,,,,,,,166,,,,,,,
303995,54000,55400,55000,53200,53000,70000,1.2e+06,1.2e+06,1.2e+06,1.2e+06,1.596e+06,1.596e+06,,,,,,,,,,,8.467e+06,81.1881,86.8687,58,36,56.5657,60.396
304051,,,,,,,,,,,,,,,,,,,,,,120,,,,,,,
304054,,,,,,,,,,,,,,,,,,,,,,148,,,,,,,
304061,,,,,,,,,,,,,,,,,,,,,,146,,,,,,,
304177,,,,,,,,,,,,,,,,,,,,,,177,,,,,,,
304182,,,,,,,,,,,,,,,,,,,,,,145,,,,,,,
304184,,,,,,,,,,,,,,,,,,,,,,226,,,,,,,
304271,,,,,,,,,,,,,,66.34,60.77,,,,,,,,,,,,,,
304942,,,,,,,,,,,,,,,,,,,,,,190,,,,,,,
304986,,,,,,,,,,,,,,,,,,,,,,167,,,,,,,
304995,54000,56000,55200,53400,53200,70000,1.2e+06,1.2e+06,1.2e+06,1.2e+06,1.596e+06,1.596e+06,,,,,,,,,,,9.4516e+06,79.2079,88,65,35.6436,65.6566,65.3061
305266,,,,,,,,,,,,,,,,,,,,,,236,,,,,,,
305323,,,,,,,,,,,,,,,,,,,,,,227,,,,,,,
305372,,,,,,,,,,,,,,,,,,,,,,234,,,,,,,
305801,,,,,,,,,,,,,,,,,,,,,,178,,,,,,,
305849,,,,,,,,,,,,,,,,,,,,,,146,,,,,,,
305995,54200,55800,54800,53200,53200,70000,1.2e+06,1.2e+06,1.2e+06,1.2e+06,1.596e+06,1.596e+06,,,,,,,,,,,8.9198e+06,81.1881,85.7143,57.4257,37,57,58
306083,,,,,,,,,,,,,24.096,,,,,,,,,,,,,,,,
306191,,,,,,,,,,,,,,,,,,,,,,149,,,,,,,
306201,,,,,,,,,,,,,,,,,,,,,,147,,,,,,,
306377,,,,,,,,,,,,,,,,,,,,,,237,,,,,,,
306483,,,,,,,,,,,,,,,,,,,,,,235,,,,,,,
306554,,,,,,,,,,,,,,,,,,,,,,191,,,,,,,
306721,,,,,,,,,,,,,,,,,,,,,,121,,,,,,,
306887,,,,,,,,,,,,,,,,,,,,,,228,,,,,,,
306995,54200,55400,55200,53400,53200,70000,1.2e+06,1.2e+06,1.2e+06,1.2e+06,1.596e+06,1.596e+06,,,,,,,,,,,8.8394e+06,83.1683,85,57.4257,31,59.596,60.2041
307095,,,,,,,,,,,,,,,,,,,,,,168,,,,,,,
307428,,,,,,,,,,,,,,,,,,,,,,179,,,,,,,
307486,,,,,,,,,,,,,,,,,,,,,,238,,,,,,,
307598,,,,,,,,,,,,,,,,,,,,,,236,,,,,,,
307849,,,,,,,,,,,,,,,,,,,,,,150,,,,,,,
307988,,,,,,,,,,,,,,,,,,,,,,147,,,,,,,
307995,54200,55800,55200,53400,53200,70000,1.2e+06,1.2e+06,1.2e+06,1.2e+06,1.596e+06,1.596e+06,,,,,,,,,,,8.6524e+06,83.1683,86,56,29.4118,59.8039,60
308005,,,,,,,,,,,,,,,,,,,,,,229,,,,,,,
308166,,,,,,,,,,,,,,,,,,,,,,192,,,,,,,
308340,,,,,,,,,,,,,,,,,,,,,,148,,,,,,,
308730,,,,,,,,,,,,,,,,,,,,,,169,,,,,,,
308900,,,,,,,,,,,,,,,,,,,,,,122,,,,,,,
308995,54200,56200,55200,53200,53200,70000,1.2e+06,1.2e+06,1.2e+06,1.2e+06,1.596e+06,1.596e+06,,,,,,,,,,,9.3084e+06,81,88.8889,60,29.5918,60.6061,58.1633
309038,,,,,,,,,,,,,,,,,,,,,,239,,,,,,,
309054,,,,,,,,,,,,,,,,,,,,,,180,,,,,,,
309122,,,,,,,,,,,,,,,,,,,,,,230,,,,,,,
309155,,,,,,,,,,,,,,,,,,,,,,237,,,,,,,
309300,,,,,,,,,,,,,,,,,,,,,,193,,,,,,,
309985,,,,,,,,,,,,,,,,,,,,,,151,,,,,,,
309995,54200,56200,55200,53400,53200,70000,1.2e+06,1.2e+06,1.2e+06,1.2e+06,1.596e+06,1.596e+06,,,,,,,,,,,9.1398e+06,80.5825,84.8485,63,34.3434,56,58.5859
310001,,,,,,,,,,,,,,,,,,,,,,149,,,,,,,
310129,,,,,,,,,,,,,,,,,,,,,,148,,,,,,,
310147,,,,,,,,,,,,,,,,,,,,,,240,,,,,,,
310267,,,,,,,,,,,,,,,,,,,,,,238,,,,,,,
310367,,,,,,,,,,,,,,,,,,,,,,170,,,,,,,
310676,,,,,,,,,,,,,,,,,,,,,,181,,,,,,,
310685,,,,,,,,,,,,,,,,,,,,,,231,,,,,,,
310913,,,,,,,,,,,,,,,,,,,,,,194,,,,,,,
310995,54400,56000,55400,53600,53200,70000,1.2e+06,1.2e+06,1.2e+06,1.2e+06,1.596e+06,1.596e+06,,,,,,,,,,,9.441e+06,80,90,59.596,36.6337,58.5859,60
311081,,,,,,,,,,,,,,,,,,,,,,123,,,,,,,
311259,,,,,,,,,,,,,,,,,,,,,,241,,,,,,,
311378,,,,,,,,,,,,,,,,,,,,,,239,,,,,,,
311789,,,,,,,,,,,,,,,,,,,,,,149,,,,,,,
311804,,,,,,,,,,,,,,,,,,,,,,232,,,,,,,
311995,54200,55800,55200,53400,53200,70000,1.2e+06,1.2e+06,1.2e+06,1.2e+06,1.596e+06,1.596e+06,,,,,,,,,,,7.6092e+06,81,84.8485,62.3762,36.3636,63,63
312004,,,,,,,,,,,,,,,,,,,,,,171,,,,,,,
312121,,,,,,,,,,,,,,,,,,,,,,152,,,,,,,
312141,,,,,,,,,,,,,,,,,,,,,,150,,,,,,,
312300,,,,,,,,,,,,,,,,,,,,,,182,,,,,,,
312371,,,,,,,,,,,,,,,,,,,,,,242,,,,,,,
312525,,,,,,,,,,,,,,,,,,,,,,195,,,,,,,
312935,,,,,,,,,,,,,,,,,,,,,,240,,,,,,,
312995,54400,56200,55200,53400,53200,70000,1.2e+06,1.2e+06,1.2e+06,1.2e+06,1.596e+06,1.596e+06,,,,,,,,,,,8.9306e+06,82.1782,85.8586,57.4257,35.0515,59,59.596
313368,,,,,,,,,,,,,,,,,,,,,,233,,,,,,,
313751,,,,,,,,,,,,,,,,,,,,,,124,,,,,,,
313779,,,,,,,,,,,,,,,,,,,,,,153,,,,,,,
313923,,,,,,,,,,,,,,,,,,,,,,243,,,,,,,
313927,,,,,,,,,,,,,,,,,,,,,,183,,,,,,,
313929,,,,,,,,,,,,,,,,,,,,,,150,,,,,,,
313999,54400,55800,55200,53600,53200,70000,1.2e+06,1.2e+06,1.2e+06,1.2e+06,1.596e+06,1.596e+06,,,,,,,,,,,8.7322e+06,81.1881,85.8586,56.8627,30.3922,57.5758,58
314047,,,,,,,,,,,,,,,,,,,,,,241,,,,,,,
314112,,,,,,,,,,,,,,,,,,,,,,172,,,,,,,
314138,,,,,,,,,,,,,,,,,,,,,,196,,,,,,,
314280,,,,,,,,,,,,,,,,,,,,,,151,,,,,,,
314404,,,,,,,,,,,,,,66.59,60.91,,,,,,,,,,,,,,
314487,,,,,,,,,,,,,,,,,,,,,,234,,,,,,,
314996,54400,56200,55600,53600,53200,70000,1.2e+06,1.2e+06,1.2e+06,1.2e+06,1.596e+06,1.596e+06,,,,,,,,,,,8.5528e+06,83.1683,85.8586,59.596,29.2929,60,60.6061
315034,,,,,,,,,,,,,,,,,,,,,,244,,,,,,,
315160,,,,,,,,,,,,,,,,,,,,,,242,,,,,,,
315607,,,,,,,,,,,,,,,,,,,,,,235,,,,,,,
315748,,,,,,,,,,,,,,,,,,,,,,173,,,,,,,
315750,,,,,,,,,,,,,,,,,,,,,,197,,,,,,,
315915,,,,,,,,,,,,,,,,,,,,,,154,,,,,,,
315932,,,,,,,,,,,,,,,,,,,,,,125,,,,,,,
315942,,,,,,,,,,,,,,,,,,,,,,152,,,,,,,
315995,54400,56200,55200,53200,53200,70000,1.2e+06,1.2e+06,1.2e+06,1.2e+06,1.596e+06,1.596e+06,,,,,,,,,,,9.4846e+06,80.198,88,62.3762,33.6634,60.396,58.1633
316070,,,,,,,,,,,,,,,,,,,,,,151,,,,,,,
316144,,,,,,,,,,,,,,,,,,,,,,245,,,,,,,
316147,,,,,,,,,,,,,24.085,,,,,,,,,,,,,,,,
316718,,,,,,,,,,,,,,,,,,,,,,243,,,,,,,
316995,54200,55800,55600,53600,53200,70000,1.2e+06,1.2e+06,1.2e+06,1.2e+06,1.596e+06,1.596e+06,,,,,,,,,,,9.1102e+06,81.1881,86,60.396,36,55.102,58
317172,,,,,,,,,,,,,,,,,,,,,,236,,,,,,,
317175,,,,,,,,,,,,,,,,,,,,,,185,,,,,,,
317362,,,,,,,,,,,,,,,,,,,,,,198,,,,,,,
317386,,,,,,,,,,,,,,,,,,,,,,174,,,,,,,
317573,,,,,,,,,,,,,,,,,,,,,,155,,,,,,,
317695,,,,,,,,,,,,,,,,,,,,,,246,,,,,,,
317732,,,,,,,,,,,,,,,,,,,,,,152,,,,,,,
317829,,,,,,,,,,,,,,,,,,,,,,244,,,,,,,
317996,54400,56400,55200,53800,53200,70000,1.2e+06,1.2e+06,1.2e+06,1.2e+06,1.596e+06,1.596e+06,,,,,,,,,,,8.8532e+06,79.4118,89.7959,61.6162,35,61,62.6263
318081,,,,,,,,,,,,,,,,,,,,,,153,,,,,,,
318601,,,,,,,,,,,,,,,,,,,,,,126,,,,,,,
318801,,,,,,,,,,,,,,,,,,,,,,186,,,,,,,
318807,,,,,,,,,,,,,,,,,,,,,,247,,,,,,,
318941,,,,,,,,,,,,,,,,,,,,,,245,,,,,,,
318974,,,,,,,,,,,,,,,,,,,,,,199,,,,,,,
318996,54400,55800,55200,53600,53200,70000,1.2e+06,1.2e+06,1.2e+06,1.2e+06,1.596e+06,1.596e+06,,,,,,,,,,,8.8454e+06,79,85,62.1359,36,60,61.6162
319022,,,,,,,,,,,,,,,,,,,,,,175,,,,,,,
319709,,,,,,,,,,,,,,,,,,,,,,156,,,,,,,
319854,,,,,,,,,,,,,,,,,,,,,,238,,,,,,,
319873,,,,,,,,,,,,,,,,,,,,,,153,,,,,,,
319918,,,,,,,,,,,,,,,,,,,,,,248,,,,,,,
319995,54400,56600,55200,53600,53200,70000,1.2e+06,1.2e+06,1.2e+06,1.2e+06,1.596e+06,1.596e+06,,,,,,,,,,,9.4104e+06,84.1584,85.8586,57,34.6939,60.6061,60
320428,,,,,,,,,,,,,,,,,,,,,,187,,,,,,,
320500,,,,,,,,,,,,,,,,,,,,,,246,,,,,,,
320587,,,,,,,,,,,,,,,,,,,,,,200,,,,,,,
320781,,,,,,,,,,,,,,,,,,,,,,127,,,,,,,
320972,,,,,,,,,,,,,,,,,,,,,,239,,,,,,,
320995,54400,56600,55400,53600,53400,70000,1.2e+06,1.2e+06,1.2e+06,1.2e+06,1.596e+06,1.596e+06,,,,,,,,,,,9.4702e+06,81.1881,85,56.5657,28.2828,57.1429,58.1633
321131,,,,,,,,,,,,,,,,,,,,,,176,,,,,,,
321469,,,,,,,,,,,,,,,,,,,,,,249,,,,,,,
321611,,,,,,,,,,,,,,,,,,,,,,247,,,,,,,
321721,,,,,,,,,,,,,,,,,,,,,,201,,,,,,,
321845,,,,,,,,,,,,,,,,,,,,,,157,,,,,,,
321880,,,,,,,,,,,,,,,,,,,,,,155,,,,,,,
322003,54400,56400,55200,53600,53200,70000,1.2e+06,1.2e+06,1.2e+06,1.2e+06,1.596e+06,1.596e+06,,,,,,,,,,,8.9262e+06,82.3529,85.8586,57.2816,30.0971,58.8235,59
322018,,,,,,,,,,,,,,,,,,,,,,154,,,,,,,
322049,,,,,,,,,,,,,,,,,,,,,,188,,,,,,,
322582,,,,,,,,,,,,,,,,,,,,,,250,,,,,,,
322722,,,,,,,,,,,,,,,,,,,,,,248,,,,,,,
322767,,,,,,,,,,,,,,,,,,,,,,177,,,,,,,
322995,54200,56200,55400,53400,53400,70000,1.2e+06,1.2e+06,1.2e+06,1.2e+06,1.596e+06,1.596e+06,,,,,,,,,,,8.4344e+06,79.798,88,62.6263,36,59.596,58.1633
323333,,,,,,,,,,,,,,,,,,,,,,202,,,,,,,
323456,,,,,,,,,,,,,,,,,,,,,,128,,,,,,,
323503,,,,,,,,,,,,,,,,,,,,,,158,,,,,,,
323654,,,,,,,,,,,,,,,,,,,,,,241,,,,,,,
323694,,,,,,,,,,,,,,,,,,,,,,251,,,,,,,
323996,54200,55400,55600,53600,53200,70000,1.2e+06,1.2e+06,1.2e+06,1.2e+06,1.596e+06,1.596e+06,,,,,,,,,,,8.4428e+06,80.3922,85.8586,58,37.6238,55.5556,58
324020,,,,,,,,,,,,,,,,,,,,,,156,,,,,,,
324163,,,,,,,,,,,,,,,,,,,,,,189,,,,,,,
324163,,,,,,,,,,,,,,,,,,,,,,155,,,,,,,
324279,,,,,,,,,,,,,,,,,,,,,,249,,,,,,,
324404,,,,,,,,,,,,,,,,,,,,,,178,,,,,,,
324513,,,,,,,,,,,,,,66.29,60.69,,,,,,,,,,,,,,
324771,,,,,,,,,,,,,,,,,,,,,,242,,,,,,,
324945,,,,,,,,,,,,,,,,,,,,,,203,,,,,,,
324996,54600,56600,55600,53600,53400,70000,1.2e+06,1.2e+06,1.2e+06,1.2e+06,1.596e+06,1.596e+06,,,,,,,,,,,9.227e+06,81.1881,89.7959,68,35.7143,63.6364,64.6465
325245,,,,,,,,,,,,,,,,,,,,,,252,,,,,,,
325390,,,,,,,,,,,,,,,,,,,,,,250,,,,,,,
325638,,,,,,,,,,,,,,,,,,,,,,159,,,,,,,
325639,,,,,,,,,,,,,,,,,,,,,,129,,,,,,,
325776,,,,,,,,,,,,,,,,,,,,,,190,,,,,,,
325818,,,,,,,,,,,,,,,,,,,,,,156,,,,,,,
325996,54400,56600,55400,53600,53600,70000,1.2e+06,1.2e+06,1.2e+06,1.2e+06,1.596e+06,1.596e+06,,,,,,,,,,,8.4268e+06,79.2079,85.1485,58,35.7143,57.5758,59.596
326040,,,,,,,,,,,,,,,,,,,,,,179,,,,,,,
326159,,,,,,,,,,,,,,,,,,,,,,157,,,,,,,
326208,,,,,,,,,,,,,24.096,,,,,,,,,,,,,,,,
326334,,,,,,,,,,,,,,,,,,,,,,243,,,,,,,
326354,,,,,,,,,,,,,,,,,,,,,,253,,,,,,,
326501,,,,,,,,,,,,,,,,,,,,,,251,,,,,,,
326558,,,,,,,,,,,,,,,,,,,,,,204,,,,,,,
326995,54800,56600,55600,54000,53400,70000,1.2e+06,1.2e+06,1.2e+06,1.2e+06,1.596e+06,1.596e+06,,,,,,,,,,,9.6302e+06,84.1584,85.7143,57,35.2941,61.7647,60.6061
327398,,,,,,,,,,,,,,,,,,,,,,191,,,,,,,
327452,,,,,,,,,,,,,,,,,,,,,,244,,,,,,,
327467,,,,,,,,,,,,,,,,,,,,,,254,,,,,,,
327775,,,,,,,,,,,,,,,,,,,,,,160,,,,,,,
327820,,,,,,,,,,,,,,,,,,,,,,158,,,,,,,
327823,,,,,,,,,,,,,,,,,,,,,,130,,,,,,,
327957,,,,,,,,,,,,,,,,,,,,,,157,,,,,,,
327996,54400,56600,55600,54000,53400,70000,1.2e+06,1.2e+06,1.2e+06,1.2e+06,1.596e+06,1.596e+06,,,,,,,,,,,8.0036e+06,83.1683,85.8586,56.5657,29,60,59.596
328058,,,,,,,,,,,,,,,,,,,,,,252,,,,,,,
328151,,,,,,,,,,,,,,,,,,,,,,180,,,,,,,
328170,,,,,,,,,,,,,,,,,,,,,,205,,,,,,,
328995,54400,56600,55400,53600,53600,70000,1.2e+06,1.2e+06,1.2e+06,1.2e+06,1.596e+06,1.596e+06,,,,,,,,,,,8.8554e+06,80.8081,86.8687,58,29.2929,57.5758,59
329023,,,,,,,,,,,,,,,,,,,,,,245,,,,,,,
329023,,,,,,,,,,,,,,,,,,,,,,255,,,,,,,
329023,,,,,,,,,,,,,,,,,,,,,,192,,,,,,,
329171,,,,,,,,,,,,,,,,,,,,,,253,,,,,,,
329433,,,,,,,,,,,,,,,,,,,,,,161,,,,,,,
329783,,,,,,,,,,,,,,,,,,,,,,206,,,,,,,
329788,,,,,,,,,,,,,,,,,,,,,,181,,,,,,,
329959,,,,,,,,,,,,,,,,,,,,,,159,,,,,,,
329995,54400,55800,55600,53800,53400,70000,1.2e+06,1.2e+06,1.2e+06,1.2e+06,1.596e+06,1.596e+06,,,,,,,,,,,8.6744e+06,79.6117,86.8687,64.3564,36.6337,57.5758,56.5657
330103,,,,,,,,,,,,,,,,,,,,,,158,,,,,,,
330128,,,,,,,,,,,,,,,,,,,,,,256,,,,,,,
330133,,,,,,,,,,,,,,,,,,,,,,246,,,,,,,
330282,,,,,,,,,,,,,,,,,,,,,,254,,,,,,,
330489,,,,,,,,,,,,,,,,,,,,,,131,,,,,,,
330645,,,,,,,,,,,,,,,,,,,,,,193,,,,,,,
330995,54600,55800,55600,53800,53400,70000,1.2e+06,1.2e+06,1.2e+06,1.2e+06,1.596e+06,1.596e+06,,,,,,,,,,,8.1314e+06,81.3725,87,57.4257,36.3636,57.5758,60
331242,,,,,,,,,,,,,,,,,,,,,,257,,,,,,,
331252,,,,,,,,,,,,,,,,,,,,,,247,,,,,,,
331395,,,,,,,,,,,,,,,,,,,,,,207,,,,,,,
331426,,,,,,,,,,,,,,,,,,,,,,182,,,,,,,
331570,,,,,,,,,,,,,,,,,,,,,,162,,,,,,,
331758,,,,,,,,,,,,,,,,,,,,,,159,,,,,,,
331839,,,,,,,,,,,,,,,,,,,,,,255,,,,,,,
331995,54800,56800,55600,53800,53600,70000,1.2e+06,1.2e+06,1.2e+06,1.2e+06,1.596e+06,1.596e+06,,,,,,,,,,,8.633e+06,79.2079,88,64.7059,35.3535,63.6364,64.6465
332098,,,,,,,,,,,,,,,,,,,,,,160,,,,,,,
332276,,,,,,,,,,,,,,,,,,,,,,194,,,,,,,
332352,,,,,,,,,,,,,,,,,,,,,,258,,,,,,,
332673,,,,,,,,,,,,,,,,,,,,,,132,,,,,,,
332818,,,,,,,,,,,,,,,,,,,,,,248,,,,,,,
332951,,,,,,,,,,,,,,,,,,,,,,256,,,,,,,
332995,54800,56800,55600,54000,53600,70000,1.2e+06,1.2e+06,1.2e+06,1.2e+06,1.596e+06,1.596e+06,,,,,,,,,,,8.0412e+06,80.198,85.7143,57,37.2549,57,58.5859
333011,,,,,,,,,,,,,,,,,,,,,,208,,,,,,,
333062,,,,,,,,,,,,,,,,,,,,,,183,,,,,,,
333759,,,,,,,,,,,,,,,,,,,,,,161,,,,,,,
333898,,,,,,,,,,,,,,,,,,,,,,160,,,,,,,
333902,,,,,,,,,,,,,,,,,,,,,,195,,,,,,,
333906,,,,,,,,,,,,,,,,,,,,,,259,,,,,,,
333936,,,,,,,,,,,,,,,,,,,,,,249,,,,,,,
333995,54600,56600,55600,54000,53800,70000,1.2e+06,1.2e+06,1.2e+06,1.2e+06,1.596e+06,1.596e+06,,,,,,,,,,,8.7104e+06,84,84.8485,57,31.3131,60.396,59.596
334062,,,,,,,,,,,,,,,,,,,,,,257,,,,,,,
334141,,,,,,,,,,,,,,,,,,,,,,209,,,,,,,
334618,,,,,,,,,,,,,,66.29,60.65,,,,,,,,,,,,,,
334995,54600,56400,55600,53800,53400,70000,1.2e+06,1.2e+06,1.2e+06,1.2e+06,1.596e+06,1.596e+06,,,,,,,,,,,9.2244e+06,83.1683,86.1386,57,27.2727,60.6061,61.6162
335021,,,,,,,,,,,,,,,,,,,,,,260,,,,,,,
335171,,,,,,,,,,,,,,,,,,,,,,184,,,,,,,
335340,,,,,,,,,,,,,,,,,,,,,,133,,,,,,,
335363,,,,,,,,,,,,,,,,,,,,,,164,,,,,,,
335499,,,,,,,,,,,,,,,,,,,,,,250,,,,,,,
335525,,,,,,,,,,,,,,,,,,,,,,196,,,,,,,
335621,,,,,,,,,,,,,,,,,,,,,,258,,,,,,,
335898,,,,,,,,,,,,,,,,,,,,,,162,,,,,,,
335995,54800,56600,55600,54000,53600,70000,1.2e+06,1.2e+06,1.2e+06,1.2e+06,1.596e+06,1.596e+06,,,,,,,,,,,8.8704e+06,80.3922,88,59.4059,33,58.5859,58
336038,,,,,,,,,,,,,,,,,,,,,,161,,,,,,,
336131,,,,,,,,,,,,,,,,,,,,,,261,,,,,,,
336277,,,,,,,,,,,,,24.075,,,,,,,,,,,,,,,,
336732,,,,,,,,,,,,,,,,,,,,,,259,,,,,,,
336807,,,,,,,,,,,,,,,,,,,,,,185,,,,,,,
336996,54800,55800,55600,53800,53200,70000,1.2e+06,1.2e+06,1.2e+06,1.2e+06,1.596e+06,1.596e+06,,,,,,,,,,,8.9202e+06,81.1881,85.7143,62,35.3535,57.4257,58.1633
337147,,,,,,,,,,,,,,,,,,,,,,197,,,,,,,
337366,,,,,,,,,,,,,,,,,,,,,,211,,,,,,,
337500,,,,,,,,,,,,,,,,,,,,,,165,,,,,,,
337523,,,,,,,,,,,,,,,,,,,,,,134,,,,,,,
337685,,,,,,,,,,,,,,,,,,,,,,262,,,,,,,
337700,,,,,,,,,,,,,,,,,,,,,,162,,,,,,,
337736,,,,,,,,,,,,,,,,,,,,,,252,,,,,,,
337843,,,,,,,,,,,,,,,,,,,,,,260,,,,,,,
337995,54800,56000,55600,54000,53400,70000,1.2e+06,1.2e+06,1.2e+06,1.2e+06,1.596e+06,1.596e+06,,,,,,,,,,,9.5378e+06,79.2079,89,60.6061,35.6436,59.596,60.396
338038,,,,,,,,,,,,,,,,,,,,,,163,,,,,,,
338443,,,,,,,,,,,,,,,,,,,,,,186,,,,,,,
338773,,,,,,,,,,,,,,,,,,,,,,198,,,,,,,
338796,,,,,,,,,,,,,,,,,,,,,,263,,,,,,,
338979,,,,,,,,,,,,,,,,,,,,,,212,,,,,,,
338995,54800,56600,55600,54000,53600,70000,1.2e+06,1.2e+06,1.2e+06,1.2e+06,1.596e+06,1.596e+06,,,,,,,,,,,8.8436e+06,79,85.8586,63.1068,35.3535,61.6162,63.2653
339158,,,,,,,,,,,,,,,,,,,,,,166,,,,,,,
339299,,,,,,,,,,,,,,,,,,,,,,253,,,,,,,
339401,,,,,,,,,,,,,,,,,,,,,,261,,,,,,,
339699,,,,,,,,,,,,,,,,,,,,,,164,,,,,,,
339702,,,,,,,,,,,,,,,,,,,,,,135,,,,,,,
339839,,,,,,,,,,,,,,,,,,,,,,163,,,,,,,
339906,,,,,,,,,,,,,,,,,,,,,,264,,,,,,,
339995,55000,56600,55800,53800,53600,70000,1.2e+06,1.2e+06,1.2e+06,1.2e+06,1.596e+06,1.596e+06,,,,,,,,,,,8.7214e+06,83.3333,85.8586,57,34.3434,59.8039,60
340080,,,,,,,,,,,,,,,,,,,,,,187,,,,,,,
340395,,,,,,,,,,,,,,,,,,,,,,199,,,,,,,
340418,,,,,,,,,,,,,,,,,,,,,,254,,,,,,,
340515,,,,,,,,,,,,,,,,,,,,,,262,,,,,,,
340591,,,,,,,,,,,,,,,,,,,,,,213,,,,,,,
341003,54600,56000,55800,54000,53600,70000,1.2e+06,1.2e+06,1.2e+06,1.2e+06,1.596e+06,1.596e+06,,,,,,,,,,,8.743e+06,80.3922,85.1485,56.4356,31.6832,58.4158,58
341293,,,,,,,,,,,,,,,,,,,,,,167,,,,,,,
341839,,,,,,,,,,,,,,,,,,,,,,165,,,,,,,
341979,,,,,,,,,,,,,,,,,,,,,,164,,,,,,,
341980,,,,,,,,,,,,,,,,,,,,,,255,,,,,,,
341996,54800,56200,56000,54000,53600,70000,1.2e+06,1.2e+06,1.2e+06,1.2e+06,1.596e+06,1.596e+06,,,,,,,,,,,9.3604e+06,83,85.567,56.5657,27.2727,59.1837,60.2041
342017,,,,,,,,,,,,,,,,,,,,,,200,,,,,,,
342083,,,,,,,,,,,,,,,,,,,,,,263,,,,,,,
342188,,,,,,,,,,,,,,,,,,,,,,188,,,,,,,
342203,,,,,,,,,,,,,,,,,,,,,,214,,,,,,,
342373,,,,,,,,,,,,,,,,,,,,,,136,,,,,,,
342570,,,,,,,,,,,,,,,,,,,,,,266,,,,,,,
342951,,,,,,,,,,,,,,,,,,,,,,168,,,,,,,
342995,54800,57000,55800,54000,53600,70000,1.2e+06,1.2e+06,1.2e+06,1.2e+06,1.596e+06,1.596e+06,,,,,,,,,,,8.7772e+06,80.198,88.8889,61,34,59,58.1633
343099,,,,,,,,,,,,,,,,,,,,,,256,,,,,,,
343187,,,,,,,,,,,,,,,,,,,,,,264,,,,,,,
343641,,,,,,,,,,,,,,,,,,,,,,201,,,,,,,
343641,,,,,,,,,,,,,,,,,,,,,,165,,,,,,,
343682,,,,,,,,,,,,,,,,,,,,,,267,,,,,,,
343816,,,,,,,,,,,,,,,,,,,,,,215,,,,,,,
343824,,,,,,,,,,,,,,,,,,,,,,189,,,,,,,
343978,,,,,,,,,,,,,,,,,,,,,,166,,,,,,,
343995,54800,56000,56000,54200,53600,70000,1.2e+06,1.2e+06,1.2e+06,1.2e+06,1.596e+06,1.596e+06,,,,,,,,,,,9.521e+06,80.8081,86,60,36,56.1224,59
344217,,,,,,,,,,,,,,,,,,,,,,257,,,,,,,
344299,,,,,,,,,,,,,,,,,,,,,,265,,,,,,,
344555,,,,,,,,,,,,,,,,,,,,,,137,,,,,,,
344769,,,,,,,,,,,,,,66.34,60.61,,,,,,,,,,,,,,
344995,55000,56200,56000,54200,53800,70000,1.2e+06,1.2e+06,1.2e+06,1.2e+06,1.596e+06,1.596e+06,,,,,,,,,,,8.804e+06,81.3725,89,62,35.7143,62,62
345087,,,,,,,,,,,,,,,,,,,,,,169,,,,,,,
345262,,,,,,,,,,,,,,,,,,,,,,268,,,,,,,
345428,,,,,,,,,,,,,,,,,,,,,,216,,,,,,,
345461,,,,,,,,,,,,,,,,,,,,,,190,,,,,,,
345639,,,,,,,,,,,,,,,,,,,,,,167,,,,,,,
345759,,,,,,,,,,,,,,,,,,,,,,202,,,,,,,
345782,,,,,,,,,,,,,,,,,,,,,,258,,,,,,,
345784,,,,,,,,,,,,,,,,,,,,,,166,,,,,,,
345859,,,,,,,,,,,,,,,,,,,,,,266,,,,,,,
345995,54600,56400,56000,54200,53800,70000,1.2e+06,1.2e+06,1.2e+06,1.2e+06,1.596e+06,1.596e+06,,,,,,,,,,,8.6224e+06,79.2079,85.8586,61,35,60.396,61.6162
346337,,,,,,,,,,,,,24.096,,,,,,,,,,,,,,,,
346372,,,,,,,,,,,,,,,,,,,,,,269,,,,,,,
346562,,,,,,,,,,,,,,,,,,,,,,217,,,,,,,
346900,,,,,,,,,,,,,,,,,,,,,,259,,,,,,,
346968,,,,,,,,,,,,,,,,,,,,,,267,,,,,,,
346996,54800,56200,56000,54000,54000,70000,1.2e+06,1.2e+06,1.2e+06,1.2e+06,1.596e+06,1.596e+06,,,,,,,,,,,7.9368e+06,84.1584,85.8586,57.4257,35.3535,61.3861,60.6061
347097,,,,,,,,,,,,,,,,,,,,,,191,,,,,,,
347223,,,,,,,,,,,,,,,,,,,,,,170,,,,,,,
347225,,,,,,,,,,,,,,,,,,,,,,138,,,,,,,
347377,,,,,,,,,,,,,,,,,,,,,,203,,,,,,,
347777,,,,,,,,,,,,,,,,,,,,,,168,,,,,,,
347921,,,,,,,,,,,,,,,,,,,,,,270,,,,,,,
347922,,,,,,,,,,,,,,,,,,,,,,167,,,,,,,
347995,55200,56600,56000,54200,54000,70000,1.2e+06,1.2e+06,1.2e+06,1.2e+06,1.596e+06,1.596e+06,,,,,,,,,,,8.8426e+06,82,85.8586,57.4257,27.2727,58,58.1633
348080,,,,,,,,,,,,,,,,,,,,,,268,,,,,,,
348174,,,,,,,,,,,,,,,,,,,,,,218,,,,,,,
348463,,,,,,,,,,,,,,,,,,,,,,260,,,,,,,
348881,,,,,,,,,,,,,,,,,,,,,,171,,,,,,,
349003,55000,57000,55800,54200,53800,70000,1.2e+06,1.2e+06,1.2e+06,1.2e+06,1.596e+06,1.596e+06,,,,,,,,,,,9.4544e+06,81.3725,85.1485,56.8627,28.7129,58,59
349005,,,,,,,,,,,,,,,,,,,,,,204,,,,,,,
349032,,,,,,,,,,,,,,,,,,,,,,271,,,,,,,
349205,,,,,,,,,,,,,,,,,,,,,,192,,,,,,,
349405,,,,,,,,,,,,,,,,,,,,,,139,,,,,,,
349581,,,,,,,,,,,,,,,,,,,,,,261,,,,,,,
349583,,,,,,,,,,,,,,,,,,,,,,168,,,,,,,
349638,,,,,,,,,,,,,,,,,,,,,,269,,,,,,,
349786,,,,,,,,,,,,,,,,,,,,,,219,,,,,,,
349917,,,,,,,,,,,,,,,,,,,,,,169,,,,,,,
349995,55000,57000,56000,54400,54000,70000,1.2e+06,1.2e+06,1.2e+06,1.2e+06,1.596e+06,1.596e+06,,,,,,,,,,,8.3972e+06,80.3922,88.8889,63.6364,35,59.1837,57.5758
350142,,,,,,,,,,,,,,,,,,,,,,272,,,,,,,
350698,,,,,,,,,,,,,,,,,,,,,,262,,,,,,,
350752,,,,,,,,,,,,,,,,,,,,,,270,,,,,,,
350840,,,,,,,,,,,,,,,,,,,,,,193,,,,,,,
350996,55000,56200,56000,54400,53800,70000,1.2e+06,1.2e+06,1.2e+06,1.2e+06,1.596e+06,1.596e+06,,,,,,,,,,,9.2286e+06,80.8081,85.8586,58,35.7143,55,58.5859
351016,,,,,,,,,,,,,,,,,,,,,,172,,,,,,,
351250,,,,,,,,,,,,,,,,,,,,,,273,,,,,,,
351399,,,,,,,,,,,,,,,,,,,,,,220,,,,,,,
351578,,,,,,,,,,,,,,,,,,,,,,170,,,,,,,
351584,,,,,,,,,,,,,,,,,,,,,,140,,,,,,,
351721,,,,,,,,,,,,,,,,,,,,,,169,,,,,,,
351864,,,,,,,,,,,,,,,,,,,,,,271,,,,,,,
351995,55200,57000,56000,54200,54000,70000,1.2e+06,1.2e+06,1.2e+06,1.2e+06,1.596e+06,1.596e+06,,,,,,,,,,,9.1478e+06,79.4118,88.8889,64,33.6735,64,64.6465
352251,,,,,,,,,,,,,,,,,,,,,,206,,,,,,,
352262,,,,,,,,,,,,,,,,,,,,,,263,,,,,,,
352477,,,,,,,,,,,,,,,,,,,,,,194,,,,,,,
352674,,,,,,,,,,,,,,,,,,,,,,173,,,,,,,
352804,,,,,,,,,,,,,,,,,,,,,,274,,,,,,,
352996,55200,57000,56000,54400,54200,70000,1.2e+06,1.2e+06,1.2e+06,1.2e+06,1.596e+06,1.596e+06,,,,,,,,,,,8.3894e+06,79.4118,85.8586,58.4158,36.3636,58.5859,59.596
353011,,,,,,,,,,,,,,,,,,,,,,221,,,,,,,
353381,,,,,,,,,,,,,,,,,,,,,,264,,,,,,,
353422,,,,,,,,,,,,,,,,,,,,,,272,,,,,,,
353717,,,,,,,,,,,,,,,,,,,,,,171,,,,,,,
353864,,,,,,,,,,,,,,,,,,,,,,170,,,,,,,
353876,,,,,,,,,,,,,,,,,,,,,,207,,,,,,,
353923,,,,,,,,,,,,,,,,,,,,,,275,,,,,,,
353995,55000,56600,56000,54400,53800,70000,1.2e+06,1.2e+06,1.2e+06,1.2e+06,1.596e+06,1.596e+06,,,,,,,,,,,9.1604e+06,83.8384,85,57,33.3333,60,60
354113,,,,,,,,,,,,,,,,,,,,,,195,,,,,,,
354256,,,,,,,,,,,,,,,,,,,,,,141,,,,,,,
354534,,,,,,,,,,,,,,,,,,,,,,273,,,,,,,
354624,,,,,,,,,,,,,,,,,,,,,,222,,,,,,,
354812,,,,,,,,,,,,,,,,,,,,,,174,,,,,,,
354899,,,,,,,,,,,,,,66.42,60.77,,,,,,,,,,,,,,
354944,,,,,,,,,,,,,,,,,,,,,,265,,,,,,,
354995,55400,57400,56000,54400,54000,70000,1.2e+06,1.2e+06,1.2e+06,1.2e+06,1.596e+06,1.596e+06,,,,,,,,,,,8.6308e+06,83.1683,85.7143,60.6061,26.8041,59.1837,61.2245
355032,,,,,,,,,,,,,,,,,,,,,,276,,,,,,,
355526,,,,,,,,,,,,,,,,,,,,,,171,,,,,,,
355645,,,,,,,,,,,,,,,,,,,,,,274,,,,,,,
355749,,,,,,,,,,,,,,,,,,,,,,196,,,,,,,
355857,,,,,,,,,,,,,,,,,,,,,,172,,,,,,,
355995,55200,57400,56400,54400,54200,70000,1.2e+06,1.2e+06,1.2e+06,1.2e+06,1.596e+06,1.596e+06,,,,,,,,,,,8.9096e+06,80.3922,88.1188,57.8431,30.6931,58,58
356062,,,,,,,,,,,,,,,,,,,,,,266,,,,,,,
356237,,,,,,,,,,,,,,,,,,,,,,223,,,,,,,
356401,,,,,,,,,,,,,24.096,,,,,,,,,,,,,,,,
356439,,,,,,,,,,,,,,,,,,,,,,142,,,,,,,
356585,,,,,,,,,,,,,,,,,,,,,,277,,,,,,,
356949,,,,,,,,,,,,,,,,,,,,,,175,,,,,,,
356995,55200,56800,56200,54200,54200,70000,1.2e+06,1.2e+06,1.2e+06,1.2e+06,1.596e+06,1.596e+06,,,,,,,,,,,9.8608e+06,80,86.7347,64.3564,34.3434,57.5758,56.5657
357132,,,,,,,,,,,,,,,,,,,,,,209,,,,,,,
357179,,,,,,,,,,,,,,,,,,,,,,267,,,,,,,
357203,,,,,,,,,,,,,,,,,,,,,,275,,,,,,,
357518,,,,,,,,,,,,,,,,,,,,,,173,,,,,,,
357666,,,,,,,,,,,,,,,,,,,,,,172,,,,,,,
357700,,,,,,,,,,,,,,,,,,,,,,278,,,,,,,
357849,,,,,,,,,,,,,,,,,,,,,,224,,,,,,,
357858,,,,,,,,,,,,,,,,,,,,,,197,,,,,,,
357995,55200,57000,56400,54400,54200,70000,1.2e+06,1.2e+06,1.2e+06,1.2e+06,1.596e+06,1.596e+06,,,,,,,,,,,8.5288e+06,80.198,87,58,36,56.5657,60
358314,,,,,,,,,,,,,,,,,,,,,,276,,,,,,,
358607,,,,,,,,,,,,,,,,,,,,,,176,,,,,,,
358744,,,,,,,,,,,,,,,,,,,,,,268,,,,,,,
358754,,,,,,,,,,,,,,,,,,,,,,210,,,,,,,
358810,,,,,,,,,,,,,,,,,,,,,,279,,,,,,,
358983,,,,,,,,,,,,,,,,,,,,,,225,,,,,,,
358995,55400,57400,56400,54400,54000,70000,1.2e+06,1.2e+06,1.2e+06,1.2e+06,1.596e+06,1.596e+06,,,,,,,,,,,8.0778e+06,80.198,88,64.3564,38,64.7059,65
359110,,,,,,,,,,,,,,,,,,,,,,143,,,,,,,
359425,,,,,,,,,,,,,,,,,,,,,,277,,,,,,,
359495,,,,,,,,,,,,,,,,,,,,,,198,,,,,,,
359657,,,,,,,,,,,,,,,,,,,,,,174,,,,,,,
359808,,,,,,,,,,,,,,,,,,,,,,173,,,,,,,
359863,,,,,,,,,,,,,,,,,,,,,,269,,,,,,,
359995,55400,57500,56400,54600,54200,70000,1.2e+06,1.2e+06,1.2e+06,1.2e+06,1.596e+06,1.596e+06,,,,,,,,,,,9.384e+06,80.198,85.8586,57,37.6238,56.5657,58.5859
360381,,,,,,,,,,,,,,,,,,,,,,211,,,,,,,
360596,,,,,,,,,,,,,,,,,,,,,,226,,,,,,,
360743,,,,,,,,,,,,,,,,,,,,,,177,,,,,,,
360983,,,,,,,,,,,,,,,,,,,,,,278,,,,,,,
360995,55200,57200,56200,54400,54000,70000,1.2e+06,1.2e+06,1.2e+06,1.2e+06,1.596e+06,1.596e+06,,,,,,,,,,,8.0832e+06,83,85.7143,56.5657,31,60.2041,59.596
361132,,,,,,,,,,,,,,,,,,,,,,199,,,,,,,
361294,,,,,,,,,,,,,,,,,,,,,,144,,,,,,,
361426,,,,,,,,,,,,,,,,,,,,,,270,,,,,,,
361468,,,,,,,,,,,,,,,,,,,,,,174,,,,,,,
361472,,,,,,,,,,,,,,,,,,,,,,281,,,,,,,
361796,,,,,,,,,,,,,,,,,,,,,,175,,,,,,,
361996,55000,57400,56000,54600,54000,70000,1.2e+06,1.2e+06,1.2e+06,1.2e+06,1.596e+06,1.596e+06,,,,,,,,,,,8.883e+06,83.4951,85,57,28.2828,59.596,60.6061
362007,,,,,,,,,,,,,,,,,,,,,,212,,,,,,,
362095,,,,,,,,,,,,,,,,,,,,,,279,,,,,,,
362208,,,,,,,,,,,,,,,,,,,,,,227,,,,,,,
362552,,,,,,,,,,,,,,,,,,,,,,271,,,,,,,
362584,,,,,,,,,,,,,,,,,,,,,,282,,,,,,,
362767,,,,,,,,,,,,,,,,,,,,,,200,,,,,,,
362880,,,,,,,,,,,,,,,,,,,,,,178,,,,,,,
362995,55200,57400,56200,54400,54200,70000,1.2e+06,1.2e+06,1.2e+06,1.2e+06,1.596e+06,1.596e+06,,,,,,,,,,,8.733e+06,81,89,60.396,31.6327,60,58.1633
363208,,,,,,,,,,,,,,,,,,,,,,280,,,,,,,
363458,,,,,,,,,,,,,,,,,,,,,,176,,,,,,,
363613,,,,,,,,,,,,,,,,,,,,,,175,,,,,,,
363820,,,,,,,,,,,,,,,,,,,,,,228,,,,,,,
363965,,,,,,,,,,,,,,,,,,,,,,145,,,,,,,
363995,55400,56600,56400,54400,54200,70000,1.2e+06,1.2e+06,1.2e+06,1.2e+06,1.596e+06,1.596e+06,,,,,,,,,,,9.562e+06,80.3922,85.7143,61.3861,36,56,58.4158
364117,,,,,,,,,,,,,,,,,,,,,,272,,,,,,,
364119,,,,,,,,,,,,,,,,,,,,,,213,,,,,,,
364138,,,,,,,,,,,,,,,,,,,,,,283,,,,,,,
364538,,,,,,,,,,,,,,,,,,,,,,179,,,,,,,
364765,,,,,,,,,,,,,,,,,,,,,,281,,,,,,,
364876,,,,,,,,,,,,,,,,,,,,,,201,,,,,,,
364996,55400,57500,56400,54600,54000,70000,1.2e+06,1.2e+06,1.2e+06,1.2e+06,1.596e+06,1.596e+06,,,,,,,,,,,8.5366e+06,79.798,89,59.596,35.3535,59,60.2041
365056,,,,,,,,,,,,,,66.29,60.69,,,,,,,,,,,,,,
365236,,,,,,,,,,,,,,,,,,,,,,273,,,,,,,
365248,,,,,,,,,,,,,,,,,,,,,,284,,,,,,,
365433,,,,,,,,,,,,,,,,,,,,,,229,,,,,,,
365598,,,,,,,,,,,,,,,,,,,,,,177,,,,,,,
365741,,,,,,,,,,,,,,,,,,,,,,214,,,,,,,
365753,,,,,,,,,,,,,,,,,,,,,,176,,,,,,,
365877,,,,,,,,,,,,,,,,,,,,,,282,,,,,,,
365995,55600,57500,56400,54600,54200,70000,1.2e+06,1.2e+06,1.2e+06,1.2e+06,1.596e+06,1.596e+06,,,,,,,,,,,9.4642e+06,79.4118,85.8586,66,36.3636,62,63.6364
366147,,,,,,,,,,,,,,,,,,,,,,146,,,,,,,
366353,,,,,,,,,,,,,,,,,,,,,,274,,,,,,,
366358,,,,,,,,,,,,,,,,,,,,,,285,,,,,,,
366471,,,,,,,,,,,,,24.096,,,,,,,,,,,,,,,,
366513,,,,,,,,,,,,,,,,,,,,,,202,,,,,,,
366674,,,,,,,,,,,,,,,,,,,,,,180,,,,,,,
366989,,,,,,,,,,,,,,,,,,,,,,283,,,,,,,
366996,55600,57700,56600,54600,54400,70000,1.2e+06,1.2e+06,1.2e+06,1.2e+06,1.596e+06,1.596e+06,,,,,,,,,,,9.8386e+06,82.1782,85,57,36,58.5859,59.596
367045,,,,,,,,,,,,,,,,,,,,,,230,,,,,,,
367363,,,,,,,,,,,,,,,,,,,,,,215,,,,,,,
367413,,,,,,,,,,,,,,,,,,,,,,177,,,,,,,
367737,,,,,,,,,,,,,,,,,,,,,,178,,,,,,,
367912,,,,,,,,,,,,,,,,,,,,,,286,,,,,,,
367917,,,,,,,,,,,,,,,,,,,,,,275,,,,,,,
368003,55400,57500,56400,54600,54400,70000,1.2e+06,1.2e+06,1.2e+06,1.2e+06,1.596e+06,1.596e+06,,,,,,,,,,,8.7266e+06,81.1881,86,56.4356,28.2828,58.8235,58.4158
368548,,,,,,,,,,,,,,,,,,,,,,284,,,,,,,
368657,,,,,,,,,,,,,,,,,,,,,,231,,,,,,,
368823,,,,,,,,,,,,,,,,,,,,,,147,,,,,,,
368990,,,,,,,,,,,,,,,,,,,,,,216,,,,,,,
368995,55200,57400,56400,54200,54200,70000,1.2e+06,1.2e+06,1.2e+06,1.2e+06,1.596e+06,1.596e+06,,,,,,,,,,,8.8474e+06,84,85.567,57,28.7129,59.1837,60.6061
369028,,,,,,,,,,,,,,,,,,,,,,287,,,,,,,
369035,,,,,,,,,,,,,,,,,,,,,,276,,,,,,,
369397,,,,,,,,,,,,,,,,,,,,,,179,,,,,,,
369554,,,,,,,,,,,,,,,,,,,,,,178,,,,,,,
369661,,,,,,,,,,,,,,,,,,,,,,285,,,,,,,
369784,,,,,,,,,,,,,,,,,,,,,,204,,,,,,,
369995,55400,57400,56200,54400,54000,70000,1.2e+06,1.2e+06,1.2e+06,1.2e+06,1.596e+06,1.596e+06,,,,,,,,,,,8.912e+06,80.198,88,61,32.6531,59,58.1633
370138,,,,,,,,,,,,,,,,,,,,,,288,,,,,,,
370270,,,,,,,,,,,,,,,,,,,,,,232,,,,,,,
370468,,,,,,,,,,,,,,,,,,,,,,182,,,,,,,
370599,,,,,,,,,,,,,,,,,,,,,,277,,,,,,,
370612,,,,,,,,,,,,,,,,,,,,,,217,,,,,,,
370775,,,,,,,,,,,,,,,,,,,,,,286,,,,,,,
370993,,,,,,,,,,,,,,,,,,,,,,148,,,,,,,
370995,55400,56600,56400,54400,54200,70000,1.2e+06,1.2e+06,1.2e+06,1.2e+06,1.596e+06,1.596e+06,,,,,,,,,,,9.5154e+06,80,86.1386,61.3861,36,56,58.4158
371404,,,,,,,,,,,,,,,,,,,,,,233,,,,,,,
371536,,,,,,,,,,,,,,,,,,,,,,180,,,,,,,
371688,,,,,,,,,,,,,,,,,,,,,,289,,,,,,,
371692,,,,,,,,,,,,,,,,,,,,,,179,,,,,,,
371717,,,,,,,,,,,,,,,,,,,,,,278,,,,,,,
371892,,,,,,,,,,,,,,,,,,,,,,205,,,,,,,
371995,55600,57700,56400,54800,54200,70000,1.2e+06,1.2e+06,1.2e+06,1.2e+06,1.596e+06,1.596e+06,,,,,,,,,,,9.7486e+06,79.6117,89.7959,61.3861,35.7143,61.6162,62.2449
372234,,,,,,,,,,,,,,,,,,,,,,218,,,,,,,
372336,,,,,,,,,,,,,,,,,,,,,,287,,,,,,,
372603,,,,,,,,,,,,,,,,,,,,,,183,,,,,,,
372798,,,,,,,,,,,,,,,,,,,,,,290,,,,,,,
372834,,,,,,,,,,,,,,,,,,,,,,279,,,,,,,
372995,55200,57200,56400,54600,54200,70000,1.2e+06,1.2e+06,1.2e+06,1.2e+06,1.596e+06,1.596e+06,,,,,,,,,,,9.1432e+06,79,85,61.6162,36.2745,59,61.6162
373016,,,,,,,,,,,,,,,,,,,,,,234,,,,,,,
373173,,,,,,,,,,,,,,,,,,,,,,149,,,,,,,
373351,,,,,,,,,,,,,,,,,,,,,,180,,,,,,,
373447,,,,,,,,,,,,,,,,,,,,,,288,,,,,,,
373529,,,,,,,,,,,,,,,,,,,,,,206,,,,,,,
373675,,,,,,,,,,,,,,,,,,,,,,181,,,,,,,
373856,,,,,,,,,,,,,,,,,,,,,,219,,,,,,,
373910,,,,,,,,,,,,,,,,,,,,,,291,,,,,,,
373995,55600,57700,56600,54600,54400,70000,1.2e+06,1.2e+06,1.2e+06,1.2e+06,1.596e+06,1.596e+06,,,,,,,,,,,9.2066e+06,85.1485,85.8586,57,35.7143,60.6061,60.6061
374262,,,,,,,,,,,,,,,,,,,,,,184,,,,,,,
374559,,,,,,,,,,,,,,,,,,,,,,289,,,,,,,
374628,,,,,,,,,,,,,,,,,,,,,,235,,,,,,,
374995,55600,57400,56400,54600,54400,70000,1.2e+06,1.2e+06,1.2e+06,1.2e+06,1.596e+06,1.596e+06,,,,,,,,,,,9.2792e+06,81.1881,85.8586,56.4356,27,58.4158,58.5859
375165,,,,,,,,,,,,,,,,,,,,,,207,,,,,,,
375193,,,,,,,,,,,,,,66.25,60.73,,,,,,,,,,,,,,
375336,,,,,,,,,,,,,,,,,,,,,,182,,,,,,,
375462,,,,,,,,,,,,,,,,,,,,,,292,,,,,,,
375489,,,,,,,,,,,,,,,,,,,,,,220,,,,,,,
375493,,,,,,,,,,,,,,,,,,,,,,181,,,,,,,
375517,,,,,,,,,,,,,,,,,,,,,,281,,,,,,,
375843,,,,,,,,,,,,,,,,,,,,,,150,,,,,,,
376003,55200,57000,56400,54600,54400,70000,1.2e+06,1.2e+06,1.2e+06,1.2e+06,1.596e+06,1.596e+06,,,,,,,,,,,8.579e+06,82.1782,85.1485,56.4356,33.6634,59.4059,59.4059
376116,,,,,,,,,,,,,,,,,,,,,,290,,,,,,,
376241,,,,,,,,,,,,,,,,,,,,,,236,,,,,,,
376398,,,,,,,,,,,,,,,,,,,,,,185,,,,,,,
376525,,,,,,,,,,,,,24.096,,,,,,,,,,,,,,,,
376573,,,,,,,,,,,,,,,,,,,,,,293,,,,,,,
376802,,,,,,,,,,,,,,,,,,,,,,208,,,,,,,
376995,55600,57500,56600,55000,54200,70000,1.2e+06,1.2e+06,1.2e+06,1.2e+06,1.596e+06,1.596e+06,,,,,,,,,,,9.5622e+06,79.798,88.8889,63.2653,34.6939,59.596,58.5859
377081,,,,,,,,,,,,,,,,,,,,,,282,,,,,,,
377114,,,,,,,,,,,,,,,,,,,,,,221,,,,,,,
377228,,,,,,,,,,,,,,,,,,,,,,291,,,,,,,
377476,,,,,,,,,,,,,,,,,,,,,,183,,,,,,,
377634,,,,,,,,,,,,,,,,,,,,,,182,,,,,,,
377683,,,,,,,,,,,,,,,,,,,,,,294,,,,,,,
377853,,,,,,,,,,,,,,,,,,,,,,237,,,,,,,
377995,55600,56800,56400,54600,54400,70000,1.2e+06,1.2e+06,1.2e+06,1.2e+06,1.596e+06,1.596e+06,,,,,,,,,,,8.5988e+06,80.198,85.8586,58,36.6337,55.5556,58
378023,,,,,,,,,,,,,,,,,,,,,,151,,,,,,,
378200,,,,,,,,,,,,,,,,,,,,,,283,,,,,,,
378341,,,,,,,,,,,,,,,,,,,,,,292,,,,,,,
378534,,,,,,,,,,,,,,,,,,,,,,186,,,,,,,
378736,,,,,,,,,,,,,,,,,,,,,,222,,,,,,,
378791,,,,,,,,,,,,,,,,,,,,,,295,,,,,,,
378911,,,,,,,,,,,,,,,,,,,,,,209,,,,,,,
378995,55800,57700,56800,54800,54600,70000,1.2e+06,1.2e+06,1.2e+06,1.2e+06,1.596e+06,1.596e+06,,,,,,,,,,,8.8984e+06,79.6117,89,63.7255,35.3535,63,64.2857
379294,,,,,,,,,,,,,,,,,,,,,,183,,,,,,,
379318,,,,,,,,,,,,,,,,,,,,,,284,,,,,,,
379466,,,,,,,,,,,,,,,,,,,,,,238,,,,,,,
379615,,,,,,,,,,,,,,,,,,,,,,184,,,,,,,
379995,55600,57000,56800,54800,54600,70000,1.2e+06,1.2e+06,1.2e+06,1.2e+06,1.596e+06,1.596e+06,,,,,,,,,,,8.9904e+06,80,85.8586,59,35.3535,58,59.596
380191,,,,,,,,,,,,,,,,,,,,,,187,,,,,,,
380203,,,,,,,,,,,,,,,,,,,,,,152,,,,,,,
380342,,,,,,,,,,,,,,,,,,,,,,296,,,,,,,
380360,,,,,,,,,,,,,,,,,,,,,,223,,,,,,,
380548,,,,,,,,,,,,,,,,,,,,,,210,,,,,,,
380883,,,,,,,,,,,,,,,,,,,,,,285,,,,,,,
380995,55600,57400,56400,54800,54600,70000,1.2e+06,1.2e+06,1.2e+06,1.2e+06,1.596e+06,1.596e+06,,,,,,,,,,,8.4562e+06,84.1584,84.8485,57.8431,33.3333,59.596,60.6061
381011,,,,,,,,,,,,,,,,,,,,,,294,,,,,,,
381078,,,,,,,,,,,,,,,,,,,,,,239,,,,,,,
381275,,,,,,,,,,,,,,,,,,,,,,185,,,,,,,
381434,,,,,,,,,,,,,,,,,,,,,,184,,,,,,,
381452,,,,,,,,,,,,,,,,,,,,,,297,,,,,,,
381982,,,,,,,,,,,,,,,,,,,,,,224,,,,,,,
381996,55600,57000,56400,54600,54400,70000,1.2e+06,1.2e+06,1.2e+06,1.2e+06,1.596e+06,1.596e+06,,,,,,,,,,,9.2154e+06,83,85.8586,57,26.5306,59.596,59.596
382001,,,,,,,,,,,,,,,,,,,,,,286,,,,,,,
382124,,,,,,,,,,,,,,,,,,,,,,295,,,,,,,
382184,,,,,,,,,,,,,,,,,,,,,,211,,,,,,,
382327,,,,,,,,,,,,,,,,,,,,,,188,,,,,,,
382562,,,,,,,,,,,,,,,,,,,,,,298,,,,,,,
382690,,,,,,,,,,,,,,,,,,,,,,240,,,,,,,
382871,,,,,,,,,,,,,,,,,,,,,,153,,,,,,,
382995,55400,57400,56600,55000,54400,70000,1.2e+06,1.2e+06,1.2e+06,1.2e+06,1.596e+06,1.596e+06,,,,,,,,,,,8.8142e+06,80.198,87,57.5758,28.2828,58.4158,58.5859
383414,,,,,,,,,,,,,,,,,,,,,,186,,,,,,,
383564,,,,,,,,,,,,,,,,,,,,,,287,,,,,,,
383572,,,,,,,,,,,,,,,,,,,,,,185,,,,,,,
383604,,,,,,,,,,,,,,,,,,,,,,225,,,,,,,
383682,,,,,,,,,,,,,,,,,,,,,,296,,,,,,,
383824,,,,,,,,,,,,,,,,,,,,,,241,,,,,,,
383987,,,,,,,,,,,,,,,,,,,,,,189,,,,,,,
383996,56000,57500,56600,55000,54600,70000,1.2e+06,1.2e+06,1.2e+06,1.2e+06,1.596e+06,1.596e+06,,,,,,,,,,,9.179e+06,79.2079,86.8687,64,35.3535,58,57
384112,,,,,,,,,,,,,,,,,,,,,,299,,,,,,,
384683,,,,,,,,,,,,,,,,,,,,,,288,,,,,,,
384795,,,,,,,,,,,,,,,,,,,,,,297,,,,,,,
384996,56000,57200,56800,55000,54400,70000,1.2e+06,1.2e+06,1.2e+06,1.2e+06,1.596e+06,1.596e+06,,,,,,,,,,,8.401e+06,81,87.7551,57.8431,36.6337,57,59.596
385050,,,,,,,,,,,,,,,,,,,,,,154,,,,,,,
385224,,,,,,,,,,,,,,,,,,,,,,300,,,,,,,
385231,,,,,,,,,,,,,,,,,,,,,,226,,,,,,,
385234,,,,,,,,,,,,,,,,,,,,,,186,,,,,,,
385359,,,,,,,,,,,,,,66.25,60.73,,,,,,,,,,,,,,
385436,,,,,,,,,,,,,,,,,,,,,,242,,,,,,,
385553,,,,,,,,,,,,,,,,,,,,,,187,,,,,,,
385801,,,,,,,,,,,,,,,,,,,,,,289,,,,,,,
385929,,,,,,,,,,,,,,,,,,,,,,213,,,,,,,
385995,55600,57400,56600,54800,54600,70000,1.2e+06,1.2e+06,1.2e+06,1.2e+06,1.596e+06,1.596e+06,,,,,,,,,,,9.8528e+06,80.3922,88.1188,63.6364,35.3535,64.2857,65.3061
386122,,,,,,,,,,,,,,,,,,,,,,190,,,,,,,
386333,,,,,,,,,,,,,,,,,,,,,,301,,,,,,,
386367,,,,,,,,,,,,,,,,,,,,,,298,,,,,,,
386585,,,,,,,,,,,,,24.107,,,,,,,,,,,,,,,,
386995,55600,57400,56800,55000,54600,70000,1.2e+06,1.2e+06,1.2e+06,1.2e+06,1.596e+06,1.596e+06,,,,,,,,,,,8.5298e+06,80.198,84.8485,57.4257,35.7143,57,58
387049,,,,,,,,,,,,,,,,,,,,,,243,,,,,,,
387214,,,,,,,,,,,,,,,,,,,,,,188,,,,,,,
387335,,,,,,,,,,,,,,,,,,,,,,227,,,,,,,
387364,,,,,,,,,,,,,,,,,,,,,,290,,,,,,,
387371,,,,,,,,,,,,,,,,,,,,,,187,,,,,,,
387467,,,,,,,,,,,,,,,,,,,,,,299,,,,,,,
387565,,,,,,,,,,,,,,,,,,,,,,214,,,,,,,
387719,,,,,,,,,,,,,,,,,,,,,,155,,,,,,,
387884,,,,,,,,,,,,,,,,,,,,,,302,,,,,,,
387995,55800,57200,56600,55000,54800,70000,1.2e+06,1.2e+06,1.2e+06,1.2e+06,1.596e+06,1.596e+06,,,,,,,,,,,9.5128e+06,83,85.8586,58,31,60,59.596
388258,,,,,,,,,,,,,,,,,,,,,,191,,,,,,,
388484,,,,,,,,,,,,,,,,,,,,,,291,,,,,,,
388578,,,,,,,,,,,,,,,,,,,,,,300,,,,,,,
388661,,,,,,,,,,,,,,,,,,,,,,244,,,,,,,
388963,,,,,,,,,,,,,,,,,,,,,,228,,,,,,,
388995,55600,57400,56800,55000,54800,70000,1.2e+06,1.2e+06,1.2e+06,1.2e+06,1.596e+06,1.596e+06,,,,,,,,,,,9.0438e+06,83.3333,85,57,28,60,61
388997,,,,,,,,,,,,,,,,,,,,,,303,,,,,,,
389201,,,,,,,,,,,,,,,,,,,,,,215,,,,,,,
389354,,,,,,,,,,,,,,,,,,,,,,189,,,,,,,
389511,,,,,,,,,,,,,,,,,,,,,,188,,,,,,,
389898,,,,,,,,,,,,,,,,,,,,,,156,,,,,,,
389916,,,,,,,,,,,,,,,,,,,,,,192,,,,,,,
389995,55800,57700,56800,55000,54800,70000,1.2e+06,1.2e+06,1.2e+06,1.2e+06,1.596e+06,1.596e+06,,,,,,,,,,,9.159e+06,80.198,89,59.596,32.6733,59.596,58.5859
390047,,,,,,,,,,,,,,,,,,,,,,292,,,,,,,
390110,,,,,,,,,,,,,,,,,,,,,,304,,,,,,,
390139,,,,,,,,,,,,,,,,,,,,,,301,,,,,,,
390273,,,,,,,,,,,,,,,,,,,,,,245,,,,,,,
390584,,,,,,,,,,,,,,,,,,,,,,229,,,,,,,
390838,,,,,,,,,,,,,,,,,,,,,,216,,,,,,,
390996,55800,57400,56800,55000,54600,70000,1.2e+06,1.2e+06,1.2e+06,1.2e+06,1.596e+06,1.596e+06,,,,,,,,,,,8.616e+06,81.1881,85.8586,62.3762,36.3636,56,58
391168,,,,,,,,,,,,,,,,,,,,,,293,,,,,,,
391174,,,,,,,,,,,,,,,,,,,,,,189,,,,,,,
391247,,,,,,,,,,,,,,,,,,,,,,302,,,,,,,
391493,,,,,,,,,,,,,,,,,,,,,,190,,,,,,,
391663,,,,,,,,,,,,,,,,,,,,,,305,,,,,,,
391885,,,,,,,,,,,,,,,,,,,,,,246,,,,,,,
391995,56000,57400,56800,55200,54600,70000,1.2e+06,1.2e+06,1.2e+06,1.2e+06,1.596e+06,1.596e+06,,,,,,,,,,,9.3298e+06,79.2079,89,59.4059,36,58.5859,60.6061
392055,,,,,,,,,,,,,,,,,,,,,,193,,,,,,,
392212,,,,,,,,,,,,,,,,,,,,,,230,,,,,,,
392286,,,,,,,,,,,,,,,,,,,,,,294,,,,,,,
392358,,,,,,,,,,,,,,,,,,,,,,303,,,,,,,
392583,,,,,,,,,,,,,,,,,,,,,,157,,,,,,,
392947,,,,,,,,,,,,,,,,,,,,,,217,,,,,,,
392995,56000,57400,56800,55200,55000,70000,1.2e+06,1.2e+06,1.2e+06,1.2e+06,1.596e+06,1.596e+06,,,,,,,,,,,8.1744e+06,80,85.7143,62,34.3434,62,64
393154,,,,,,,,,,,,,,,,,,,,,,191,,,,,,,
393318,,,,,,,,,,,,,,,,,,,,,,190,,,,,,,
393498,,,,,,,,,,,,,,,,,,,,,,247,,,,,,,
393713,,,,,,,,,,,,,,,,,,,,,,194,,,,,,,
393843,,,,,,,,,,,,,,,,,,,,,,231,,,,,,,
393850,,,,,,,,,,,,,,,,,,,,,,295,,,,,,,
393886,,,,,,,,,,,,,,,,,,,,,,307,,,,,,,
393923,,,,,,,,,,,,,,,,,,,,,,304,,,,,,,
393995,56000,58100,56800,55000,54800,70000,1.2e+06,1.2e+06,1.2e+06,1.2e+06,1.596e+06,1.596e+06,,,,,,,,,,,1.02266e+07,82.1782,85.8586,57.5758,35.7143,58.5859,59.1837
394583,,,,,,,,,,,,,,,,,,,,,,218,,,,,,,
394753,,,,,,,,,,,,,,,,,,,,,,158,,,,,,,
394968,,,,,,,,,,,,,,,,,,,,,,296,,,,,,,
394999,55800,57700,57000,55000,54800,70000,1.2e+06,1.2e+06,1.2e+06,1.2e+06,1.596e+06,1.596e+06,,,,,,,,,,,8.9274e+06,81.1881,85.1485,56.4356,31.7308,58.4158,58
395029,,,,,,,,,,,,,,,,,,,,,,305,,,,,,,
395110,,,,,,,,,,,,,,,,,,,,,,248,,,,,,,
395293,,,,,,,,,,,,,,,,,,,,,,192,,,,,,,
395445,,,,,,,,,,,,,,,,,,,,,,308,,,,,,,
395459,,,,,,,,,,,,,,,,,,,,,,191,,,,,,,
395466,,,,,,,,,,,,,,,,,,,,,,232,,,,,,,
395509,,,,,,,,,,,,,,66.42,60.73,,,,,,,,,,,,,,
395849,,,,,,,,,,,,,,,,,,,,,,195,,,,,,,
395995,56000,57900,56800,55000,54600,70000,1.2e+06,1.2e+06,1.2e+06,1.2e+06,1.596e+06,1.596e+06,,,,,,,,,,,8.67e+06,83.3333,85.7143,58.4158,27.551,59.596,60.2041
396140,,,,,,,,,,,,,,,,,,,,,,306,,,,,,,
396219,,,,,,,,,,,,,,,,,,,,,,219,,,,,,,
396244,,,,,,,,,,,,,,,,,,,,,,249,,,,,,,
396553,,,,,,,,,,,,,,,,,,,,,,297,,,,,,,
396557,,,,,,,,,,,,,,,,,,,,,,309,,,,,,,
396651,,,,,,,,,,,,,24.107,,,,,,,,,,,,,,,,
396933,,,,,,,,,,,,,,,,,,,,,,159,,,,,,,
396953,,,,,,,,,,,,,,,,,,,,,,193,,,,,,,
396996,56000,58100,57200,55200,54800,70000,1.2e+06,1.2e+06,1.2e+06,1.2e+06,1.596e+06,1.596e+06,,,,,,,,,,,8.582e+06,80,87.8788,61.6162,33.3333,58.5859,59
397093,,,,,,,,,,,,,,,,,,,,,,233,,,,,,,
397602,,,,,,,,,,,,,,,,,,,,,,192,,,,,,,
397671,,,,,,,,,,,,,,,,,,,,,,298,,,,,,,
397677,,,,,,,,,,,,,,,,,,,,,,310,,,,,,,
397698,,,,,,,,,,,,,,,,,,,,,,307,,,,,,,
397855,,,,,,,,,,,,,,,,,,,,,,220,,,,,,,
397856,,,,,,,,,,,,,,,,,,,,,,250,,,,,,,
397985,,,,,,,,,,,,,,,,,,,,,,196,,,,,,,
397995,56000,57000,56800,55000,54600,70000,1.2e+06,1.2e+06,1.2e+06,1.2e+06,1.596e+06,1.596e+06,,,,,,,,,,,9.4862e+06,81,85.8586,60.396,37.2549,55.5556,57.5758
398812,,,,,,,,,,,,,,,,,,,,,,308,,,,,,,
398996,56400,58500,57200,55400,55000,70000,1.2e+06,1.2e+06,1.2e+06,1.2e+06,1.596e+06,1.596e+06,,,,,,,,,,,8.6726e+06,79.4118,89.899,61.3861,36.3636,62,62.2449
399093,,,,,,,,,,,,,,,,,,,,,,194,,,,,,,
399228,,,,,,,,,,,,,,,,,,,,,,311,,,,,,,
399234,,,,,,,,,,,,,,,,,,,,,,299,,,,,,,
399262,,,,,,,,,,,,,,,,,,,,,,193,,,,,,,
399469,,,,,,,,,,,,,,,,,,,,,,251,,,,,,,
399603,,,,,,,,,,,,,,,,,,,,,,160,,,,,,,
399643,,,,,,,,,,,,,,,,,,,,,,197,,,,,,,
399975,,,,,,,,,,,,,,,,,,,,,,221,,,,,,,
399995,56400,58100,57200,55400,55000,70000,1.2e+06,1.2e+06,1.2e+06,1.2e+06,1.596e+06,1.596e+06,,,,,,,,,,,9.5478e+06,79.2079,85,60.6061,36,59.596,62
400338,,,,,,,,,,,,,,,,,,,,,,312,,,,,,,
400341,,,,,,,,,,,,,,,,,,,,,,235,,,,,,,
400351,,,,,,,,,,,,,,,,,,,,,,300,,,,,,,
400995,56400,58300,57200,55400,55200,70000,1.2e+06,1.2e+06,1.2e+06,1.2e+06,1.596e+06,1.596e+06,,,,,,,,,,,7.2544e+06,84.1584,85.7143,57.5758,36.6337,60,59.596
401081,,,,,,,,,,,,,,,,,,,,,,252,,,,,,,
401233,,,,,,,,,,,,,,,,,,,,,,195,,,,,,,
401401,,,,,,,,,,,,,,,,,,,,,,194,,,,,,,
401450,,,,,,,,,,,,,,,,,,,,,,313,,,,,,,
401485,,,,,,,,,,,,,,,,,,,,,,310,,,,,,,
401600,,,,,,,,,,,,,,,,,,,,,,222,,,,,,,
401779,,,,,,,,,,,,,,,,,,,,,,198,,,,,,,
401781,,,,,,,,,,,,,,,,,,,,,,161,,,,,,,
401923,,,,,,,,,,,,,,,,,,,,,,301,,,,,,,
401968,,,,,,,,,,,,,,,,,,,,,,236,,,,,,,
401995,56400,58500,57200,55400,55000,70000,1.2e+06,1.2e+06,1.2e+06,1.2e+06,1.596e+06,1.596e+06,,,,,,,,,,,9.6248e+06,81,86,57.4257,26.2626,58,59
402596,,,,,,,,,,,,,,,,,,,,,,311,,,,,,,
402694,,,,,,,,,,,,,,,,,,,,,,253,,,,,,,
402893,,,,,,,,,,,,,,,,,,,,,,196,,,,,,,
403003,56000,58100,57000,55400,55000,70000,1.2e+06,1.2e+06,1.2e+06,1.2e+06,1.596e+06,1.596e+06,,,,,,,,,,,8.4888e+06,81.3725,85,56.8627,29,59,59
403004,,,,,,,,,,,,,,,,,,,,,,314,,,,,,,
403035,,,,,,,,,,,,,,,,,,,,,,302,,,,,,,
403237,,,,,,,,,,,,,,,,,,,,,,223,,,,,,,
403708,,,,,,,,,,,,,,,,,,,,,,312,,,,,,,
403916,,,,,,,,,,,,,,,,,,,,,,199,,,,,,,
403964,,,,,,,,,,,,,,,,,,,,,,162,,,,,,,
403996,56200,58100,57200,55400,55200,70000,1.2e+06,1.2e+06,1.2e+06,1.2e+06,1.596e+06,1.596e+06,,,,,,,,,,,8.6404e+06,80.3922,88.8889,63,36.3636,58.5859,58.5859
404077,,,,,,,,,,,,,,,,,,,,,,237,,,,,,,
404117,,,,,,,,,,,,,,,,,,,,,,315,,,,,,,
404153,,,,,,,,,,,,,,,,,,,,,,303,,,,,,,
404306,,,,,,,,,,,,,,,,,,,,,,254,,,,,,,
404873,,,,,,,,,,,,,,,,,,,,,,224,,,,,,,
405003,56400,57400,57200,55600,55000,70000,1.2e+06,1.2e+06,1.2e+06,1.2e+06,1.596e+06,1.596e+06,,,,,,,,,,,9.4618e+06,81,86.1386,58.8235,35.6436,56.5657,58
405033,,,,,,,,,,,,,,,,,,,,,,197,,,,,,,
405207,,,,,,,,,,,,,,,,,,,,,,196,,,,,,,
405233,,,,,,,,,,,,,,,,,,,,,,316,,,,,,,
405266,,,,,,,,,,,,,,,,,,,,,,313,,,,,,,
405574,,,,,,,,,,,,,,,,,,,,,,200,,,,,,,
405626,,,,,,,,,,,,,,66.46,60.73,,,,,,,,,,,,,,
405705,,,,,,,,,,,,,,,,,,,,,,238,,,,,,,
405718,,,,,,,,,,,,,,,,,,,,,,304,,,,,,,
405918,,,,,,,,,,,,,,,,,,,,,,255,,,,,,,
405996,56400,58500,57200,55400,55000,70000,1.2e+06,1.2e+06,1.2e+06,1.2e+06,1.596e+06,1.596e+06,,,,,,,,,,,8.4996e+06,79.2079,88.8889,64.2857,38.7755,62.6263,63.9175
406378,,,,,,,,,,,,,,,,,,,,,,314,,,,,,,
406509,,,,,,,,,,,,,,,,,,,,,,225,,,,,,,
406635,,,,,,,,,,,,,,,,,,,,,,163,,,,,,,
406715,,,,,,,,,,,,,24.107,,,,,,,,,,,,,,,,
406782,,,,,,,,,,,,,,,,,,,,,,317,,,,,,,
406835,,,,,,,,,,,,,,,,,,,,,,305,,,,,,,
406995,56200,58500,57000,55400,55000,70000,1.2e+06,1.2e+06,1.2e+06,1.2e+06,1.596e+06,1.596e+06,,,,,,,,,,,9.5628e+06,79.2079,85.8586,58,36.3636,58.1633,59.596
407172,,,,,,,,,,,,,,,,,,,,,,198,,,,,,,
407327,,,,,,,,,,,,,,,,,,,,,,239,,,,,,,
407344,,,,,,,,,,,,,,,,,,,,,,197,,,,,,,
407489,,,,,,,,,,,,,,,,,,,,,,315,,,,,,,
407531,,,,,,,,,,,,,,,,,,,,,,256,,,,,,,
407711,,,,,,,,,,,,,,,,,,,,,,201,,,,,,,
407893,,,,,,,,,,,,,,,,,,,,,,318,,,,,,,
407995,56400,58100,57200,55600,55200,70000,1.2e+06,1.2e+06,1.2e+06,1.2e+06,1.596e+06,1.596e+06,,,,,,,,,,,8.7704e+06,84.1584,84.8485,57.4257,32.6531,60.7843,60.6061
408399,,,,,,,,,,,,,,,,,,,,,,306,,,,,,,
408618,,,,,,,,,,,,,,,,,,,,,,226,,,,,,,
408665,,,,,,,,,,,,,,,,,,,,,,257,,,,,,,
408816,,,,,,,,,,,,,,,,,,,,,,164,,,,,,,
408834,,,,,,,,,,,,,,,,,,,,,,199,,,,,,,
408950,,,,,,,,,,,,,,,,,,,,,,240,,,,,,,
408995,56400,58300,57200,55600,55000,70000,1.2e+06,1.2e+06,1.2e+06,1.2e+06,1.596e+06,1.596e+06,,,,,,,,,,,9.034e+06,83.1683,85.8586,57,27.2727,59.596,59.596
409006,,,,,,,,,,,,,,,,,,,,,,319,,,,,,,
409049,,,,,,,,,,,,,,,,,,,,,,316,,,,,,,
409369,,,,,,,,,,,,,,,,,,,,,,202,,,,,,,
409484,,,,,,,,,,,,,,,,,,,,,,198,,,,,,,
409517,,,,,,,,,,,,,,,,,,,,,,307,,,,,,,
409995,56000,58100,57200,55400,55000,70000,1.2e+06,1.2e+06,1.2e+06,1.2e+06,1.596e+06,1.596e+06,,,,,,,,,,,8.7528e+06,80.8081,87.7551,58,31.3725,57,59
410163,,,,,,,,,,,,,,,,,,,,,,317,,,,,,,
410255,,,,,,,,,,,,,,,,,,,,,,227,,,,,,,
410277,,,,,,,,,,,,,,,,,,,,,,258,,,,,,,
410563,,,,,,,,,,,,,,,,,,,,,,320,,,,,,,
410572,,,,,,,,,,,,,,,,,,,,,,241,,,,,,,
410634,,,,,,,,,,,,,,,,,,,,,,308,,,,,,,
410974,,,,,,,,,,,,,,,,,,,,,,200,,,,,,,
410995,56400,58300,57200,55600,55200,70000,1.2e+06,1.2e+06,1.2e+06,1.2e+06,1.596e+06,1.596e+06,,,,,,,,,,,8.8804e+06,80.3922,87,63.6364,36,58.5859,56.5657
411144,,,,,,,,,,,,,,,,,,,,,,199,,,,,,,
411275,,,,,,,,,,,,,,,,,,,,,,318,,,,,,,
411484,,,,,,,,,,,,,,,,,,,,,,165,,,,,,,
411505,,,,,,,,,,,,,,,,,,,,,,203,,,,,,,
411667,,,,,,,,,,,,,,,,,,,,,,321,,,,,,,
411889,,,,,,,,,,,,,,,,,,,,,,259,,,,,,,
411892,,,,,,,,,,,,,,,,,,,,,,228,,,,,,,
411995,56400,57700,57200,55600,55200,70000,1.2e+06,1.2e+06,1.2e+06,1.2e+06,1.596e+06,1.596e+06,,,,,,,,,,,9.0772e+06,80.3922,86.8687,58.2524,35.7143,57,59.596
412196,,,,,,,,,,,,,,,,,,,,,,242,,,,,,,
412199,,,,,,,,,,,,,,,,,,,,,,309,,,,,,,
412778,,,,,,,,,,,,,,,,,,,,,,322,,,,,,,
412833,,,,,,,,,,,,,,,,,,,,,,319,,,,,,,
412996,56400,58500,57400,55400,55200,70000,1.2e+06,1.2e+06,1.2e+06,1.2e+06,1.596e+06,1.596e+06,,,,,,,,,,,9.4486e+06,79.798,87.8788,64,35.3535,63.6364,64.6465
413113,,,,,,,,,,,,,,,,,,,,,,201,,,,,,,
413284,,,,,,,,,,,,,,,,,,,,,,200,,,,,,,
413318,,,,,,,,,,,,,,,,,,,,,,310,,,,,,,
413501,,,,,,,,,,,,,,,,,,,,,,260,,,,,,,
413529,,,,,,,,,,,,,,,,,,,,,,229,,,,,,,
413641,,,,,,,,,,,,,,,,,,,,,,204,,,,,,,
413668,,,,,,,,,,,,,,,,,,,,,,166,,,,,,,
413818,,,,,,,,,,,,,,,,,,,,,,243,,,,,,,
413889,,,,,,,,,,,,,,,,,,,,,,323,,,,,,,
413946,,,,,,,,,,,,,,,,,,,,,,320,,,,,,,
413995,56400,58500,57400,55400,55400,70000,1.2e+06,1.2e+06,1.2e+06,1.2e+06,1.596e+06,1.596e+06,,,,,,,,,,,9.0524e+06,80.5825,85.1485,57.5758,35.3535,57.4257,58.5859
414773,,,,,,,,,,,,,,,,,,,,,,202,,,,,,,
414884,,,,,,,,,,,,,,,,,,,,,,311,,,,,,,
414995,56400,58100,57400,55800,55600,70000,1.2e+06,1.2e+06,1.2e+06,1.2e+06,1.596e+06,1.596e+06,,,,,,,,,,,9.6712e+06,82.8283,85.7143,57.4257,31.6832,59,59.596
415057,,,,,,,,,,,,,,,,,,,,,,321,,,,,,,
415114,,,,,,,,,,,,,,,,,,,,,,261,,,,,,,
415299,,,,,,,,,,,,,,,,,,,,,,205,,,,,,,
415422,,,,,,,,,,,,,,,,,,,,,,201,,,,,,,
415438,,,,,,,,,,,,,,,,,,,,,,324,,,,,,,
415440,,,,,,,,,,,,,,,,,,,,,,244,,,,,,,
415638,,,,,,,,,,,,,,,,,,,,,,230,,,,,,,
415727,,,,,,,,,,,,,,66.50,60.73,,,,,,,,,,,,,,
415995,56400,58100,57200,55600,55200,70000,1.2e+06,1.2e+06,1.2e+06,1.2e+06,1.596e+06,1.596e+06,,,,,,,,,,,9.8012e+06,83.3333,85.8586,57,30.303,61.6162,61
416003,,,,,,,,,,,,,,,,,,,,,,312,,,,,,,
416553,,,,,,,,,,,,,,,,,,,,,,325,,,,,,,
416615,,,,,,,,,,,,,,,,,,,,,,322,,,,,,,
416726,,,,,,,,,,,,,,,,,,,,,,262,,,,,,,
416782,,,,,,,,,,,,,24.117,,,,,,,,,,,,,,,,
416913,,,,,,,,,,,,,,,,,,,,,,203,,,,,,,
416995,56400,58500,57500,55600,55200,70000,1.2e+06,1.2e+06,1.2e+06,1.2e+06,1.596e+06,1.596e+06,,,,,,,,,,,9.4498e+06,81.1881,88,59.596,31.3131,59.1837,58.5859
417062,,,,,,,,,,,,,,,,,,,,,,245,,,,,,,
417082,,,,,,,,,,,,,,,,,,,,,,202,,,,,,,
417119,,,,,,,,,,,,,,,,,,,,,,313,,,,,,,
417275,,,,,,,,,,,,,,,,,,,,,,231,,,,,,,
417435,,,,,,,,,,,,,,,,,,,,,,206,,,,,,,
417664,,,,,,,,,,,,,,,,,,,,,,326,,,,,,,
417726,,,,,,,,,,,,,,,,,,,,,,323,,,,,,,
417995,56400,58500,57200,55600,55000,70000,1.2e+06,1.2e+06,1.2e+06,1.2e+06,1.596e+06,1.596e+06,,,,,,,,,,,9.2652e+06,80,86,62.7451,36,55.5556,57.5758
418339,,,,,,,,,,,,,,,,,,,,,,263,,,,,,,
418517,,,,,,,,,,,,,,,,,,,,,,168,,,,,,,
418684,,,,,,,,,,,,,,,,,,,,,,246,,,,,,,
418685,,,,,,,,,,,,,,,,,,,,,,314,,,,,,,
418839,,,,,,,,,,,,,,,,,,,,,,324,,,,,,,
418911,,,,,,,,,,,,,,,,,,,,,,232,,,,,,,
418995,56800,57900,57500,55800,55400,70000,1.2e+06,1.2e+06,1.2e+06,1.2e+06,1.596e+06,1.596e+06,,,,,,,,,,,8.517e+06,79.4118,88.8889,59.596,36.3636,59,60.6061
419052,,,,,,,,,,,,,,,,,,,,,,204,,,,,,,
419093,,,,,,,,,,,,,,,,,,,,,,207,,,,,,,
419214,,,,,,,,,,,,,,,,,,,,,,327,,,,,,,
419220,,,,,,,,,,,,,,,,,,,,,,203,,,,,,,
419803,,,,,,,,,,,,,,,,,,,,,,315,,,,,,,
419951,,,,,,,,,,,,,,,,,,,,,,264,,,,,,,
419995,56400,58100,57500,55600,55600,70000,1.2e+06,1.2e+06,1.2e+06,1.2e+06,1.596e+06,1.596e+06,,,,,,,,,,,8.0916e+06,79.2079,86,62.7451,35.3535,62.3762,63.6364
420307,,,,,,,,,,,,,,,,,,,,,,247,,,,,,,
420324,,,,,,,,,,,,,,,,,,,,,,328,,,,,,,
420396,,,,,,,,,,,,,,,,,,,,,,325,,,,,,,
420547,,,,,,,,,,,,,,,,,,,,,,233,,,,,,,
420713,,,,,,,,,,,,,,,,,,,,,,205,,,,,,,
420995,56800,58500,57400,55600,55400,70000,1.2e+06,1.2e+06,1.2e+06,1.2e+06,1.596e+06,1.596e+06,,,,,,,,,,,8.4968e+06,82.3529,85.7143,58.8235,36.2745,58.5859,59.4059
421085,,,,,,,,,,,,,,,,,,,,,,265,,,,,,,
421230,,,,,,,,,,,,,,,,,,,,,,208,,,,,,,
421360,,,,,,,,,,,,,,,,,,,,,,204,,,,,,,
421366,,,,,,,,,,,,,,,,,,,,,,316,,,,,,,
421434,,,,,,,,,,,,,,,,,,,,,,329,,,,,,,
421508,,,,,,,,,,,,,,,,,,,,,,326,,,,,,,
421933,,,,,,,,,,,,,,,,,,,,,,248,,,,,,,
422003,56400,57900,57400,55600,55600,70000,1.2e+06,1.2e+06,1.2e+06,1.2e+06,1.596e+06,1.596e+06,,,,,,,,,,,9.342e+06,81.1881,85.1485,56.4356,29.2929,58.4158,58.1633
422483,,,,,,,,,,,,,,,,,,,,,,317,,,,,,,
422619,,,,,,,,,,,,,,,,,,,,,,327,,,,,,,
422656,,,,,,,,,,,,,,,,,,,,,,234,,,,,,,
422697,,,,,,,,,,,,,,,,,,,,,,266,,,,,,,
422852,,,,,,,,,,,,,,,,,,,,,,206,,,,,,,
422984,,,,,,,,,,,,,,,,,,,,,,330,,,,,,,
422995,56600,58100,57400,55600,55400,70000,1.2e+06,1.2e+06,1.2e+06,1.2e+06,1.596e+06,1.596e+06,,,,,,,,,,,9.4786e+06,83.8384,85.7143,56.1224,26.5306,59.1837,60.2041
423020,,,,,,,,,,,,,,,,,,,,,,205,,,,,,,
423364,,,,,,,,,,,,,,,,,,,,,,170,,,,,,,
423365,,,,,,,,,,,,,,,,,,,,,,209,,,,,,,
423555,,,,,,,,,,,,,,,,,,,,,,249,,,,,,,
423600,,,,,,,,,,,,,,,,,,,,,,318,,,,,,,
423995,56400,58300,57200,55400,55200,70000,1.2e+06,1.2e+06,1.2e+06,1.2e+06,1.596e+06,1.596e+06,,,,,,,,,,,9.4096e+06,80.3922,88.8889,62,33,58.5859,58.4158
424097,,,,,,,,,,,,,,,,,,,,,,331,,,,,,,
424177,,,,,,,,,,,,,,,,,,,,,,328,,,,,,,
424292,,,,,,,,,,,,,,,,,,,,,,235,,,,,,,
424309,,,,,,,,,,,,,,,,,,,,,,267,,,,,,,
424991,,,,,,,,,,,,,,,,,,,,,,207,,,,,,,
424996,56400,58100,57500,55600,55200,70000,1.2e+06,1.2e+06,1.2e+06,1.2e+06,1.596e+06,1.596e+06,,,,,,,,,,,8.1862e+06,81.1881,85,60.396,37,56.4356,57.5758
425024,,,,,,,,,,,,,,,,,,,,,,210,,,,,,,
425159,,,,,,,,,,,,,,,,,,,,,,206,,,,,,,
425164,,,,,,,,,,,,,,,,,,,,,,319,,,,,,,
425177,,,,,,,,,,,,,,,,,,,,,,250,,,,,,,
425208,,,,,,,,,,,,,,,,,,,,,,332,,,,,,,
425288,,,,,,,,,,,,,,,,,,,,,,329,,,,,,,
425549,,,,,,,,,,,,,,,,,,,,,,171,,,,,,,
425900,,,,,,,,,,,,,,66.38,60.81,,,,,,,,,,,,,,
425921,,,,,,,,,,,,,,,,,,,,,,268,,,,,,,
425929,,,,,,,,,,,,,,,,,,,,,,236,,,,,,,
425995,56800,57900,57500,55800,55600,70000,1.2e+06,1.2e+06,1.2e+06,1.2e+06,1.596e+06,1.596e+06,,,,,,,,,,,8.48e+06,81.1881,89.899,61,40.5941,61.2245,62.6263
426282,,,,,,,,,,,,,,,,,,,,,,320,,,,,,,
426652,,,,,,,,,,,,,,,,,,,,,,208,,,,,,,
426758,,,,,,,,,,,,,,,,,,,,,,333,,,,,,,
426799,,,,,,,,,,,,,,,,,,,,,,251,,,,,,,
426859,,,,,,,,,,,,,24.128,,,,,,,,,,,,,,,,
426865,,,,,,,,,,,,,,,,,,,,,,330,,,,,,,
426995,56800,57900,57500,55600,55400,70000,1.2e+06,1.2e+06,1.2e+06,1.2e+06,1.596e+06,1.596e+06,,,,,,,,,,,8.0962e+06,79.2079,84.8485,61,34.3434,61,61.6162
427160,,,,,,,,,,,,,,,,,,,,,,211,,,,,,,
427299,,,,,,,,,,,,,,,,,,,,,,207,,,,,,,
427534,,,,,,,,,,,,,,,,,,,,,,269,,,,,,,
427565,,,,,,,,,,,,,,,,,,,,,,237,,,,,,,
427846,,,,,,,,,,,,,,,,,,,,,,321,,,,,,,
427869,,,,,,,,,,,,,,,,,,,,,,334,,,,,,,
427976,,,,,,,,,,,,,,,,,,,,,,331,,,,,,,
427995,56600,57700,57400,55800,55400,70000,1.2e+06,1.2e+06,1.2e+06,1.2e+06,1.596e+06,1.596e+06,,,,,,,,,,,8.9838e+06,84,85.8586,57.8431,34.3434,60.396,60.6061
428217,,,,,,,,,,,,,,,,,,,,,,172,,,,,,,
428424,,,,,,,,,,,,,,,,,,,,,,252,,,,,,,
428791,,,,,,,,,,,,,,,,,,,,,,209,,,,,,,
428958,,,,,,,,,,,,,,,,,,,,,,208,,,,,,,
428963,,,,,,,,,,,,,,,,,,,,,,322,,,,,,,
428978,,,,,,,,,,,,,,,,,,,,,,335,,,,,,,
428995,56800,58300,57500,55600,55400,70000,1.2e+06,1.2e+06,1.2e+06,1.2e+06,1.596e+06,1.596e+06,,,,,,,,,,,9.2298e+06,81.3725,86,57,28,57.5758,58.1633
429088,,,,,,,,,,,,,,,,,,,,,,332,,,,,,,
429146,,,,,,,,,,,,,,,,,,,,,,270,,,,,,,
429296,,,,,,,,,,,,,,,,,,,,,,212,,,,,,,
429673,,,,,,,,,,,,,,,,,,,,,,238,,,,,,,
429995,56400,58500,57500,55600,55200,70000,1.2e+06,1.2e+06,1.2e+06,1.2e+06,1.596e+06,1.596e+06,,,,,,,,,,,8.9524e+06,82.1782,85,56,28,58.4158,59
430048,,,,,,,,,,,,,,,,,,,,,,253,,,,,,,
430091,,,,,,,,,,,,,,,,,,,,,,336,,,,,,,
430396,,,,,,,,,,,,,,,,,,,,,,173,,,,,,,
430645,,,,,,,,,,,,,,,,,,,,,,333,,,,,,,
430758,,,,,,,,,,,,,,,,,,,,,,271,,,,,,,
430930,,,,,,,,,,,,,,,,,,,,,,210,,,,,,,
430955,,,,,,,,,,,,,,,,,,,,,,213,,,,,,,
430995,56600,58300,57500,55400,55400,70000,1.2e+06,1.2e+06,1.2e+06,1.2e+06,1.596e+06,1.596e+06,,,,,,,,,,,9.336e+06,80.3922,88.7755,62.6263,36,59.596,58
431098,,,,,,,,,,,,,,,,,,,,,,209,,,,,,,
431309,,,,,,,,,,,,,,,,,,,,,,239,,,,,,,
431642,,,,,,,,,,,,,,,,,,,,,,337,,,,,,,
431647,,,,,,,,,,,,,,,,,,,,,,324,,,,,,,
432003,56400,57400,57400,55600,55200,70000,1.2e+06,1.2e+06,1.2e+06,1.2e+06,1.596e+06,1.596e+06,,,,,,,,,,,9.1512e+06,80.3922,86,58.8235,36.2745,55.5556,58.5859
432163,,,,,,,,,,,,,,,,,,,,,,254,,,,,,,
432370,,,,,,,,,,,,,,,,,,,,,,272,,,,,,,
432579,,,,,,,,,,,,,,,,,,,,,,174,,,,,,,
432591,,,,,,,,,,,,,,,,,,,,,,211,,,,,,,
432754,,,,,,,,,,,,,,,,,,,,,,338,,,,,,,
432767,,,,,,,,,,,,,,,,,,,,,,325,,,,,,,
432871,,,,,,,,,,,,,,,,,,,,,,335,,,,,,,
432946,,,,,,,,,,,,,,,,,,,,,,240,,,,,,,
432995,57000,58900,57500,55800,55800,70000,1.2e+06,1.2e+06,1.2e+06,1.2e+06,1.596e+06,1.596e+06,,,,,,,,,,,9.6194e+06,79.798,89,63.6364,35.0515,64,64.6465
433091,,,,,,,,,,,,,,,,,,,,,,214,,,,,,,
433239,,,,,,,,,,,,,,,,,,,,,,210,,,,,,,
433505,,,,,,,,,,,,,,,,,,,,,,273,,,,,,,
433781,,,,,,,,,,,,,,,,,,,,,,255,,,,,,,
433864,,,,,,,,,,,,,,,,,,,,,,339,,,,,,,
433995,56800,58300,57500,55800,55600,70000,1.2e+06,1.2e+06,1.2e+06,1.2e+06,1.596e+06,1.596e+06,,,,,,,,,,,8.8808e+06,79.2079,85.8586,59.4059,34.6939,57.5758,59.596
434330,,,,,,,,,,,,,,,,,,,,,,326,,,,,,,
434429,,,,,,,,,,,,,,,,,,,,,,336,,,,,,,
434582,,,,,,,,,,,,,,,,,,,,,,241,,,,,,,
434731,,,,,,,,,,,,,,,,,,,,,,212,,,,,,,
434749,,,,,,,,,,,,,,,,,,,,,,215,,,,,,,
434898,,,,,,,,,,,,,,,,,,,,,,211,,,,,,,
434996,56800,58100,57500,56000,55600,70000,1.2e+06,1.2e+06,1.2e+06,1.2e+06,1.596e+06,1.596e+06,,,,,,,,,,,8.9672e+06,84.1584,85.8586,57.8431,34.6535,61,60
435117,,,,,,,,,,,,,,,,,,,,,,274,,,,,,,
435248,,,,,,,,,,,,,,,,,,,,,,175,,,,,,,
435403,,,,,,,,,,,,,,,,,,,,,,256,,,,,,,
435415,,,,,,,,,,,,,,,,,,,,,,340,,,,,,,
435449,,,,,,,,,,,,,,,,,,,,,,327,,,,,,,
435541,,,,,,,,,,,,,,,,,,,,,,337,,,,,,,
435995,56800,58700,57400,55800,55600,70000,1.2e+06,1.2e+06,1.2e+06,1.2e+06,1.596e+06,1.596e+06,,,,,,,,,,,8.6696e+06,83.3333,84.8485,57.4257,26.5306,60,60.6061
436071,,,,,,,,,,,,,,66.42,60.94,,,,,,,,,,,,,,
436653,,,,,,,,,,,,,,,,,,,,,,338,,,,,,,
436692,,,,,,,,,,,,,,,,,,,,,,242,,,,,,,
436729,,,,,,,,,,,,,,,,,,,,,,275,,,,,,,
436870,,,,,,,,,,,,,,,,,,,,,,213,,,,,,,
436885,,,,,,,,,,,,,,,,,,,,,,216,,,,,,,
436921,,,,,,,,,,,,,24.117,,,,,,,,,,,,,,,,
436995,56600,58900,57700,56000,55200,70000,1.2e+06,1.2e+06,1.2e+06,1.2e+06,1.596e+06,1.596e+06,,,,,,,,,,,8.907e+06,82,87.8788,57.5758,29,57.5758,59
437025,,,,,,,,,,,,,,,,,,,,,,257,,,,,,,
437034,,,,,,,,,,,,,,,,,,,,,,328,,,,,,,
437041,,,,,,,,,,,,,,,,,,,,,,212,,,,,,,
437427,,,,,,,,,,,,,,,,,,,,,,176,,,,,,,
437642,,,,,,,,,,,,,,,,,,,,,,342,,,,,,,
437996,56600,58100,57500,55600,55600,70000,1.2e+06,1.2e+06,1.2e+06,1.2e+06,1.596e+06,1.596e+06,,,,,,,,,,,9.5858e+06,80,87.1287,64.3564,34.6939,58,56.5657
438211,,,,,,,,,,,,,,,,,,,,,,339,,,,,,,
438327,,,,,,,,,,,,,,,,,,,,,,243,,,,,,,
438342,,,,,,,,,,,,,,,,,,,,,,276,,,,,,,
438530,,,,,,,,,,,,,,,,,,,,,,214,,,,,,,
438647,,,,,,,,,,,,,,,,,,,,,,258,,,,,,,
438996,56600,57700,57500,56000,55200,70000,1.2e+06,1.2e+06,1.2e+06,1.2e+06,1.596e+06,1.596e+06,,,,,,,,,,,8.6666e+06,80.3922,87.7551,58,36,57.4257,59.596
439022,,,,,,,,,,,,,,,,,,,,,,217,,,,,,,
439179,,,,,,,,,,,,,,,,,,,,,,213,,,,,,,
439195,,,,,,,,,,,,,,,,,,,,,,343,,,,,,,
439324,,,,,,,,,,,,,,,,,,,,,,340,,,,,,,
439723,,,,,,,,,,,,,,,,,,,,,,330,,,,,,,
439954,,,,,,,,,,,,,,,,,,,,,,277,,,,,,,
439964,,,,,,,,,,,,,,,,,,,,,,244,,,,,,,
439995,56800,58500,57500,55800,55400,70000,1.2e+06,1.2e+06,1.2e+06,1.2e+06,1.596e+06,1.596e+06,,,,,,,,,,,8.9192e+06,79.2079,87.8788,63.6364,34.0206,64.2857,64.6465
440094,,,,,,,,,,,,,,,,,,,,,,177,,,,,,,
440269,,,,,,,,,,,,,,,,,,,,,,259,,,,,,,
440304,,,,,,,,,,,,,,,,,,,,,,344,,,,,,,
440438,,,,,,,,,,,,,,,,,,,,,,341,,,,,,,
440669,,,,,,,,,,,,,,,,,,,,,,215,,,,,,,
440680,,,,,,,,,,,,,,,,,,,,,,218,,,,,,,
440834,,,,,,,,,,,,,,,,,,,,,,331,,,,,,,
440840,,,,,,,,,,,,,,,,,,,,,,214,,,,,,,
440995,57000,58700,57500,55800,55400,70000,1.2e+06,1.2e+06,1.2e+06,1.2e+06,1.596e+06,1.596e+06,,,,,,,,,,,9.0442e+06,80.198,85,57.4257,36.6337,56.5657,58.5859
441415,,,,,,,,,,,,,,,,,,,,,,345,,,,,,,
441566,,,,,,,,,,,,,,,,,,,,,,278,,,,,,,
441600,,,,,,,,,,,,,,,,,,,,,,245,,,,,,,
441895,,,,,,,,,,,,,,,,,,,,,,260,,,,,,,
441951,,,,,,,,,,,,,,,,,,,,,,332,,,,,,,
441995,56800,58900,57700,56000,55800,70000,1.2e+06,1.2e+06,1.2e+06,1.2e+06,1.596e+06,1.596e+06,,,,,,,,,,,9.576e+06,83,85.8586,56.5657,32,59.4059,59.596
441998,,,,,,,,,,,,,,,,,,,,,,342,,,,,,,
442272,,,,,,,,,,,,,,,,,,,,,,178,,,,,,,
442808,,,,,,,,,,,,,,,,,,,,,,216,,,,,,,
442816,,,,,,,,,,,,,,,,,,,,,,219,,,,,,,
442964,,,,,,,,,,,,,,,,,,,,,,346,,,,,,,
442978,,,,,,,,,,,,,,,,,,,,,,215,,,,,,,
442995,56600,58500,57700,56000,55400,70000,1.2e+06,1.2e+06,1.2e+06,1.2e+06,1.596e+06,1.596e+06,,,,,,,,,,,9.0016e+06,83,85.7143,57,29.4118,59.596,60.6061
443113,,,,,,,,,,,,,,,,,,,,,,343,,,,,,,
443179,,,,,,,,,,,,,,,,,,,,,,279,,,,,,,
443515,,,,,,,,,,,,,,,,,,,,,,333,,,,,,,
443517,,,,,,,,,,,,,,,,,,,,,,261,,,,,,,
443707,,,,,,,,,,,,,,,,,,,,,,246,,,,,,,
443995,56600,58500,57500,55800,55800,70000,1.2e+06,1.2e+06,1.2e+06,1.2e+06,1.596e+06,1.596e+06,,,,,,,,,,,8.4044e+06,80.5825,88.2353,59.4059,32,59.596,58.5859
444077,,,,,,,,,,,,,,,,,,,,,,347,,,,,,,
444224,,,,,,,,,,,,,,,,,,,,,,344,,,,,,,
444453,,,,,,,,,,,,,,,,,,,,,,179,,,,,,,
444469,,,,,,,,,,,,,,,,,,,,,,217,,,,,,,
444474,,,,,,,,,,,,,,,,,,,,,,220,,,,,,,
444635,,,,,,,,,,,,,,,,,,,,,,334,,,,,,,
444791,,,,,,,,,,,,,,,,,,,,,,280,,,,,,,
444996,56600,57700,57500,55800,55600,70000,1.2e+06,1.2e+06,1.2e+06,1.2e+06,1.596e+06,1.596e+06,,,,,,,,,,,8.8642e+06,81,86.7347,62.3762,35.7143,55.4455,57.5758
445119,,,,,,,,,,,,,,,,,,,,,,216,,,,,,,
445154,,,,,,,,,,,,,,,,,,,,,,262,,,,,,,
445191,,,,,,,,,,,,,,,,,,,,,,348,,,,,,,
445344,,,,,,,,,,,,,,,,,,,,,,247,,,,,,,
445782,,,,,,,,,,,,,,,,,,,,,,345,,,,,,,
445926,,,,,,,,,,,,,,,,,,,,,,281,,,,,,,
445995,56800,57700,57700,56000,55600,70000,1.2e+06,1.2e+06,1.2e+06,1.2e+06,1.596e+06,1.596e+06,,,,,,,,,,,9.106e+06,79.2079,88.8889,59.4059,35.3535,59.596,61
446193,,,,,,,,,,,,,,66.42,60.94,,,,,,,,,,,,,,
446199,,,,,,,,,,,,,,,,,,,,,,335,,,,,,,
446608,,,,,,,,,,,,,,,,,,,,,,218,,,,,,,
446611,,,,,,,,,,,,,,,,,,,,,,221,,,,,,,
446743,,,,,,,,,,,,,,,,,,,,,,349,,,,,,,
446778,,,,,,,,,,,,,,,,,,,,,,263,,,,,,,
446782,,,,,,,,,,,,,,,,,,,,,,217,,,,,,,
446893,,,,,,,,,,,,,,,,,,,,,,346,,,,,,,
446980,,,,,,,,,,,,,,,,,,,,,,248,,,,,,,
446981,,,,,,,,,,,,,24.139,,,,,,,,,,,,,,,,
446995,56600,58900,57500,55800,55600,70000,1.2e+06,1.2e+06,1.2e+06,1.2e+06,1.596e+06,1.596e+06,,,,,,,,,,,8.276e+06,79.2079,86.1386,66,37,62,63.6364
447121,,,,,,,,,,,,,,,,,,,,,,180,,,,,,,
447320,,,,,,,,,,,,,,,,,,,,,,336,,,,,,,
447538,,,,,,,,,,,,,,,,,,,,,,282,,,,,,,
447858,,,,,,,,,,,,,,,,,,,,,,350,,,,,,,
447995,56600,58500,57900,55800,55600,70000,1.2e+06,1.2e+06,1.2e+06,1.2e+06,1.596e+06,1.596e+06,,,,,,,,,,,8.7408e+06,83,84.8485,58,37.2549,58.5859,59.596
448400,,,,,,,,,,,,,,,,,,,,,,264,,,,,,,
448436,,,,,,,,,,,,,,,,,,,,,,337,,,,,,,
448617,,,,,,,,,,,,,,,,,,,,,,249,,,,,,,
448747,,,,,,,,,,,,,,,,,,,,,,222,,,,,,,
448747,,,,,,,,,,,,,,,,,,,,,,219,,,,,,,
448921,,,,,,,,,,,,,,,,,,,,,,218,,,,,,,
448995,56600,58500,57500,55800,55800,70000,1.2e+06,1.2e+06,1.2e+06,1.2e+06,1.596e+06,1.596e+06,,,,,,,,,,,8.2096e+06,81.3725,86,56.4356,30,57.4257,57.5758
449150,,,,,,,,,,,,,,,,,,,,,,283,,,,,,,
449300,,,,,,,,,,,,,,,,,,,,,,181,,,,,,,
449563,,,,,,,,,,,,,,,,,,,,,,348,,,,,,,
449995,56600,58500,57700,56200,55600,70000,1.2e+06,1.2e+06,1.2e+06,1.2e+06,1.596e+06,1.596e+06,,,,,,,,,,,9.9224e+06,83,84.8485,55.5556,27.7228,59.1837,60.6061
450005,,,,,,,,,,,,,,,,,,,,,,338,,,,,,,
450030,,,,,,,,,,,,,,,,,,,,,,265,,,,,,,
450406,,,,,,,,,,,,,,,,,,,,,,223,,,,,,,
450408,,,,,,,,,,,,,,,,,,,,,,220,,,,,,,
450519,,,,,,,,,,,,,,,,,,,,,,352,,,,,,,
450675,,,,,,,,,,,,,,,,,,,,,,349,,,,,,,
450726,,,,,,,,,,,,,,,,,,,,,,250,,,,,,,
450763,,,,,,,,,,,,,,,,,,,,,,284,,,,,,,
450995,56600,58500,57500,56000,55800,70000,1.2e+06,1.2e+06,1.2e+06,1.2e+06,1.596e+06,1.596e+06,,,,,,,,,,,9.2476e+06,80.198,88.8889,62,34.3434,60,59
451064,,,,,,,,,,,,,,,,,,,,,,219,,,,,,,
451123,,,,,,,,,,,,,,,,,,,,,,339,,,,,,,
451483,,,,,,,,,,,,,,,,,,,,,,182,,,,,,,
451633,,,,,,,,,,,,,,,,,,,,,,353,,,,,,,
451786,,,,,,,,,,,,,,,,,,,,,,350,,,,,,,
451996,57000,57700,57700,56000,55600,70000,1.2e+06,1.2e+06,1.2e+06,1.2e+06,1.596e+06,1.596e+06,,,,,,,,,,,9.6878e+06,81.1881,85.8586,60.396,38.2353,55.5556,58
452143,,,,,,,,,,,,,,,,,,,,,,266,,,,,,,
452363,,,,,,,,,,,,,,,,,,,,,,251,,,,,,,
452375,,,,,,,,,,,,,,,,,,,,,,285,,,,,,,
452543,,,,,,,,,,,,,,,,,,,,,,224,,,,,,,
452547,,,,,,,,,,,,,,,,,,,,,,221,,,,,,,
452687,,,,,,,,,,,,,,,,,,,,,,340,,,,,,,
452727,,,,,,,,,,,,,,,,,,,,,,220,,,,,,,
452745,,,,,,,,,,,,,,,,,,,,,,354,,,,,,,
452995,57000,58100,57900,56000,55600,70000,1.2e+06,1.2e+06,1.2e+06,1.2e+06,1.596e+06,1.596e+06,,,,,,,,,,,8.7706e+06,79.2079,89,61,37.6238,62,62.6263
453343,,,,,,,,,,,,,,,,,,,,,,351,,,,,,,
453766,,,,,,,,,,,,,,,,,,,,,,267,,,,,,,
453807,,,,,,,,,,,,,,,,,,,,,,341,,,,,,,
453987,,,,,,,,,,,,,,,,,,,,,,286,,,,,,,
453995,56800,58500,57900,56000,56000,70000,1.2e+06,1.2e+06,1.2e+06,1.2e+06,1.596e+06,1.596e+06,,,,,,,,,,,8.9798e+06,79.2079,85.7143,60,34.0206,59.596,61.6162
453999,,,,,,,,,,,,,,,,,,,,,,252,,,,,,,
454156,,,,,,,,,,,,,,,,,,,,,,183,,,,,,,
454303,,,,,,,,,,,,,,,,,,,,,,355,,,,,,,
454456,,,,,,,,,,,,,,,,,,,,,,352,,,,,,,
454679,,,,,,,,,,,,,,,,,,,,,,225,,,,,,,
454687,,,,,,,,,,,,,,,,,,,,,,222,,,,,,,
454866,,,,,,,,,,,,,,,,,,,,,,221,,,,,,,
454925,,,,,,,,,,,,,,,,,,,,,,342,,,,,,,
454995,57000,58900,57900,56200,56000,70000,1.2e+06,1.2e+06,1.2e+06,1.2e+06,1.596e+06,1.596e+06,,,,,,,,,,,8.9146e+06,84,84.8485,58.4158,35.6436,60,60.396
455405,,,,,,,,,,,,,,,,,,,,,,356,,,,,,,
455600,,,,,,,,,,,,,,,,,,,,,,287,,,,,,,
455635,,,,,,,,,,,,,,,,,,,,,,253,,,,,,,
455996,56800,58900,57500,56000,56000,70000,1.2e+06,1.2e+06,1.2e+06,1.2e+06,1.596e+06,1.596e+06,,,,,,,,,,,9.1818e+06,81.1881,86,56.5657,28.2828,57.5758,58.1633
456335,,,,,,,,,,,,,,,,,,,,,,184,,,,,,,
456337,,,,,,,,,,,,,,,,,,,,,,226,,,,,,,
456348,,,,,,,,,,,,,,,,,,,,,,223,,,,,,,
456350,,,,,,,,,,,,,,66.42,60.90,,,,,,,,,,,,,,
456489,,,,,,,,,,,,,,,,,,,,,,343,,,,,,,
456515,,,,,,,,,,,,,,,,,,,,,,357,,,,,,,
456995,57000,58500,57500,56200,55600,70000,1.2e+06,1.2e+06,1.2e+06,1.2e+06,1.596e+06,1.596e+06,,,,,,,,,,,8.9542e+06,81.3725,85.8586,56.4356,33.6634,58.4158,60
457006,,,,,,,,,,,,,,,,,,,,,,222,,,,,,,
457020,,,,,,,,,,,,,,,,,,,,,,269,,,,,,,
457042,,,,,,,,,,,,,24.117,,,,,,,,,,,,,,,,
457128,,,,,,,,,,,,,,,,,,,,,,354,,,,,,,
457212,,,,,,,,,,,,,,,,,,,,,,288,,,,,,,
457270,,,,,,,,,,,,,,,,,,,,,,254,,,,,,,
457606,,,,,,,,,,,,,,,,,,,,,,344,,,,,,,
457627,,,,,,,,,,,,,,,,,,,,,,358,,,,,,,
457995,57000,58900,57900,56200,55600,70000,1.2e+06,1.2e+06,1.2e+06,1.2e+06,1.596e+06,1.596e+06,,,,,,,,,,,8.7522e+06,80.198,88,63,33.6735,58.5859,58.1633
458239,,,,,,,,,,,,,,,,,,,,,,355,,,,,,,
458473,,,,,,,,,,,,,,,,,,,,,,227,,,,,,,
458487,,,,,,,,,,,,,,,,,,,,,,224,,,,,,,
458644,,,,,,,,,,,,,,,,,,,,,,270,,,,,,,
458668,,,,,,,,,,,,,,,,,,,,,,223,,,,,,,
458824,,,,,,,,,,,,,,,,,,,,,,289,,,,,,,
458995,57000,58100,57900,56200,55400,70000,1.2e+06,1.2e+06,1.2e+06,1.2e+06,1.596e+06,1.596e+06,,,,,,,,,,,8.6174e+06,81.1881,86,58.4158,36.3636,56.4356,57.5758
459004,,,,,,,,,,,,,,,,,,,,,,185,,,,,,,
459172,,,,,,,,,,,,,,,,,,,,,,345,,,,,,,
459179,,,,,,,,,,,,,,,,,,,,,,359,,,,,,,
459379,,,,,,,,,,,,,,,,,,,,,,255,,,,,,,
459798,,,,,,,,,,,,,,,,,,,,,,356,,,,,,,
459958,,,,,,,,,,,,,,,,,,,,,,290,,,,,,,
459995,57000,58100,57900,56000,55800,70000,1.2e+06,1.2e+06,1.2e+06,1.2e+06,1.596e+06,1.596e+06,,,,,,,,,,,9.1574e+06,80,89.899,64,35.6436,64,64.6465
460130,,,,,,,,,,,,,,,,,,,,,,228,,,,,,,
460266,,,,,,,,,,,,,,,,,,,,,,271,,,,,,,
460289,,,,,,,,,,,,,,,,,,,,,,360,,,,,,,
460291,,,,,,,,,,,,,,,,,,,,,,346,,,,,,,
460628,,,,,,,,,,,,,,,,,,,,,,225,,,,,,,
460808,,,,,,,,,,,,,,,,,,,,,,224,,,,,,,
460910,,,,,,,,,,,,,,,,,,,,,,357,,,,,,,
460995,57000,58100,57900,56200,56000,70000,1.2e+06,1.2e+06,1.2e+06,1.2e+06,1.596e+06,1.596e+06,,,,,,,,,,,8.6064e+06,79.4118,84.8485,58.5859,35.3535,57.5758,59.596
461015,,,,,,,,,,,,,,,,,,,,,,256,,,,,,,
461184,,,,,,,,,,,,,,,,,,,,,,186,,,,,,,
461398,,,,,,,,,,,,,,,,,,,,,,361,,,,,,,
461570,,,,,,,,,,,,,,,,,,,,,,291,,,,,,,
461859,,,,,,,,,,,,,,,,,,,,,,347,,,,,,,
461893,,,,,,,,,,,,,,,,,,,,,,272,,,,,,,
461995,56800,58300,57900,56200,55800,70000,1.2e+06,1.2e+06,1.2e+06,1.2e+06,1.596e+06,1.596e+06,,,,,,,,,,,8.5738e+06,84,86,57.8431,34.6535,60,60.6061
462023,,,,,,,,,,,,,,,,,,,,,,358,,,,,,,
462266,,,,,,,,,,,,,,,,,,,,,,229,,,,,,,
462289,,,,,,,,,,,,,,,,,,,,,,226,,,,,,,
462651,,,,,,,,,,,,,,,,,,,,,,257,,,,,,,
462946,,,,,,,,,,,,,,,,,,,,,,225,,,,,,,
462948,,,,,,,,,,,,,,,,,,,,,,362,,,,,,,
462973,,,,,,,,,,,,,,,,,,,,,,348,,,,,,,
462995,57000,58100,57700,56000,55800,70000,1.2e+06,1.2e+06,1.2e+06,1.2e+06,1.596e+06,1.596e+06,,,,,,,,,,,8.7664e+06,83.1683,85.7143,56.5657,30.3922,60.396,60.396
463183,,,,,,,,,,,,,,,,,,,,,,292,,,,,,,
463363,,,,,,,,,,,,,,,,,,,,,,187,,,,,,,
463518,,,,,,,,,,,,,,,,,,,,,,273,,,,,,,
463581,,,,,,,,,,,,,,,,,,,,,,359,,,,,,,
463995,57000,58900,57900,56200,55600,70000,1.2e+06,1.2e+06,1.2e+06,1.2e+06,1.596e+06,1.596e+06,,,,,,,,,,,8.5134e+06,80,86.8687,57,27.551,58.1633,59.1837
464090,,,,,,,,,,,,,,,,,,,,,,349,,,,,,,
464287,,,,,,,,,,,,,,,,,,,,,,258,,,,,,,
464402,,,,,,,,,,,,,,,,,,,,,,230,,,,,,,
464429,,,,,,,,,,,,,,,,,,,,,,227,,,,,,,
464609,,,,,,,,,,,,,,,,,,,,,,226,,,,,,,
464693,,,,,,,,,,,,,,,,,,,,,,360,,,,,,,
464796,,,,,,,,,,,,,,,,,,,,,,293,,,,,,,
464995,56800,58900,57900,56000,55800,70000,1.2e+06,1.2e+06,1.2e+06,1.2e+06,1.596e+06,1.596e+06,,,,,,,,,,,9.349e+06,80.198,87,64.3564,36.6337,58,56.5657
465144,,,,,,,,,,,,,,,,,,,,,,274,,,,,,,
465174,,,,,,,,,,,,,,,,,,,,,,364,,,,,,,
465654,,,,,,,,,,,,,,,,,,,,,,350,,,,,,,
465807,,,,,,,,,,,,,,,,,,,,,,361,,,,,,,
465995,57200,58100,57900,56200,55800,70000,1.2e+06,1.2e+06,1.2e+06,1.2e+06,1.596e+06,1.596e+06,,,,,,,,,,,9.3848e+06,81.1881,87.8788,58.4158,35.3535,56.5657,59.596
466031,,,,,,,,,,,,,,,,,,,,,,188,,,,,,,
466061,,,,,,,,,,,,,,,,,,,,,,231,,,,,,,
466396,,,,,,,,,,,,,,,,,,,,,,259,,,,,,,
466409,,,,,,,,,,,,,,,,,,,,,,294,,,,,,,
466470,,,,,,,,,,,,,,66.54,60.90,,,,,,,,,,,,,,
466568,,,,,,,,,,,,,,,,,,,,,,228,,,,,,,
466724,,,,,,,,,,,,,,,,,,,,,,365,,,,,,,
466748,,,,,,,,,,,,,,,,,,,,,,227,,,,,,,
466768,,,,,,,,,,,,,,,,,,,,,,275,,,,,,,
466772,,,,,,,,,,,,,,,,,,,,,,351,,,,,,,
466996,57200,59300,58100,56000,55800,70000,1.2e+06,1.2e+06,1.2e+06,1.2e+06,1.596e+06,1.596e+06,,,,,,,,,,,8.9504e+06,79.4118,87.8788,64,38.1443,64.2857,64.6465
467104,,,,,,,,,,,,,24.117,,,,,,,,,,,,,,,,
467366,,,,,,,,,,,,,,,,,,,,,,362,,,,,,,
467995,57000,58900,57900,56200,55800,70000,1.2e+06,1.2e+06,1.2e+06,1.2e+06,1.596e+06,1.596e+06,,,,,,,,,,,9.4754e+06,80.198,85,57,37.2549,57,58.5859
468021,,,,,,,,,,,,,,,,,,,,,,295,,,,,,,
468033,,,,,,,,,,,,,,,,,,,,,,260,,,,,,,
468197,,,,,,,,,,,,,,,,,,,,,,232,,,,,,,
468210,,,,,,,,,,,,,,,,,,,,,,189,,,,,,,
468229,,,,,,,,,,,,,,,,,,,,,,229,,,,,,,
468343,,,,,,,,,,,,,,,,,,,,,,352,,,,,,,
468477,,,,,,,,,,,,,,,,,,,,,,363,,,,,,,
468878,,,,,,,,,,,,,,,,,,,,,,276,,,,,,,
468890,,,,,,,,,,,,,,,,,,,,,,228,,,,,,,
468945,,,,,,,,,,,,,,,,,,,,,,367,,,,,,,
468996,57000,58500,57900,56000,55800,70000,1.2e+06,1.2e+06,1.2e+06,1.2e+06,1.596e+06,1.596e+06,,,,,,,,,,,9.2208e+06,83.1683,85.7143,57.4257,32,60.396,59.596
469454,,,,,,,,,,,,,,,,,,,,,,353,,,,,,,
469589,,,,,,,,,,,,,,,,,,,,,,364,,,,,,,
469634,,,,,,,,,,,,,,,,,,,,,,296,,,,,,,
469670,,,,,,,,,,,,,,,,,,,,,,261,,,,,,,
469996,57200,58900,57900,56200,55800,70000,1.2e+06,1.2e+06,1.2e+06,1.2e+06,1.596e+06,1.596e+06,,,,,,,,,,,8.3864e+06,83,85,56,28.2828,59.1837,61
470333,,,,,,,,,,,,,,,,,,,,,,233,,,,,,,
470368,,,,,,,,,,,,,,,,,,,,,,230,,,,,,,
470500,,,,,,,,,,,,,,,,,,,,,,368,,,,,,,
470508,,,,,,,,,,,,,,,,,,,,,,277,,,,,,,
470574,,,,,,,,,,,,,,,,,,,,,,354,,,,,,,
470887,,,,,,,,,,,,,,,,,,,,,,190,,,,,,,
470995,57000,58900,57900,56200,55800,70000,1.2e+06,1.2e+06,1.2e+06,1.2e+06,1.596e+06,1.596e+06,,,,,,,,,,,8.886e+06,80.3922,89,60.7843,33.6634,59,58.5859
471043,,,,,,,,,,,,,,,,,,,,,,229,,,,,,,
471148,,,,,,,,,,,,,,,,,,,,,,365,,,,,,,
471246,,,,,,,,,,,,,,,,,,,,,,297,,,,,,,
471307,,,,,,,,,,,,,,,,,,,,,,262,,,,,,,
471610,,,,,,,,,,,,,,,,,,,,,,369,,,,,,,
471991,,,,,,,,,,,,,,,,,,,,,,234,,,,,,,
471995,57200,58700,57900,56200,55800,70000,1.2e+06,1.2e+06,1.2e+06,1.2e+06,1.596e+06,1.596e+06,,,,,,,,,,,8.5258e+06,82,85.8586,62,35.3535,56.1224,57.5758
472130,,,,,,,,,,,,,,,,,,,,,,278,,,,,,,
472137,,,,,,,,,,,,,,,,,,,,,,355,,,,,,,
472259,,,,,,,,,,,,,,,,,,,,,,366,,,,,,,
472380,,,,,,,,,,,,,,,,,,,,,,298,,,,,,,
472507,,,,,,,,,,,,,,,,,,,,,,231,,,,,,,
472698,,,,,,,,,,,,,,,,,,,,,,230,,,,,,,
472723,,,,,,,,,,,,,,,,,,,,,,370,,,,,,,
472995,57200,58900,58100,56600,55800,70000,1.2e+06,1.2e+06,1.2e+06,1.2e+06,1.596e+06,1.596e+06,,,,,,,,,,,9.0716e+06,79.2079,88.8889,59.596,37,60,60.6061
473070,,,,,,,,,,,,,,,,,,,,,,191,,,,,,,
473370,,,,,,,,,,,,,,,,,,,,,,367,,,,,,,
473416,,,,,,,,,,,,,,,,,,,,,,263,,,,,,,
473754,,,,,,,,,,,,,,,,,,,,,,279,,,,,,,
473832,,,,,,,,,,,,,,,,,,,,,,371,,,,,,,
473992,,,,,,,,,,,,,,,,,,,,,,299,,,,,,,
473995,57200,59300,58100,56200,55800,70000,1.2e+06,1.2e+06,1.2e+06,1.2e+06,1.596e+06,1.596e+06,,,,,,,,,,,8.7732e+06,79.4118,86,62.7451,37.6238,62,63.6364
474128,,,,,,,,,,,,,,,,,,,,,,235,,,,,,,
474168,,,,,,,,,,,,,,,,,,,,,,232,,,,,,,
474838,,,,,,,,,,,,,,,,,,,,,,231,,,,,,,
474929,,,,,,,,,,,,,,,,,,,,,,368,,,,,,,
474995,57400,59500,57900,56000,55800,70000,1.2e+06,1.2e+06,1.2e+06,1.2e+06,1.596e+06,1.596e+06,,,,,,,,,,,8.5326e+06,82,86,57.4257,34.3434,58,59.596
475052,,,,,,,,,,,,,,,,,,,,,,264,,,,,,,
475381,,,,,,,,,,,,,,,,,,,,,,280,,,,,,,
475383,,,,,,,,,,,,,,,,,,,,,,372,,,,,,,
475605,,,,,,,,,,,,,,,,,,,,,,300,,,,,,,
475739,,,,,,,,,,,,,,,,,,,,,,192,,,,,,,
475786,,,,,,,,,,,,,,,,,,,,,,236,,,,,,,
475939,,,,,,,,,,,,,,,,,,,,,,358,,,,,,,
476007,57200,59100,57900,56200,55800,70000,1.2e+06,1.2e+06,1.2e+06,1.2e+06,1.596e+06,1.596e+06,,,,,,,,,,,8.9522e+06,81.7308,85.2941,56.5657,30.6931,59.2233,58.8235
476042,,,,,,,,,,,,,,,,,,,,,,369,,,,,,,
476307,,,,,,,,,,,,,,,,,,,,,,233,,,,,,,
476494,,,,,,,,,,,,,,,,,,,,,,373,,,,,,,
476616,,,,,,,,,,,,,,66.54,60.90,,,,,,,,,,,,,,
476689,,,,,,,,,,,,,,,,,,,,,,265,,,,,,,
476978,,,,,,,,,,,,,,,,,,,,,,232,,,,,,,
476996,57200,59100,57900,56400,55800,70000,1.2e+06,1.2e+06,1.2e+06,1.2e+06,1.596e+06,1.596e+06,,,,,,,,,,,8.997e+06,83.8384,85.567,56.4356,30.3922,59.7938,59.7938
477003,,,,,,,,,,,,,,,,,,,,,,281,,,,,,,
477057,,,,,,,,,,,,,,,,,,,,,,359,,,,,,,
477155,,,,,,,,,,,,,,,,,,,,,,370,,,,,,,
477166,,,,,,,,,,,,,24.139,,,,,,,,,,,,,,,,
477217,,,,,,,,,,,,,,,,,,,,,,301,,,,,,,
477606,,,,,,,,,,,,,,,,,,,,,,374,,,,,,,
477919,,,,,,,,,,,,,,,,,,,,,,193,,,,,,,
477922,,,,,,,,,,,,,,,,,,,,,,237,,,,,,,
477996,57200,59300,57900,56200,56000,70000,1.2e+06,1.2e+06,1.2e+06,1.2e+06,1.596e+06,1.596e+06,,,,,,,,,,,8.3284e+06,79.798,87.8788,63,32.3232,60.396,57.5758
478324,,,,,,,,,,,,,,,,,,,,,,266,,,,,,,
478446,,,,,,,,,,,,,,,,,,,,,,234,,,,,,,
478620,,,,,,,,,,,,,,,,,,,,,,360,,,,,,,
478625,,,,,,,,,,,,,,,,,,,,,,282,,,,,,,
478639,,,,,,,,,,,,,,,,,,,,,,233,,,,,,,
478715,,,,,,,,,,,,,,,,,,,,,,371,,,,,,,
478829,,,,,,,,,,,,,,,,,,,,,,302,,,,,,,
478995,56800,58100,57900,56200,55800,70000,1.2e+06,1.2e+06,1.2e+06,1.2e+06,1.596e+06,1.596e+06,,,,,,,,,,,1.02114e+07,80.3922,85.8586,60,34.3434,56,58.5859
479158,,,,,,,,,,,,,,,,,,,,,,375,,,,,,,
479739,,,,,,,,,,,,,,,,,,,,,,361,,,,,,,
479995,57200,59300,58100,56400,55800,70000,1.2e+06,1.2e+06,1.2e+06,1.2e+06,1.596e+06,1.596e+06,,,,,,,,,,,9.6524e+06,79.2079,90,62,35.3535,60.6061,62.2449
480058,,,,,,,,,,,,,,,,,,,,,,238,,,,,,,
480098,,,,,,,,,,,,,,,,,,,,,,194,,,,,,,
480108,,,,,,,,,,,,,,,,,,,,,,235,,,,,,,
480247,,,,,,,,,,,,,,,,,,,,,,283,,,,,,,
480273,,,,,,,,,,,,,,,,,,,,,,376,,,,,,,
480434,,,,,,,,,,,,,,,,,,,,,,267,,,,,,,
480441,,,,,,,,,,,,,,,,,,,,,,303,,,,,,,
480779,,,,,,,,,,,,,,,,,,,,,,234,,,,,,,
480937,,,,,,,,,,,,,,,,,,,,,,373,,,,,,,
480995,57200,59300,58100,56400,56200,70000,1.2e+06,1.2e+06,1.2e+06,1.2e+06,1.596e+06,1.596e+06,,,,,,,,,,,9.7082e+06,80.198,84.8485,61,35,60,61.6162
481308,,,,,,,,,,,,,,,,,,,,,,362,,,,,,,
481383,,,,,,,,,,,,,,,,,,,,,,377,,,,,,,
481716,,,,,,,,,,,,,,,,,,,,,,239,,,,,,,
481870,,,,,,,,,,,,,,,,,,,,,,284,,,,,,,
481995,57400,59100,58300,56400,56200,70000,1.2e+06,1.2e+06,1.2e+06,1.2e+06,1.596e+06,1.596e+06,,,,,,,,,,,8.4862e+06,84.1584,86,58.4158,34.6939,61,61
482054,,,,,,,,,,,,,,,,,,,,,,304,,,,,,,
482072,,,,,,,,,,,,,,,,,,,,,,268,,,,,,,
482247,,,,,,,,,,,,,,,,,,,,,,236,,,,,,,
482426,,,,,,,,,,,,,,,,,,,,,,363,,,,,,,
482496,,,,,,,,,,,,,,,,,,,,,,374,,,,,,,
482766,,,,,,,,,,,,,,,,,,,,,,195,,,,,,,
482919,,,,,,,,,,,,,,,,,,,,,,235,,,,,,,
482935,,,,,,,,,,,,,,,,,,,,,,378,,,,,,,
482995,57200,59300,58300,56400,56000,70000,1.2e+06,1.2e+06,1.2e+06,1.2e+06,1.596e+06,1.596e+06,,,,,,,,,,,9.8006e+06,81.1881,85.7143,56,28,57.5758,58.4158
483496,,,,,,,,,,,,,,,,,,,,,,285,,,,,,,
483545,,,,,,,,,,,,,,,,,,,,,,364,,,,,,,
483608,,,,,,,,,,,,,,,,,,,,,,375,,,,,,,
483666,,,,,,,,,,,,,,,,,,,,,,305,,,,,,,
483708,,,,,,,,,,,,,,,,,,,,,,269,,,,,,,
483852,,,,,,,,,,,,,,,,,,,,,,240,,,,,,,
483995,57000,59100,58100,56400,56000,70000,1.2e+06,1.2e+06,1.2e+06,1.2e+06,1.596e+06,1.596e+06,,,,,,,,,,,9.2956e+06,81.3725,85.8586,56.8627,28.7129,58.8235,59.596
484051,,,,,,,,,,,,,,,,,,,,,,379,,,,,,,
484386,,,,,,,,,,,,,,,,,,,,,,237,,,,,,,
484581,,,,,,,,,,,,,,,,,,,,,,236,,,,,,,
484719,,,,,,,,,,,,,,,,,,,,,,376,,,,,,,
484800,,,,,,,,,,,,,,,,,,,,,,306,,,,,,,
484950,,,,,,,,,,,,,,,,,,,,,,196,,,,,,,
484995,57000,58900,58100,56200,55800,70000,1.2e+06,1.2e+06,1.2e+06,1.2e+06,1.596e+06,1.596e+06,,,,,,,,,,,8.7592e+06,80.6122,89,63,34.0206,58.7629,57.5758
485109,,,,,,,,,,,,,,,,,,,,,,365,,,,,,,
485122,,,,,,,,,,,,,,,,,,,,,,286,,,,,,,
485161,,,,,,,,,,,,,,,,,,,,,,380,,,,,,,
485344,,,,,,,,,,,,,,,,,,,,,,270,,,,,,,
485510,,,,,,,,,,,,,,,,,,,,,,241,,,,,,,
485995,57200,58500,58100,56200,56000,70000,1.2e+06,1.2e+06,1.2e+06,1.2e+06,1.596e+06,1.596e+06,,,,,,,,,,,8.6132e+06,80.5825,85.7143,58,35.3535,56,58.5859
486047,,,,,,,,,,,,,,,,,,,,,,238,,,,,,,
486277,,,,,,,,,,,,,,,,,,,,,,377,,,,,,,
486413,,,,,,,,,,,,,,,,,,,,,,307,,,,,,,
486716,,,,,,,,,,,,,,,,,,,,,,381,,,,,,,
486723,,,,,,,,,,,,,,,,,,,,,,237,,,,,,,
486788,,,,,,,,,,,,,,66.50,61.02,,,,,,,,,,,,,,
486995,57400,59500,58300,56600,56200,70000,1.2e+06,1.2e+06,1.2e+06,1.2e+06,1.596e+06,1.596e+06,,,,,,,,,,,9.6184e+06,79.2079,89,64,37,63.6364,64.2857
487239,,,,,,,,,,,,,,,,,,,,,,287,,,,,,,
487251,,,,,,,,,,,,,24.139,,,,,,,,,,,,,,,,
487389,,,,,,,,,,,,,,,,,,,,,,378,,,,,,,
487452,,,,,,,,,,,,,,,,,,,,,,271,,,,,,,
487618,,,,,,,,,,,,,,,,,,,,,,197,,,,,,,
487645,,,,,,,,,,,,,,,,,,,,,,242,,,,,,,
487791,,,,,,,,,,,,,,,,,,,,,,367,,,,,,,
487846,,,,,,,,,,,,,,,,,,,,,,382,,,,,,,
487995,57000,59300,58300,56600,56200,70000,1.2e+06,1.2e+06,1.2e+06,1.2e+06,1.596e+06,1.596e+06,,,,,,,,,,,8.4142e+06,80.3922,86,59,36,58.5859,59.596
488025,,,,,,,,,,,,,,,,,,,,,,308,,,,,,,
488186,,,,,,,,,,,,,,,,,,,,,,239,,,,,,,
488502,,,,,,,,,,,,,,,,,,,,,,379,,,,,,,
488861,,,,,,,,,,,,,,,,,,,,,,288,,,,,,,
488863,,,,,,,,,,,,,,,,,,,,,,238,,,,,,,
488909,,,,,,,,,,,,,,,,,,,,,,368,,,,,,,
488995,57400,58900,58300,56400,56200,70000,1.2e+06,1.2e+06,1.2e+06,1.2e+06,1.596e+06,1.596e+06,,,,,,,,,,,8.735e+06,84,84.8485,58,33,60,61
489088,,,,,,,,,,,,,,,,,,,,,,272,,,,,,,
489403,,,,,,,,,,,,,,,,,,,,,,383,,,,,,,
489637,,,,,,,,,,,,,,,,,,,,,,309,,,,,,,
489781,,,,,,,,,,,,,,,,,,,,,,243,,,,,,,
489798,,,,,,,,,,,,,,,,,,,,,,198,,,,,,,
489995,57000,59300,58100,56400,56200,70000,1.2e+06,1.2e+06,1.2e+06,1.2e+06,1.596e+06,1.596e+06,,,,,,,,,,,7.9822e+06,83,85.8586,56,27.2727,60,59.596
490025,,,,,,,,,,,,,,,,,,,,,,369,,,,,,,
490059,,,,,,,,,,,,,,,,,,,,,,380,,,,,,,
490325,,,,,,,,,,,,,,,,,,,,,,240,,,,,,,
490483,,,,,,,,,,,,,,,,,,,,,,289,,,,,,,
490506,,,,,,,,,,,,,,,,,,,,,,384,,,,,,,
490525,,,,,,,,,,,,,,,,,,,,,,239,,,,,,,
490726,,,,,,,,,,,,,,,,,,,,,,273,,,,,,,
490995,57400,59300,58300,56600,56200,70000,1.2e+06,1.2e+06,1.2e+06,1.2e+06,1.596e+06,1.596e+06,,,,,,,,,,,9.1978e+06,81,87,58.4158,29.2929,57.5758,58.5859
491249,,,,,,,,,,,,,,,,,,,,,,310,,,,,,,
491439,,,,,,,,,,,,,,,,,,,,,,244,,,,,,,
491589,,,,,,,,,,,,,,,,,,,,,,370,,,,,,,
491622,,,,,,,,,,,,,,,,,,,,,,385,,,,,,,
491978,,,,,,,,,,,,,,,,,,,,,,199,,,,,,,
491987,,,,,,,,,,,,,,,,,,,,,,241,,,,,,,
491995,57400,59500,58300,56400,55800,70000,1.2e+06,1.2e+06,1.2e+06,1.2e+06,1.596e+06,1.596e+06,,,,,,,,,,,8.068e+06,80.198,87.7551,64,35.3535,57.5758,56.5657
492105,,,,,,,,,,,,,,,,,,,,,,290,,,,,,,
492283,,,,,,,,,,,,,,,,,,,,,,382,,,,,,,
492362,,,,,,,,,,,,,,,,,,,,,,274,,,,,,,
492666,,,,,,,,,,,,,,,,,,,,,,240,,,,,,,
492708,,,,,,,,,,,,,,,,,,,,,,371,,,,,,,
492732,,,,,,,,,,,,,,,,,,,,,,386,,,,,,,
492862,,,,,,,,,,,,,,,,,,,,,,311,,,,,,,
492995,57400,58500,58300,56600,56200,70000,1.2e+06,1.2e+06,1.2e+06,1.2e+06,1.596e+06,1.596e+06,,,,,,,,,,,9.1412e+06,80.198,86.8687,58.4158,36.3636,58,59.596
493732,,,,,,,,,,,,,,,,,,,,,,291,,,,,,,
493841,,,,,,,,,,,,,,,,,,,,,,383,,,,,,,
493995,57400,59300,58300,56800,56200,70000,1.2e+06,1.2e+06,1.2e+06,1.2e+06,1.596e+06,1.596e+06,,,,,,,,,,,9.4436e+06,79.2079,88,64.3564,35,64,64.6465
494126,,,,,,,,,,,,,,,,,,,,,,242,,,,,,,
494271,,,,,,,,,,,,,,,,,,,,,,372,,,,,,,
494285,,,,,,,,,,,,,,,,,,,,,,387,,,,,,,
494470,,,,,,,,,,,,,,,,,,,,,,275,,,,,,,
494474,,,,,,,,,,,,,,,,,,,,,,312,,,,,,,
494648,,,,,,,,,,,,,,,,,,,,,,200,,,,,,,
494805,,,,,,,,,,,,,,,,,,,,,,241,,,,,,,
494952,,,,,,,,,,,,,,,,,,,,,,384,,,,,,,
494995,57400,58900,58300,56400,56400,70000,1.2e+06,1.2e+06,1.2e+06,1.2e+06,1.596e+06,1.596e+06,,,,,,,,,,,8.077e+06,80.198,85.8586,57,34.3434,57,58.5859
495234,,,,,,,,,,,,,,,,,,,,,,246,,,,,,,
495358,,,,,,,,,,,,,,,,,,,,,,292,,,,,,,
495389,,,,,,,,,,,,,,,,,,,,,,373,,,,,,,
495398,,,,,,,,,,,,,,,,,,,,,,388,,,,,,,
495995,57200,58500,58300,56600,56200,70000,1.2e+06,1.2e+06,1.2e+06,1.2e+06,1.596e+06,1.596e+06,,,,,,,,,,,8.9494e+06,83.1683,85.8586,57,32,59.4059,60
496086,,,,,,,,,,,,,,,,,,,,,,313,,,,,,,
496107,,,,,,,,,,,,,,,,,,,,,,276,,,,,,,
496265,,,,,,,,,,,,,,,,,,,,,,243,,,,,,,
496468,,,,,,,,,,,,,,,,,,,,,,242,,,,,,,
496507,,,,,,,,,,,,,,,,,,,,,,374,,,,,,,
496509,,,,,,,,,,,,,,,,,,,,,,389,,,,,,,
496833,,,,,,,,,,,,,,,,,,,,,,201,,,,,,,
496917,,,,,,,,,,,,,,66.54,60.90,,,,,,,,,,,,,,
496984,,,,,,,,,,,,,,,,,,,,,,293,,,,,,,
496995,57400,58700,58300,56600,56400,70000,1.2e+06,1.2e+06,1.2e+06,1.2e+06,1.596e+06,1.596e+06,,,,,,,,,,,8.9342e+06,83.1683,85.8586,56.5657,34,60.2041,60.6061
497220,,,,,,,,,,,,,,,,,,,,,,314,,,,,,,
497308,,,,,,,,,,,,,24.117,,,,,,,,,,,,,,,,
497370,,,,,,,,,,,,,,,,,,,,,,247,,,,,,,
497623,,,,,,,,,,,,,,,,,,,,,,386,,,,,,,
497743,,,,,,,,,,,,,,,,,,,,,,277,,,,,,,
497928,,,,,,,,,,,,,,,,,,,,,,244,,,,,,,
497995,57400,59100,58300,56400,56200,70000,1.2e+06,1.2e+06,1.2e+06,1.2e+06,1.596e+06,1.596e+06,,,,,,,,,,,8.9312e+06,81,88.1188,60.396,31.3131,59,58.5859
498062,,,,,,,,,,,,,,,,,,,,,,390,,,,,,,
498074,,,,,,,,,,,,,,,,,,,,,,375,,,,,,,
498608,,,,,,,,,,,,,,,,,,,,,,294,,,,,,,
498609,,,,,,,,,,,,,,,,,,,,,,243,,,,,,,
498735,,,,,,,,,,,,,,,,,,,,,,387,,,,,,,
498833,,,,,,,,,,,,,,,,,,,,,,315,,,,,,,
498995,57200,58900,58100,56200,55800,70000,1.2e+06,1.2e+06,1.2e+06,1.2e+06,1.596e+06,1.596e+06,,,,,,,,,,,9.3962e+06,80,85.8586,61.6162,36.6337,56,57.5758
499172,,,,,,,,,,,,,,,,,,,,,,391,,,,,,,
499191,,,,,,,,,,,,,,,,,,,,,,376,,,,,,,
499380,,,,,,,,,,,,,,,,,,,,,,278,,,,,,,
499501,,,,,,,,,,,,,,,,,,,,,,202,,,,,,,
499505,,,,,,,,,,,,,,,,,,,,,,248,,,,,,,
499846,,,,,,,,,,,,,,,,,,,,,,388,,,,,,,
499996,57700,58500,58300,56400,56200,70000,1.2e+06,1.2e+06,1.2e+06,1.2e+06,1.596e+06,1.596e+06,,,,,,,,,,,8.7034e+06,79.4118,89,59.8039,35,60,60.6061
500067,,,,,,,,,,,,,,,,,,,,,,245,,,,,,,
500235,,,,,,,,,,,,,,,,,,,,,,295,,,,,,,
500285,,,,,,,,,,,,,,,,,,,,,,392,,,,,,,
500445,,,,,,,,,,,,,,,,,,,,,,316,,,,,,,
500749,,,,,,,,,,,,,,,,,,,,,,244,,,,,,,
500756,,,,,,,,,,,,,,,,,,,,,,377,,,,,,,
500995,57400,58900,58700,56600,56200,70000,1.2e+06,1.2e+06,1.2e+06,1.2e+06,1.596e+06,1.596e+06,,,,,,,,,,,8.2734e+06,80.3922,85.7143,63.3663,34.6939,63,63.6364
501163,,,,,,,,,,,,,,,,,,,,,,249,,,,,,,
501404,,,,,,,,,,,,,,,,,,,,,,389,,,,,,,
501489,,,,,,,,,,,,,,,,,,,,,,279,,,,,,,
501683,,,,,,,,,,,,,,,,,,,,,,203,,,,,,,
501834,,,,,,,,,,,,,,,,,,,,,,393,,,,,,,
501857,,,,,,,,,,,,,,,,,,,,,,296,,,,,,,
501873,,,,,,,,,,,,,,,,,,,,,,378,,,,,,,
501996,57400,59300,58300,56600,56200,70000,1.2e+06,1.2e+06,1.2e+06,1.2e+06,1.596e+06,1.596e+06,,,,,,,,,,,7.9876e+06,82.1782,85.8586,57,37,58.4158,58.5859
502058,,,,,,,,,,,,,,,,,,,,,,317,,,,,,,
502206,,,,,,,,,,,,,,,,,,,,,,246,,,,,,,
502409,,,,,,,,,,,,,,,,,,,,,,245,,,,,,,
502515,,,,,,,,,,,,,,,,,,,,,,390,,,,,,,
502946,,,,,,,,,,,,,,,,,,,,,,394,,,,,,,
502999,57400,58900,58300,56600,56200,70000,1.2e+06,1.2e+06,1.2e+06,1.2e+06,1.596e+06,1.596e+06,,,,,,,,,,,9.064e+06,81.3725,86,56,30,57.5758,58.4158
503126,,,,,,,,,,,,,,,,,,,,,,280,,,,,,,
503299,,,,,,,,,,,,,,,,,,,,,,250,,,,,,,
503439,,,,,,,,,,,,,,,,,,,,,,379,,,,,,,
503488,,,,,,,,,,,,,,,,,,,,,,297,,,,,,,
503627,,,,,,,,,,,,,,,,,,,,,,391,,,,,,,
503670,,,,,,,,,,,,,,,,,,,,,,318,,,,,,,
503863,,,,,,,,,,,,,,,,,,,,,,204,,,,,,,
503867,,,,,,,,,,,,,,,,,,,,,,247,,,,,,,
503995,57400,59100,58300,56600,56000,70000,1.2e+06,1.2e+06,1.2e+06,1.2e+06,1.596e+06,1.596e+06,,,,,,,,,,,8.9442e+06,84,84.6939,57.4257,27.7228,59.596,60.2041
504057,,,,,,,,,,,,,,,,,,,,,,395,,,,,,,
504549,,,,,,,,,,,,,,,,,,,,,,246,,,,,,,
504556,,,,,,,,,,,,,,,,,,,,,,380,,,,,,,
504762,,,,,,,,,,,,,,,,,,,,,,281,,,,,,,
504996,57400,59500,58300,56600,56000,70000,1.2e+06,1.2e+06,1.2e+06,1.2e+06,1.596e+06,1.596e+06,,,,,,,,,,,8.9318e+06,80.198,88.8889,61.6162,35,59,59
505185,,,,,,,,,,,,,,,,,,,,,,392,,,,,,,
505282,,,,,,,,,,,,,,,,,,,,,,319,,,,,,,
505437,,,,,,,,,,,,,,,,,,,,,,251,,,,,,,
505609,,,,,,,,,,,,,,,,,,,,,,396,,,,,,,
505674,,,,,,,,,,,,,,,,,,,,,,381,,,,,,,
505995,57400,58900,58300,56600,56200,70000,1.2e+06,1.2e+06,1.2e+06,1.2e+06,1.596e+06,1.596e+06,,,,,,,,,,,9.0462e+06,80.198,86,60,37,56.5657,58.1633
506006,,,,,,,,,,,,,,,,,,,,,,248,,,,,,,
506296,,,,,,,,,,,,,,,,,,,,,,393,,,,,,,
506399,,,,,,,,,,,,,,,,,,,,,,282,,,,,,,
506534,,,,,,,,,,,,,,,,,,,,,,205,,,,,,,
506689,,,,,,,,,,,,,,,,,,,,,,247,,,,,,,
506721,,,,,,,,,,,,,,,,,,,,,,397,,,,,,,
506895,,,,,,,,,,,,,,,,,,,,,,320,,,,,,,
506995,57400,59100,58700,56600,56400,70000,1.2e+06,1.2e+06,1.2e+06,1.2e+06,1.596e+06,1.596e+06,,,,,,,,,,,8.3532e+06,80,88.8889,64.3564,35.3535,61.3861,62
507026,,,,,,,,,,,,,,66.50,61.02,,,,,,,,,,,,,,
507095,,,,,,,,,,,,,,,,,,,,,,252,,,,,,,
507223,,,,,,,,,,,,,,,,,,,,,,299,,,,,,,
507238,,,,,,,,,,,,,,,,,,,,,,382,,,,,,,
507370,,,,,,,,,,,,,24.128,,,,,,,,,,,,,,,,
507407,,,,,,,,,,,,,,,,,,,,,,394,,,,,,,
507833,,,,,,,,,,,,,,,,,,,,,,398,,,,,,,
507995,57700,58900,58300,56800,56200,70000,1.2e+06,1.2e+06,1.2e+06,1.2e+06,1.596e+06,1.596e+06,,,,,,,,,,,8.8992e+06,79.4118,85.8586,62.3762,36.6337,60.6061,62.2449
508145,,,,,,,,,,,,,,,,,,,,,,249,,,,,,,
508356,,,,,,,,,,,,,,,,,,,,,,383,,,,,,,
508507,,,,,,,,,,,,,,,,,,,,,,321,,,,,,,
508509,,,,,,,,,,,,,,,,,,,,,,283,,,,,,,
508716,,,,,,,,,,,,,,,,,,,,,,206,,,,,,,
508842,,,,,,,,,,,,,,,,,,,,,,300,,,,,,,
508965,,,,,,,,,,,,,,,,,,,,,,395,,,,,,,
508995,57700,59900,58300,56800,56200,70000,1.2e+06,1.2e+06,1.2e+06,1.2e+06,1.596e+06,1.596e+06,,,,,,,,,,,9.6372e+06,84,85,58.5859,35.3535,60,60
509232,,,,,,,,,,,,,,,,,,,,,,253,,,,,,,
509386,,,,,,,,,,,,,,,,,,,,,,399,,,,,,,
509641,,,,,,,,,,,,,,,,,,,,,,322,,,,,,,
509806,,,,,,,,,,,,,,,,,,,,,,250,,,,,,,
509919,,,,,,,,,,,,,,,,,,,,,,384,,,,,,,
509995,57400,59300,58300,56600,56400,70000,1.2e+06,1.2e+06,1.2e+06,1.2e+06,1.596e+06,1.596e+06,,,,,,,,,,,8.4776e+06,81,85.8586,56.4356,25.7732,57.5758,58.5859
510077,,,,,,,,,,,,,,,,,,,,,,396,,,,,,,
510146,,,,,,,,,,,,,,,,,,,,,,284,,,,,,,
510464,,,,,,,,,,,,,,,,,,,,,,301,,,,,,,
510490,,,,,,,,,,,,,,,,,,,,,,249,,,,,,,
510497,,,,,,,,,,,,,,,,,,,,,,400,,,,,,,
510890,,,,,,,,,,,,,,,,,,,,,,254,,,,,,,
510995,57200,59500,58300,56600,56200,70000,1.2e+06,1.2e+06,1.2e+06,1.2e+06,1.596e+06,1.596e+06,,,,,,,,,,,9.4372e+06,81.5534,86,56.8627,29.703,58,59
511036,,,,,,,,,,,,,,,,,,,,,,385,,,,,,,
511253,,,,,,,,,,,,,,,,,,,,,,323,,,,,,,
511383,,,,,,,,,,,,,,,,,,,,,,207,,,,,,,
511610,,,,,,,,,,,,,,,,,,,,,,401,,,,,,,
511639,,,,,,,,,,,,,,,,,,,,,,397,,,,,,,
511946,,,,,,,,,,,,,,,,,,,,,,251,,,,,,,
511995,57400,59300,58300,56800,56200,70000,1.2e+06,1.2e+06,1.2e+06,1.2e+06,1.596e+06,1.596e+06,,,,,,,,,,,8.5466e+06,81,88,64.6465,34.3434,59.596,58.1633
512153,,,,,,,,,,,,,,,,,,,,,,386,,,,,,,
512627,,,,,,,,,,,,,,,,,,,,,,250,,,,,,,
512748,,,,,,,,,,,,,,,,,,,,,,398,,,,,,,
512865,,,,,,,,,,,,,,,,,,,,,,324,,,,,,,
512996,57400,58500,58500,56600,56200,70000,1.2e+06,1.2e+06,1.2e+06,1.2e+06,1.596e+06,1.596e+06,,,,,,,,,,,9.6814e+06,80.3922,85.8586,58,35,55.5556,58
513025,,,,,,,,,,,,,,,,,,,,,,255,,,,,,,
513160,,,,,,,,,,,,,,,,,,,,,,402,,,,,,,
513419,,,,,,,,,,,,,,,,,,,,,,286,,,,,,,
513562,,,,,,,,,,,,,,,,,,,,,,208,,,,,,,
513708,,,,,,,,,,,,,,,,,,,,,,303,,,,,,,
513722,,,,,,,,,,,,,,,,,,,,,,387,,,,,,,
513859,,,,,,,,,,,,,,,,,,,,,,399,,,,,,,
513995,57500,60100,58700,56800,56600,70000,1.2e+06,1.2e+06,1.2e+06,1.2e+06,1.596e+06,1.596e+06,,,,,,,,,,,8.5462e+06,79.798,88.8889,66.0194,35.6436,64,64.6465
514086,,,,,,,,,,,,,,,,,,,,,,252,,,,,,,
514269,,,,,,,,,,,,,,,,,,,,,,403,,,,,,,
514289,,,,,,,,,,,,,,,,,,,,,,251,,,,,,,
514478,,,,,,,,,,,,,,,,,,,,,,325,,,,,,,
514843,,,,,,,,,,,,,,,,,,,,,,388,,,,,,,
514995,57700,59300,58700,56800,56400,70000,1.2e+06,1.2e+06,1.2e+06,1.2e+06,1.596e+06,1.596e+06,,,,,,,,,,,8.882e+06,79.4118,86,58,35.7143,58,59.596
515161,,,,,,,,,,,,,,,,,,,,,,256,,,,,,,
515334,,,,,,,,,,,,,,,,,,,,,,304,,,,,,,
515382,,,,,,,,,,,,,,,,,,,,,,404,,,,,,,
515423,,,,,,,,,,,,,,,,,,,,,,400,,,,,,,
515528,,,,,,,,,,,,,,,,,,,,,,287,,,,,,,
515743,,,,,,,,,,,,,,,,,,,,,,209,,,,,,,
515747,,,,,,,,,,,,,,,,,,,,,,253,,,,,,,
515995,57500,59300,58700,56800,56400,70000,1.2e+06,1.2e+06,1.2e+06,1.2e+06,1.596e+06,1.596e+06,,,,,,,,,,,8.6622e+06,85,85.7143,57.5758,32.3232,61.3861,60.6061
516090,,,,,,,,,,,,,,,,,,,,,,326,,,,,,,
516405,,,,,,,,,,,,,,,,,,,,,,389,,,,,,,
516429,,,,,,,,,,,,,,,,,,,,,,252,,,,,,,
516490,,,,,,,,,,,,,,,,,,,,,,405,,,,,,,
516528,,,,,,,,,,,,,,,,,,,,,,401,,,,,,,
516819,,,,,,,,,,,,,,,,,,,,,,257,,,,,,,
516956,,,,,,,,,,,,,,,,,,,,,,305,,,,,,,
516996,57500,59700,58500,57000,56600,70000,1.2e+06,1.2e+06,1.2e+06,1.2e+06,1.596e+06,1.596e+06,,,,,,,,,,,9.839e+06,83.1683,84.8485,57.8431,28,59.596,60.396
517158,,,,,,,,,,,,,,66.54,60.94,,,,,,,,,,,,,,
517164,,,,,,,,,,,,,,,,,,,,,,288,,,,,,,
517433,,,,,,,,,,,,,24.139,,,,,,,,,,,,,,,,
517524,,,,,,,,,,,,,,,,,,,,,,390,,,,,,,
517640,,,,,,,,,,,,,,,,,,,,,,402,,,,,,,
517703,,,,,,,,,,,,,,,,,,,,,,327,,,,,,,
517885,,,,,,,,,,,,,,,,,,,,,,254,,,,,,,
517995,57500,59700,58500,56800,56200,70000,1.2e+06,1.2e+06,1.2e+06,1.2e+06,1.596e+06,1.596e+06,,,,,,,,,,,9.1352e+06,81.1881,87.8788,58,29,59.596,59.1837
518041,,,,,,,,,,,,,,,,,,,,,,406,,,,,,,
518410,,,,,,,,,,,,,,,,,,,,,,210,,,,,,,
518568,,,,,,,,,,,,,,,,,,,,,,253,,,,,,,
518580,,,,,,,,,,,,,,,,,,,,,,306,,,,,,,
518642,,,,,,,,,,,,,,,,,,,,,,391,,,,,,,
518800,,,,,,,,,,,,,,,,,,,,,,289,,,,,,,
518955,,,,,,,,,,,,,,,,,,,,,,258,,,,,,,
518995,57400,58700,58700,56600,56400,70000,1.2e+06,1.2e+06,1.2e+06,1.2e+06,1.596e+06,1.596e+06,,,,,,,,,,,8.8014e+06,79.2079,87,65,34.6939,58.4158,56.5657
519153,,,,,,,,,,,,,,,,,,,,,,407,,,,,,,
519198,,,,,,,,,,,,,,,,,,,,,,403,,,,,,,
519316,,,,,,,,,,,,,,,,,,,,,,328,,,,,,,
519996,57500,58500,58300,57000,56400,70000,1.2e+06,1.2e+06,1.2e+06,1.2e+06,1.596e+06,1.596e+06,,,,,,,,,,,8.9754e+06,81.3725,86.8687,58.8235,36.8932,57,59.596
520024,,,,,,,,,,,,,,,,,,,,,,255,,,,,,,
520203,,,,,,,,,,,,,,,,,,,,,,307,,,,,,,
520206,,,,,,,,,,,,,,,,,,,,,,392,,,,,,,
520229,,,,,,,,,,,,,,,,,,,,,,254,,,,,,,
520263,,,,,,,,,,,,,,,,,,,,,,408,,,,,,,
520309,,,,,,,,,,,,,,,,,,,,,,404,,,,,,,
520439,,,,,,,,,,,,,,,,,,,,,,290,,,,,,,
520591,,,,,,,,,,,,,,,,,,,,,,211,,,,,,,
520613,,,,,,,,,,,,,,,,,,,,,,259,,,,,,,
520928,,,,,,,,,,,,,,,,,,,,,,329,,,,,,,
520995,57500,59900,58300,56800,56400,70000,1.2e+06,1.2e+06,1.2e+06,1.2e+06,1.596e+06,1.596e+06,,,,,,,,,,,8.4428e+06,79.2079,88,63.6364,36.3636,63.6364,64.6465
521325,,,,,,,,,,,,,,,,,,,,,,393,,,,,,,
521421,,,,,,,,,,,,,,,,,,,,,,405,,,,,,,
521685,,,,,,,,,,,,,,,,,,,,,,256,,,,,,,
521815,,,,,,,,,,,,,,,,,,,,,,409,,,,,,,
521825,,,,,,,,,,,,,,,,,,,,,,308,,,,,,,
521995,57900,60100,58700,57000,56600,70000,1.2e+06,1.2e+06,1.2e+06,1.2e+06,1.596e+06,1.596e+06,,,,,,,,,,,9.9666e+06,80.3922,84.8485,57,35.3535,57,58.5859
522062,,,,,,,,,,,,,,,,,,,,,,330,,,,,,,
522368,,,,,,,,,,,,,,,,,,,,,,255,,,,,,,
522547,,,,,,,,,,,,,,,,,,,,,,291,,,,,,,
522749,,,,,,,,,,,,,,,,,,,,,,260,,,,,,,
522888,,,,,,,,,,,,,,,,,,,,,,394,,,,,,,
522926,,,,,,,,,,,,,,,,,,,,,,410,,,,,,,
522980,,,,,,,,,,,,,,,,,,,,,,406,,,,,,,
522995,57500,59900,58300,57000,56400,70000,1.2e+06,1.2e+06,1.2e+06,1.2e+06,1.596e+06,1.596e+06,,,,,,,,,,,8.3304e+06,83,85.8586,57,32,59.596,60
523258,,,,,,,,,,,,,,,,,,,,,,212,,,,,,,
523448,,,,,,,,,,,,,,,,,,,,,,309,,,,,,,
523675,,,,,,,,,,,,,,,,,,,,,,331,,,,,,,
523824,,,,,,,,,,,,,,,,,,,,,,257,,,,,,,
523995,57500,59700,58300,56600,56400,70000,1.2e+06,1.2e+06,1.2e+06,1.2e+06,1.596e+06,1.596e+06,,,,,,,,,,,9.122e+06,83.1683,86,56.8627,27.551,59.596,60.6061
524038,,,,,,,,,,,,,,,,,,,,,,411,,,,,,,
524094,,,,,,,,,,,,,,,,,,,,,,407,,,,,,,
524183,,,,,,,,,,,,,,,,,,,,,,292,,,,,,,
524505,,,,,,,,,,,,,,,,,,,,,,256,,,,,,,
524885,,,,,,,,,,,,,,,,,,,,,,261,,,,,,,
524995,57400,59700,58500,56600,56400,70000,1.2e+06,1.2e+06,1.2e+06,1.2e+06,1.596e+06,1.596e+06,,,,,,,,,,,9.2598e+06,80,88,59.596,31.6832,60,57.5758
525070,,,,,,,,,,,,,,,,,,,,,,310,,,,,,,
525122,,,,,,,,,,,,,,,,,,,,,,396,,,,,,,
525206,,,,,,,,,,,,,,,,,,,,,,408,,,,,,,
525287,,,,,,,,,,,,,,,,,,,,,,332,,,,,,,
525436,,,,,,,,,,,,,,,,,,,,,,213,,,,,,,
525596,,,,,,,,,,,,,,,,,,,,,,412,,,,,,,
525818,,,,,,,,,,,,,,,,,,,,,,293,,,,,,,
525995,57400,58700,58500,56800,56400,70000,1.2e+06,1.2e+06,1.2e+06,1.2e+06,1.596e+06,1.596e+06,,,,,,,,,,,9.2836e+06,81.1881,85.8586,62.3762,35.3535,55.5556,59
526167,,,,,,,,,,,,,,,,,,,,,,257,,,,,,,
526544,,,,,,,,,,,,,,,,,,,,,,262,,,,,,,
526687,,,,,,,,,,,,,,,,,,,,,,397,,,,,,,
526697,,,,,,,,,,,,,,,,,,,,,,311,,,,,,,
526706,,,,,,,,,,,,,,,,,,,,,,413,,,,,,,
526764,,,,,,,,,,,,,,,,,,,,,,409,,,,,,,
526899,,,,,,,,,,,,,,,,,,,,,,333,,,,,,,
526995,57500,58900,58700,57000,56400,70000,1.2e+06,1.2e+06,1.2e+06,1.2e+06,1.596e+06,1.596e+06,,,,,,,,,,,8.5544e+06,79.2079,89.899,59.4059,36,59,60.2041
527291,,,,,,,,,,,,,,66.50,61.06,,,,,,,,,,,,,,
527455,,,,,,,,,,,,,,,,,,,,,,294,,,,,,,
527513,,,,,,,,,,,,,24.139,,,,,,,,,,,,,,,,
527617,,,,,,,,,,,,,,,,,,,,,,214,,,,,,,
527625,,,,,,,,,,,,,,,,,,,,,,259,,,,,,,
527807,,,,,,,,,,,,,,,,,,,,,,398,,,,,,,
527818,,,,,,,,,,,,,,,,,,,,,,414,,,,,,,
527876,,,,,,,,,,,,,,,,,,,,,,410,,,,,,,
527995,57700,59700,58700,57000,56600,70000,1.2e+06,1.2e+06,1.2e+06,1.2e+06,1.596e+06,1.596e+06,,,,,,,,,,,8.9412e+06,80.3922,86,63,37,64,63.6364
528308,,,,,,,,,,,,,,,,,,,,,,258,,,,,,,
528319,,,,,,,,,,,,,,,,,,,,,,312,,,,,,,
528512,,,,,,,,,,,,,,,,,,,,,,334,,,,,,,
528680,,,,,,,,,,,,,,,,,,,,,,263,,,,,,,
528988,,,,,,,,,,,,,,,,,,,,,,411,,,,,,,
528995,57500,59700,58500,56800,56400,70000,1.2e+06,1.2e+06,1.2e+06,1.2e+06,1.596e+06,1.596e+06,,,,,,,,,,,7.5428e+06,82,85,57.4257,35.3535,58.5859,60
529369,,,,,,,,,,,,,,,,,,,,,,399,,,,,,,
529372,,,,,,,,,,,,,,,,,,,,,,415,,,,,,,
529564,,,,,,,,,,,,,,,,,,,,,,295,,,,,,,
529764,,,,,,,,,,,,,,,,,,,,,,260,,,,,,,
529941,,,,,,,,,,,,,,,,,,,,,,313,,,,,,,
529999,57500,59100,58300,56800,56600,70000,1.2e+06,1.2e+06,1.2e+06,1.2e+06,1.596e+06,1.596e+06,,,,,,,,,,,9.0484e+06,82.3529,85.8586,56.4356,30.303,58.4158,57.5758
530124,,,,,,,,,,,,,,,,,,,,,,335,,,,,,,
530289,,,,,,,,,,,,,,,,,,,,,,215,,,,,,,
530447,,,,,,,,,,,,,,,,,,,,,,259,,,,,,,
530481,,,,,,,,,,,,,,,,,,,,,,416,,,,,,,
530487,,,,,,,,,,,,,,,,,,,,,,400,,,,,,,
530545,,,,,,,,,,,,,,,,,,,,,,412,,,,,,,
530816,,,,,,,,,,,,,,,,,,,,,,264,,,,,,,
530996,57500,58900,58700,56600,56200,70000,1.2e+06,1.2e+06,1.2e+06,1.2e+06,1.596e+06,1.596e+06,,,,,,,,,,,8.4916e+06,83.1683,85,56,28.7129,59.596,60.6061
531563,,,,,,,,,,,,,,,,,,,,,,314,,,,,,,
531594,,,,,,,,,,,,,,,,,,,,,,417,,,,,,,
531604,,,,,,,,,,,,,,,,,,,,,,401,,,,,,,
531657,,,,,,,,,,,,,,,,,,,,,,413,,,,,,,
531737,,,,,,,,,,,,,,,,,,,,,,336,,,,,,,
531903,,,,,,,,,,,,,,,,,,,,,,261,,,,,,,
531996,57500,59500,58700,56800,56200,70000,1.2e+06,1.2e+06,1.2e+06,1.2e+06,1.596e+06,1.596e+06,,,,,,,,,,,9.174e+06,80,88.8889,61.6162,33.6735,59.596,57.5758
532108,,,,,,,,,,,,,,,,,,,,,,260,,,,,,,
532471,,,,,,,,,,,,,,,,,,,,,,216,,,,,,,
532474,,,,,,,,,,,,,,,,,,,,,,265,,,,,,,
532769,,,,,,,,,,,,,,,,,,,,,,414,,,,,,,
532837,,,,,,,,,,,,,,,,,,,,,,297,,,,,,,
532995,57700,58500,58700,56800,56200,70000,1.2e+06,1.2e+06,1.2e+06,1.2e+06,1.596e+06,1.596e+06,,,,,,,,,,,9.1394e+06,80.3922,86,60,35.3535,56,58.1633
533145,,,,,,,,,,,,,,,,,,,,,,418,,,,,,,
533168,,,,,,,,,,,,,,,,,,,,,,402,,,,,,,
533191,,,,,,,,,,,,,,,,,,,,,,315,,,,,,,
533349,,,,,,,,,,,,,,,,,,,,,,337,,,,,,,
533564,,,,,,,,,,,,,,,,,,,,,,262,,,,,,,
533995,57700,59100,58700,56800,56600,70000,1.2e+06,1.2e+06,1.2e+06,1.2e+06,1.596e+06,1.596e+06,,,,,,,,,,,8.7234e+06,80.198,88.8889,61.7647,36.6337,61.3861,62
534248,,,,,,,,,,,,,,,,,,,,,,261,,,,,,,
534256,,,,,,,,,,,,,,,,,,,,,,419,,,,,,,
534286,,,,,,,,,,,,,,,,,,,,,,403,,,,,,,
534327,,,,,,,,,,,,,,,,,,,,,,415,,,,,,,
534473,,,,,,,,,,,,,,,,,,,,,,298,,,,,,,
534483,,,,,,,,,,,,,,,,,,,,,,338,,,,,,,
534610,,,,,,,,,,,,,,,,,,,,,,266,,,,,,,
534996,57400,59300,58700,56800,56600,70000,1.2e+06,1.2e+06,1.2e+06,1.2e+06,1.596e+06,1.596e+06,,,,,,,,,,,8.5294e+06,79.798,85.7143,61.3861,35.6436,60,61.6162
535141,,,,,,,,,,,,,,,,,,,,,,217,,,,,,,
535295,,,,,,,,,,,,,,,,,,,,,,316,,,,,,,
535366,,,,,,,,,,,,,,,,,,,,,,420,,,,,,,
535438,,,,,,,,,,,,,,,,,,,,,,416,,,,,,,
535703,,,,,,,,,,,,,,,,,,,,,,263,,,,,,,
535849,,,,,,,,,,,,,,,,,,,,,,404,,,,,,,
535995,57400,59300,58500,57000,56600,70000,1.2e+06,1.2e+06,1.2e+06,1.2e+06,1.596e+06,1.596e+06,,,,,,,,,,,9.4538e+06,83.3333,86,58.4158,34.0206,60.6061,61
536095,,,,,,,,,,,,,,,,,,,,,,339,,,,,,,
536109,,,,,,,,,,,,,,,,,,,,,,299,,,,,,,
536268,,,,,,,,,,,,,,,,,,,,,,267,,,,,,,
536393,,,,,,,,,,,,,,,,,,,,,,262,,,,,,,
536550,,,,,,,,,,,,,,,,,,,,,,417,,,,,,,
536919,,,,,,,,,,,,,,,,,,,,,,421,,,,,,,
536921,,,,,,,,,,,,,,,,,,,,,,317,,,,,,,
536969,,,,,,,,,,,,,,,,,,,,,,405,,,,,,,
536995,57500,59500,58700,57000,56600,70000,1.2e+06,1.2e+06,1.2e+06,1.2e+06,1.596e+06,1.596e+06,,,,,,,,,,,8.539e+06,82.1782,84.8485,56.4356,28,58.4158,58.5859
537323,,,,,,,,,,,,,,,,,,,,,,218,,,,,,,
537424,,,,,,,,,,,,,,66.58,61.10,,,,,,,,,,,,,,
537581,,,,,,,,,,,,,24.139,,,,,,,,,,,,,,,,
537707,,,,,,,,,,,,,,,,,,,,,,340,,,,,,,
537844,,,,,,,,,,,,,,,,,,,,,,264,,,,,,,
537995,57700,59300,58700,57000,56600,70000,1.2e+06,1.2e+06,1.2e+06,1.2e+06,1.596e+06,1.596e+06,,,,,,,,,,,7.9576e+06,82.5243,86,57,30.6122,58.5859,59
538034,,,,,,,,,,,,,,,,,,,,,,422,,,,,,,
538085,,,,,,,,,,,,,,,,,,,,,,406,,,,,,,
538108,,,,,,,,,,,,,,,,,,,,,,418,,,,,,,
538218,,,,,,,,,,,,,,,,,,,,,,300,,,,,,,
538404,,,,,,,,,,,,,,,,,,,,,,268,,,,,,,
538535,,,,,,,,,,,,,,,,,,,,,,263,,,,,,,
538545,,,,,,,,,,,,,,,,,,,,,,318,,,,,,,
538996,57700,59900,58700,57000,56600,70000,1.2e+06,1.2e+06,1.2e+06,1.2e+06,1.596e+06,1.596e+06,,,,,,,,,,,8.6052e+06,79.798,87.8788,62.6263,34.6939,59,58.1633
539146,,,,,,,,,,,,,,,,,,,,,,423,,,,,,,
539220,,,,,,,,,,,,,,,,,,,,,,419,,,,,,,
539319,,,,,,,,,,,,,,,,,,,,,,341,,,,,,,
539504,,,,,,,,,,,,,,,,,,,,,,265,,,,,,,
539650,,,,,,,,,,,,,,,,,,,,,,407,,,,,,,
539854,,,,,,,,,,,,,,,,,,,,,,301,,,,,,,
539994,,,,,,,,,,,,,,,,,,,,,,219,,,,,,,
539995,57700,59100,58700,57000,56600,70000,1.2e+06,1.2e+06,1.2e+06,1.2e+06,1.596e+06,1.596e+06,,,,,,,,,,,9.01e+06,80.198,86,58.4158,36,56,57.5758
540167,,,,,,,,,,,,,,,,,,,,,,319,,,,,,,
540196,,,,,,,,,,,,,,,,,,,,,,264,,,,,,,
540334,,,,,,,,,,,,,,,,,,,,,,420,,,,,,,
540540,,,,,,,,,,,,,,,,,,,,,,269,,,,,,,
540703,,,,,,,,,,,,,,,,,,,,,,424,,,,,,,
540767,,,,,,,,,,,,,,,,,,,,,,408,,,,,,,
540932,,,,,,,,,,,,,,,,,,,,,,342,,,,,,,
540995,58100,59300,58700,57000,56600,70000,1.2e+06,1.2e+06,1.2e+06,1.2e+06,1.596e+06,1.596e+06,,,,,,,,,,,9.0058e+06,79.4118,89.7959,64,35.3535,62.6263,64.2857
541490,,,,,,,,,,,,,,,,,,,,,,302,,,,,,,
541643,,,,,,,,,,,,,,,,,,,,,,266,,,,,,,
541790,,,,,,,,,,,,,,,,,,,,,,320,,,,,,,
541811,,,,,,,,,,,,,,,,,,,,,,425,,,,,,,
541894,,,,,,,,,,,,,,,,,,,,,,421,,,,,,,
541995,57900,59300,58700,57000,57000,70000,1.2e+06,1.2e+06,1.2e+06,1.2e+06,1.596e+06,1.596e+06,,,,,,,,,,,8.56e+06,80,85,58,35.3535,58,60.396
542173,,,,,,,,,,,,,,,,,,,,,,220,,,,,,,
542198,,,,,,,,,,,,,,,,,,,,,,270,,,,,,,
542330,,,,,,,,,,,,,,,,,,,,,,409,,,,,,,
542333,,,,,,,,,,,,,,,,,,,,,,265,,,,,,,
542921,,,,,,,,,,,,,,,,,,,,,,426,,,,,,,
542995,57700,59300,58700,57000,56600,70000,1.2e+06,1.2e+06,1.2e+06,1.2e+06,1.596e+06,1.596e+06,,,,,,,,,,,7.6212e+06,83.3333,85.8586,58.4158,33,61,60.6061
543009,,,,,,,,,,,,,,,,,,,,,,422,,,,,,,
543126,,,,,,,,,,,,,,,,,,,,,,303,,,,,,,
543455,,,,,,,,,,,,,,,,,,,,,,410,,,,,,,
543994,,,,,,,,,,,,,,,,,,,,,,266,,,,,,,
543995,58100,59300,58700,57200,56800,70000,1.2e+06,1.2e+06,1.2e+06,1.2e+06,1.596e+06,1.596e+06,,,,,,,,,,,8.5924e+06,84.1584,85.8586,57,28.2828,58.5859,60.6061
544029,,,,,,,,,,,,,,,,,,,,,,427,,,,,,,
544120,,,,,,,,,,,,,,,,,,,,,,423,,,,,,,
544157,,,,,,,,,,,,,,,,,,,,,,344,,,,,,,
544334,,,,,,,,,,,,,,,,,,,,,,271,,,,,,,
544356,,,,,,,,,,,,,,,,,,,,,,221,,,,,,,
544995,57700,59900,58700,56800,56800,70000,1.2e+06,1.2e+06,1.2e+06,1.2e+06,1.596e+06,1.596e+06,,,,,,,,,,,8.7288e+06,80,87,57,31,58,58
545019,,,,,,,,,,,,,,,,,,,,,,411,,,,,,,
545036,,,,,,,,,,,,,,,,,,,,,,322,,,,,,,
545235,,,,,,,,,,,,,,,,,,,,,,304,,,,,,,
545444,,,,,,,,,,,,,,,,,,,,,,268,,,,,,,
545582,,,,,,,,,,,,,,,,,,,,,,428,,,,,,,
545677,,,,,,,,,,,,,,,,,,,,,,424,,,,,,,
545769,,,,,,,,,,,,,,,,,,,,,,345,,,,,,,
545992,,,,,,,,,,,,,,,,,,,,,,272,,,,,,,
545995,57900,59500,58700,57000,56400,70000,1.2e+06,1.2e+06,1.2e+06,1.2e+06,1.596e+06,1.596e+06,,,,,,,,,,,8.2768e+06,81.1881,87,64.3564,36.6337,59,57.5758
546136,,,,,,,,,,,,,,,,,,,,,,267,,,,,,,
546138,,,,,,,,,,,,,,,,,,,,,,412,,,,,,,
546658,,,,,,,,,,,,,,,,,,,,,,323,,,,,,,
546691,,,,,,,,,,,,,,,,,,,,,,429,,,,,,,
546789,,,,,,,,,,,,,,,,,,,,,,425,,,,,,,
546871,,,,,,,,,,,,,,,,,,,,,,305,,,,,,,
546903,,,,,,,,,,,,,,,,,,,,,,346,,,,,,,
546996,57900,59500,58900,56800,56400,70000,1.2e+06,1.2e+06,1.2e+06,1.2e+06,1.596e+06,1.596e+06,,,,,,,,,,,8.7406e+06,81.1881,86.8687,58.4158,35.3535,57.5758,59.596
547026,,,,,,,,,,,,,,,,,,,,,,222,,,,,,,
547255,,,,,,,,,,,,,,,,,,,,,,413,,,,,,,
547575,,,,,,,,,,,,,,66.79,60.98,,,,,,,,,,,,,,
547583,,,,,,,,,,,,,,,,,,,,,,269,,,,,,,
547657,,,,,,,,,,,,,24.15,,,,,,,,,,,,,,,,
547801,,,,,,,,,,,,,,,,,,,,,,430,,,,,,,
547901,,,,,,,,,,,,,,,,,,,,,,426,,,,,,,
547995,57900,60100,58900,57000,56800,70000,1.2e+06,1.2e+06,1.2e+06,1.2e+06,1.596e+06,1.596e+06,,,,,,,,,,,8.56e+06,80.3922,88,66.6667,39,64,64.2857
548129,,,,,,,,,,,,,,,,,,,,,,273,,,,,,,
548273,,,,,,,,,,,,,,,,,,,,,,268,,,,,,,
548280,,,,,,,,,,,,,,,,,,,,,,324,,,,,,,
548508,,,,,,,,,,,,,,,,,,,,,,306,,,,,,,
548516,,,,,,,,,,,,,,,,,,,,,,347,,,,,,,
548818,,,,,,,,,,,,,,,,,,,,,,414,,,,,,,
548995,57900,59900,58900,57200,56800,70000,1.2e+06,1.2e+06,1.2e+06,1.2e+06,1.596e+06,1.596e+06,,,,,,,,,,,9.2136e+06,79,85.7143,57.5758,34.3434,56.5657,58.4158
549208,,,,,,,,,,,,,,,,,,,,,,223,,,,,,,
549353,,,,,,,,,,,,,,,,,,,,,,431,,,,,,,
549458,,,,,,,,,,,,,,,,,,,,,,427,,,,,,,
549723,,,,,,,,,,,,,,,,,,,,,,270,,,,,,,
549933,,,,,,,,,,,,,,,,,,,,,,269,,,,,,,
549935,,,,,,,,,,,,,,,,,,,,,,415,,,,,,,
549995,57900,59700,59100,57000,56800,70000,1.2e+06,1.2e+06,1.2e+06,1.2e+06,1.596e+06,1.596e+06,,,,,,,,,,,9.636e+06,84.1584,86.1386,56.8627,32.6733,60,59.596
550128,,,,,,,,,,,,,,,,,,,,,,348,,,,,,,
550144,,,,,,,,,,,,,,,,,,,,,,307,,,,,,,
550265,,,,,,,,,,,,,,,,,,,,,,274,,,,,,,
550462,,,,,,,,,,,,,,,,,,,,,,432,,,,,,,
550572,,,,,,,,,,,,,,,,,,,,,,428,,,,,,,
550996,58100,59700,58700,57200,57000,70000,1.2e+06,1.2e+06,1.2e+06,1.2e+06,1.596e+06,1.596e+06,,,,,,,,,,,8.289e+06,83,86.1386,57.4257,30.3922,60,60.6061
551383,,,,,,,,,,,,,,,,,,,,,,271,,,,,,,
551501,,,,,,,,,,,,,,,,,,,,,,416,,,,,,,
551524,,,,,,,,,,,,,,,,,,,,,,326,,,,,,,
551573,,,,,,,,,,,,,,,,,,,,,,433,,,,,,,
551684,,,,,,,,,,,,,,,,,,,,,,429,,,,,,,
551740,,,,,,,,,,,,,,,,,,,,,,349,,,,,,,
551876,,,,,,,,,,,,,,,,,,,,,,224,,,,,,,
551923,,,,,,,,,,,,,,,,,,,,,,275,,,,,,,
551995,57900,60100,58900,57000,56600,70000,1.2e+06,1.2e+06,1.2e+06,1.2e+06,1.596e+06,1.596e+06,,,,,,,,,,,8.4612e+06,80.3922,88.7755,60,30.6122,59,58.5859
552071,,,,,,,,,,,,,,,,,,,,,,270,,,,,,,
552252,,,,,,,,,,,,,,,,,,,,,,308,,,,,,,
552626,,,,,,,,,,,,,,,,,,,,,,417,,,,,,,
552995,57900,58900,58700,57000,56600,70000,1.2e+06,1.2e+06,1.2e+06,1.2e+06,1.596e+06,1.596e+06,,,,,,,,,,,8.3632e+06,81.3725,85,62,37,57,57.5758
553123,,,,,,,,,,,,,,,,,,,,,,434,,,,,,,
553146,,,,,,,,,,,,,,,,,,,,,,327,,,,,,,
553241,,,,,,,,,,,,,,,,,,,,,,430,,,,,,,
553353,,,,,,,,,,,,,,,,,,,,,,350,,,,,,,
553522,,,,,,,,,,,,,,,,,,,,,,272,,,,,,,
553745,,,,,,,,,,,,,,,,,,,,,,418,,,,,,,
553889,,,,,,,,,,,,,,,,,,,,,,309,,,,,,,
553995,57900,60100,59100,57200,56800,70000,1.2e+06,1.2e+06,1.2e+06,1.2e+06,1.596e+06,1.596e+06,,,,,,,,,,,9.2938e+06,79,89.899,60,36,59.8039,60.6061
554057,,,,,,,,,,,,,,,,,,,,,,225,,,,,,,
554059,,,,,,,,,,,,,,,,,,,,,,276,,,,,,,
554211,,,,,,,,,,,,,,,,,,,,,,271,,,,,,,
554233,,,,,,,,,,,,,,,,,,,,,,435,,,,,,,
554353,,,,,,,,,,,,,,,,,,,,,,431,,,,,,,
554768,,,,,,,,,,,,,,,,,,,,,,328,,,,,,,
554965,,,,,,,,,,,,,,,,,,,,,,351,,,,,,,
554995,57900,60100,59100,57000,57000,70000,1.2e+06,1.2e+06,1.2e+06,1.2e+06,1.596e+06,1.596e+06,,,,,,,,,,,9.6028e+06,79.4118,85,62,36.6337,61.6162,63.6364
555309,,,,,,,,,,,,,,,,,,,,,,419,,,,,,,
555342,,,,,,,,,,,,,,,,,,,,,,436,,,,,,,
555465,,,,,,,,,,,,,,,,,,,,,,432,,,,,,,
555527,,,,,,,,,,,,,,,,,,,,,,310,,,,,,,
555662,,,,,,,,,,,,,,,,,,,,,,273,,,,,,,
555870,,,,,,,,,,,,,,,,,,,,,,272,,,,,,,
555996,57900,60100,58700,57000,56800,70000,1.2e+06,1.2e+06,1.2e+06,1.2e+06,1.596e+06,1.596e+06,,,,,,,,,,,9.7104e+06,82.8283,85.7143,58.4158,36.2745,59.4059,59.596
556196,,,,,,,,,,,,,,,,,,,,,,277,,,,,,,
556238,,,,,,,,,,,,,,,,,,,,,,226,,,,,,,
556390,,,,,,,,,,,,,,,,,,,,,,329,,,,,,,
556430,,,,,,,,,,,,,,,,,,,,,,420,,,,,,,
556578,,,,,,,,,,,,,,,,,,,,,,352,,,,,,,
556899,,,,,,,,,,,,,,,,,,,,,,437,,,,,,,
557007,57900,59900,58900,57200,56800,70000,1.2e+06,1.2e+06,1.2e+06,1.2e+06,1.596e+06,1.596e+06,,,,,,,,,,,8.1266e+06,81.3725,86.1386,56.8627,30.303,58,58
557023,,,,,,,,,,,,,,,,,,,,,,433,,,,,,,
557163,,,,,,,,,,,,,,,,,,,,,,311,,,,,,,
557323,,,,,,,,,,,,,,,,,,,,,,274,,,,,,,
557704,,,,,,,,,,,,,,66.70,60.94,,,,,,,,,,,,,,
557722,,,,,,,,,,,,,24.16,,,,,,,,,,,,,,,,
557855,,,,,,,,,,,,,,,,,,,,,,278,,,,,,,
557993,,,,,,,,,,,,,,,,,,,,,,421,,,,,,,
557995,57900,59900,58700,57000,56600,70000,1.2e+06,1.2e+06,1.2e+06,1.2e+06,1.596e+06,1.596e+06,,,,,,,,,,,8.2688e+06,83.1683,85.7143,56.1224,29.8969,60.2041,60.6061
558012,,,,,,,,,,,,,,,,,,,,,,273,,,,,,,
558012,,,,,,,,,,,,,,,,,,,,,,438,,,,,,,
558012,,,,,,,,,,,,,,,,,,,,,,330,,,,,,,
558136,,,,,,,,,,,,,,,,,,,,,,434,,,,,,,
558190,,,,,,,,,,,,,,,,,,,,,,353,,,,,,,
558907,,,,,,,,,,,,,,,,,,,,,,227,,,,,,,
558995,57500,59700,58500,56800,56800,70000,1.2e+06,1.2e+06,1.2e+06,1.2e+06,1.596e+06,1.596e+06,,,,,,,,,,,8.7944e+06,80,88.8889,62,32.3232,59,58.5859
559111,,,,,,,,,,,,,,,,,,,,,,422,,,,,,,
559129,,,,,,,,,,,,,,,,,,,,,,439,,,,,,,
559248,,,,,,,,,,,,,,,,,,,,,,435,,,,,,,
559272,,,,,,,,,,,,,,,,,,,,,,312,,,,,,,
559325,,,,,,,,,,,,,,,,,,,,,,354,,,,,,,
559462,,,,,,,,,,,,,,,,,,,,,,275,,,,,,,
559636,,,,,,,,,,,,,,,,,,,,,,331,,,,,,,
559996,57900,59100,58900,57000,56600,70000,1.2e+06,1.2e+06,1.2e+06,1.2e+06,1.596e+06,1.596e+06,,,,,,,,,,,9.149e+06,81.1881,86,60.396,36,55.5556,58.1633
560151,,,,,,,,,,,,,,,,,,,,,,274,,,,,,,
560679,,,,,,,,,,,,,,,,,,,,,,440,,,,,,,
560806,,,,,,,,,,,,,,,,,,,,,,436,,,,,,,
560907,,,,,,,,,,,,,,,,,,,,,,313,,,,,,,
560937,,,,,,,,,,,,,,,,,,,,,,355,,,,,,,
560995,57900,60300,59100,57400,56800,70000,1.2e+06,1.2e+06,1.2e+06,1.2e+06,1.596e+06,1.596e+06,,,,,,,,,,,9.8646e+06,79.2079,89.1089,61.3861,35.3535,61.6162,61.6162
561086,,,,,,,,,,,,,,,,,,,,,,228,,,,,,,
561601,,,,,,,,,,,,,,,,,,,,,,276,,,,,,,
561648,,,,,,,,,,,,,,,,,,,,,,280,,,,,,,
561793,,,,,,,,,,,,,,,,,,,,,,424,,,,,,,
561794,,,,,,,,,,,,,,,,,,,,,,441,,,,,,,
561813,,,,,,,,,,,,,,,,,,,,,,275,,,,,,,
561918,,,,,,,,,,,,,,,,,,,,,,437,,,,,,,
561995,57900,60100,59100,57200,56800,70000,1.2e+06,1.2e+06,1.2e+06,1.2e+06,1.596e+06,1.596e+06,,,,,,,,,,,8.869e+06,79.2079,85.8586,60.6061,37.6238,60,62.3762
562544,,,,,,,,,,,,,,,,,,,,,,314,,,,,,,
562549,,,,,,,,,,,,,,,,,,,,,,356,,,,,,,
562884,,,,,,,,,,,,,,,,,,,,,,333,,,,,,,
562905,,,,,,,,,,,,,,,,,,,,,,442,,,,,,,
562913,,,,,,,,,,,,,,,,,,,,,,425,,,,,,,
562995,57900,59900,58700,57000,57000,70000,1.2e+06,1.2e+06,1.2e+06,1.2e+06,1.596e+06,1.596e+06,,,,,,,,,,,8.0158e+06,84,86,57,35,61.3861,60.2041
563263,,,,,,,,,,,,,,,,,,,,,,277,,,,,,,
563483,,,,,,,,,,,,,,,,,,,,,,438,,,,,,,
563756,,,,,,,,,,,,,,,,,,,,,,229,,,,,,,
563784,,,,,,,,,,,,,,,,,,,,,,281,,,,,,,
563954,,,,,,,,,,,,,,,,,,,,,,276,,,,,,,
563995,57900,59900,58900,57000,57000,70000,1.2e+06,1.2e+06,1.2e+06,1.2e+06,1.596e+06,1.596e+06,,,,,,,,,,,9.0154e+06,81.1881,85.8586,57.4257,26.2626,57.1429,58.5859
564161,,,,,,,,,,,,,,,,,,,,,,357,,,,,,,
564181,,,,,,,,,,,,,,,,,,,,,,315,,,,,,,
564463,,,,,,,,,,,,,,,,,,,,,,443,,,,,,,
564476,,,,,,,,,,,,,,,,,,,,,,426,,,,,,,
564507,,,,,,,,,,,,,,,,,,,,,,334,,,,,,,
564587,,,,,,,,,,,,,,,,,,,,,,439,,,,,,,
565003,57700,59500,59100,57000,56800,70000,1.2e+06,1.2e+06,1.2e+06,1.2e+06,1.596e+06,1.596e+06,,,,,,,,,,,8.4636e+06,82.3529,85,56,29.703,58.8235,59
565402,,,,,,,,,,,,,,,,,,,,,,278,,,,,,,
565567,,,,,,,,,,,,,,,,,,,,,,444,,,,,,,
565595,,,,,,,,,,,,,,,,,,,,,,427,,,,,,,
565698,,,,,,,,,,,,,,,,,,,,,,440,,,,,,,
565773,,,,,,,,,,,,,,,,,,,,,,358,,,,,,,
565920,,,,,,,,,,,,,,,,,,,,,,282,,,,,,,
565934,,,,,,,,,,,,,,,,,,,,,,230,,,,,,,
565996,58100,59900,59100,57200,56800,70000,1.2e+06,1.2e+06,1.2e+06,1.2e+06,1.596e+06,1.596e+06,,,,,,,,,,,8.2876e+06,80,88.8889,63.6364,34.3434,58.7629,58.1633
566092,,,,,,,,,,,,,,,,,,,,,,277,,,,,,,
566129,,,,,,,,,,,,,,,,,,,,,,335,,,,,,,
566289,,,,,,,,,,,,,,,,,,,,,,316,,,,,,,
566676,,,,,,,,,,,,,,,,,,,,,,445,,,,,,,
566995,57900,59300,59100,57200,56800,70000,1.2e+06,1.2e+06,1.2e+06,1.2e+06,1.596e+06,1.596e+06,,,,,,,,,,,8.9724e+06,80.8081,85.8586,59.2233,35.3535,55.5556,59
567158,,,,,,,,,,,,,,,,,,,,,,428,,,,,,,
567257,,,,,,,,,,,,,,,,,,,,,,441,,,,,,,
567386,,,,,,,,,,,,,,,,,,,,,,359,,,,,,,
567540,,,,,,,,,,,,,,,,,,,,,,279,,,,,,,
567578,,,,,,,,,,,,,,,,,,,,,,283,,,,,,,
567755,,,,,,,,,,,,,,,,,,,,,,278,,,,,,,
567790,,,,,,,,,,,,,,,,,,,,,,446,,,,,,,
567791,,,,,,,,,,,,,24.15,,,,,,,,,,,,,,,,
567855,,,,,,,,,,,,,,66.62,60.90,,,,,,,,,,,,,,
567925,,,,,,,,,,,,,,,,,,,,,,317,,,,,,,
567995,58300,60300,59100,57400,57000,70000,1.2e+06,1.2e+06,1.2e+06,1.2e+06,1.596e+06,1.596e+06,,,,,,,,,,,8.8678e+06,80.198,88.8889,64,36.6337,65.6863,64.6465
568113,,,,,,,,,,,,,,,,,,,,,,231,,,,,,,
568239,,,,,,,,,,,,,,,,,,,,,,336,,,,,,,
568278,,,,,,,,,,,,,,,,,,,,,,429,,,,,,,
568369,,,,,,,,,,,,,,,,,,,,,,442,,,,,,,
568996,57900,59700,59100,57400,57200,70000,1.2e+06,1.2e+06,1.2e+06,1.2e+06,1.596e+06,1.596e+06,,,,,,,,,,,8.926e+06,79.4118,86,59,35.3535,57.5758,60
568998,,,,,,,,,,,,,,,,,,,,,,360,,,,,,,
569202,,,,,,,,,,,,,,,,,,,,,,280,,,,,,,
569395,,,,,,,,,,,,,,,,,,,,,,430,,,,,,,
569480,,,,,,,,,,,,,,,,,,,,,,443,,,,,,,
569561,,,,,,,,,,,,,,,,,,,,,,318,,,,,,,
569714,,,,,,,,,,,,,,,,,,,,,,284,,,,,,,
569859,,,,,,,,,,,,,,,,,,,,,,337,,,,,,,
569894,,,,,,,,,,,,,,,,,,,,,,279,,,,,,,
569996,57700,59900,59100,57200,57000,70000,1.2e+06,1.2e+06,1.2e+06,1.2e+06,1.596e+06,1.596e+06,,,,,,,,,,,7.9124e+06,84.466,84.8485,57.8431,34.6535,61,60
570453,,,,,,,,,,,,,,,,,,,,,,448,,,,,,,
570610,,,,,,,,,,,,,,,,,,,,,,361,,,,,,,
570784,,,,,,,,,,,,,,,,,,,,,,232,,,,,,,
570960,,,,,,,,,,,,,,,,,,,,,,431,,,,,,,
570995,57900,60100,59100,57500,57200,70000,1.2e+06,1.2e+06,1.2e+06,1.2e+06,1.596e+06,1.596e+06,,,,,,,,,,,8.5834e+06,83.6735,85.8586,56.5657,28.7129,60.396,60.6061
571043,,,,,,,,,,,,,,,,,,,,,,444,,,,,,,
571197,,,,,,,,,,,,,,,,,,,,,,319,,,,,,,
571341,,,,,,,,,,,,,,,,,,,,,,281,,,,,,,
571371,,,,,,,,,,,,,,,,,,,,,,285,,,,,,,
571481,,,,,,,,,,,,,,,,,,,,,,338,,,,,,,
571561,,,,,,,,,,,,,,,,,,,,,,449,,,,,,,
571745,,,,,,,,,,,,,,,,,,,,,,362,,,,,,,
571995,57900,60100,58900,57200,57000,70000,1.2e+06,1.2e+06,1.2e+06,1.2e+06,1.596e+06,1.596e+06,,,,,,,,,,,9.6826e+06,80.198,87,57.5758,31,58,58.1633
572032,,,,,,,,,,,,,,,,,,,,,,280,,,,,,,
572077,,,,,,,,,,,,,,,,,,,,,,432,,,,,,,
572149,,,,,,,,,,,,,,,,,,,,,,445,,,,,,,
572962,,,,,,,,,,,,,,,,,,,,,,233,,,,,,,
572995,58100,60100,59100,57400,56800,70000,1.2e+06,1.2e+06,1.2e+06,1.2e+06,1.596e+06,1.596e+06,,,,,,,,,,,7.9654e+06,80.198,86.8687,64.3564,35,58,57
573103,,,,,,,,,,,,,,,,,,,,,,339,,,,,,,
573113,,,,,,,,,,,,,,,,,,,,,,450,,,,,,,
573260,,,,,,,,,,,,,,,,,,,,,,446,,,,,,,
573307,,,,,,,,,,,,,,,,,,,,,,320,,,,,,,
573357,,,,,,,,,,,,,,,,,,,,,,363,,,,,,,
573480,,,,,,,,,,,,,,,,,,,,,,282,,,,,,,
573507,,,,,,,,,,,,,,,,,,,,,,286,,,,,,,
573639,,,,,,,,,,,,,,,,,,,,,,433,,,,,,,
573693,,,,,,,,,,,,,,,,,,,,,,281,,,,,,,
573996,58100,59700,59300,57200,57000,70000,1.2e+06,1.2e+06,1.2e+06,1.2e+06,1.596e+06,1.596e+06,,,,,,,,,,,9.1878e+06,80.3922,87.8788,57,34.3434,58.4158,59.596
574230,,,,,,,,,,,,,,,,,,,,,,451,,,,,,,
574725,,,,,,,,,,,,,,,,,,,,,,340,,,,,,,
574757,,,,,,,,,,,,,,,,,,,,,,434,,,,,,,
574818,,,,,,,,,,,,,,,,,,,,,,447,,,,,,,
574942,,,,,,,,,,,,,,,,,,,,,,321,,,,,,,
574969,,,,,,,,,,,,,,,,,,,,,,364,,,,,,,
574995,58100,59900,59100,57200,57000,70000,1.2e+06,1.2e+06,1.2e+06,1.2e+06,1.596e+06,1.596e+06,,,,,,,,,,,9.0562e+06,80,88,64.3564,35.7143,63.6364,65
575141,,,,,,,,,,,,,,,,,,,,,,283,,,,,,,
575342,,,,,,,,,,,,,,,,,,,,,,452,,,,,,,
575634,,,,,,,,,,,,,,,,,,,,,,234,,,,,,,
575643,,,,,,,,,,,,,,,,,,,,,,287,,,,,,,
575833,,,,,,,,,,,,,,,,,,,,,,282,,,,,,,
575874,,,,,,,,,,,,,,,,,,,,,,435,,,,,,,
575995,58100,59900,59100,57200,57400,70000,1.2e+06,1.2e+06,1.2e+06,1.2e+06,1.596e+06,1.596e+06,,,,,,,,,,,8.9342e+06,80.198,85.8586,57,36,56.5657,58.5859
576351,,,,,,,,,,,,,,,,,,,,,,341,,,,,,,
576577,,,,,,,,,,,,,,,,,,,,,,322,,,,,,,
576581,,,,,,,,,,,,,,,,,,,,,,365,,,,,,,
576899,,,,,,,,,,,,,,,,,,,,,,453,,,,,,,
576996,57900,59500,59100,57200,57000,70000,1.2e+06,1.2e+06,1.2e+06,1.2e+06,1.596e+06,1.596e+06,,,,,,,,,,,9.4242e+06,83,84.8485,58,30.303,60,59.596
577043,,,,,,,,,,,,,,,,,,,,,,449,,,,,,,
577280,,,,,,,,,,,,,,,,,,,,,,284,,,,,,,
577301,,,,,,,,,,,,,,,,,,,,,,288,,,,,,,
577444,,,,,,,,,,,,,,,,,,,,,,436,,,,,,,
577812,,,,,,,,,,,,,,,,,,,,,,235,,,,,,,
577856,,,,,,,,,,,,,24.139,,,,,,,,,,,,,,,,
577973,,,,,,,,,,,,,,,,,,,,,,283,,,,,,,
577974,,,,,,,,,,,,,,,,,,,,,,342,,,,,,,
577982,,,,,,,,,,,,,,66.62,60.90,,,,,,,,,,,,,,
577995,58100,59900,59500,57500,57200,70000,1.2e+06,1.2e+06,1.2e+06,1.2e+06,1.596e+06,1.596e+06,,,,,,,,,,,9.2172e+06,83.1683,86,56.4356,29.5918,60.6061,60.6061
578016,,,,,,,,,,,,,,,,,,,,,,454,,,,,,,
578194,,,,,,,,,,,,,,,,,,,,,,366,,,,,,,
578214,,,,,,,,,,,,,,,,,,,,,,323,,,,,,,
578563,,,,,,,,,,,,,,,,,,,,,,437,,,,,,,
578601,,,,,,,,,,,,,,,,,,,,,,450,,,,,,,
578995,57900,60100,59100,57400,57000,70000,1.2e+06,1.2e+06,1.2e+06,1.2e+06,1.596e+06,1.596e+06,,,,,,,,,,,8.4616e+06,80.198,88.7755,59.596,32.6733,59,58.1633
579129,,,,,,,,,,,,,,,,,,,,,,455,,,,,,,
579419,,,,,,,,,,,,,,,,,,,,,,285,,,,,,,
579437,,,,,,,,,,,,,,,,,,,,,,289,,,,,,,
579598,,,,,,,,,,,,,,,,,,,,,,343,,,,,,,
579806,,,,,,,,,,,,,,,,,,,,,,367,,,,,,,
579849,,,,,,,,,,,,,,,,,,,,,,324,,,,,,,
579991,,,,,,,,,,,,,,,,,,,,,,236,,,,,,,
579996,57900,59900,58700,57200,56800,70000,1.2e+06,1.2e+06,1.2e+06,1.2e+06,1.596e+06,1.596e+06,,,,,,,,,,,9.0816e+06,81.3725,85.8586,63,34.3434,55.5556,57.5758
580121,,,,,,,,,,,,,,,,,,,,,,284,,,,,,,
580126,,,,,,,,,,,,,,,,,,,,,,438,,,,,,,
580678,,,,,,,,,,,,,,,,,,,,,,456,,,,,,,
580825,,,,,,,,,,,,,,,,,,,,,,452,,,,,,,
580995,58100,59700,59100,57200,57200,70000,1.2e+06,1.2e+06,1.2e+06,1.2e+06,1.596e+06,1.596e+06,,,,,,,,,,,9.3622e+06,79,89,60,36,60,60.6061
581080,,,,,,,,,,,,,,,,,,,,,,286,,,,,,,
581220,,,,,,,,,,,,,,,,,,,,,,344,,,,,,,
581245,,,,,,,,,,,,,,,,,,,,,,439,,,,,,,
581419,,,,,,,,,,,,,,,,,,,,,,368,,,,,,,
581583,,,,,,,,,,,,,,,,,,,,,,290,,,,,,,
581787,,,,,,,,,,,,,,,,,,,,,,285,,,,,,,
581794,,,,,,,,,,,,,,,,,,,,,,457,,,,,,,
581957,,,,,,,,,,,,,,,,,,,,,,325,,,,,,,
581995,57900,59300,59100,57400,57000,70000,1.2e+06,1.2e+06,1.2e+06,1.2e+06,1.596e+06,1.596e+06,,,,,,,,,,,8.1906e+06,79,86.8687,62,37.6238,62,64
582361,,,,,,,,,,,,,,,,,,,,,,440,,,,,,,
582382,,,,,,,,,,,,,,,,,,,,,,453,,,,,,,
582658,,,,,,,,,,,,,,,,,,,,,,237,,,,,,,
582842,,,,,,,,,,,,,,,,,,,,,,345,,,,,,,
582903,,,,,,,,,,,,,,,,,,,,,,458,,,,,,,
582995,58300,60100,59100,57200,57000,70000,1.2e+06,1.2e+06,1.2e+06,1.2e+06,1.596e+06,1.596e+06,,,,,,,,,,,8.2228e+06,82.3529,84.8485,58.8235,35,57.5758,59
583031,,,,,,,,,,,,,,,,,,,,,,369,,,,,,,
583219,,,,,,,,,,,,,,,,,,,,,,287,,,,,,,
583232,,,,,,,,,,,,,,,,,,,,,,291,,,,,,,
583495,,,,,,,,,,,,,,,,,,,,,,454,,,,,,,
583593,,,,,,,,,,,,,,,,,,,,,,326,,,,,,,
583926,,,,,,,,,,,,,,,,,,,,,,286,,,,,,,
583927,,,,,,,,,,,,,,,,,,,,,,441,,,,,,,
584007,57900,59700,59100,57400,57000,70000,1.2e+06,1.2e+06,1.2e+06,1.2e+06,1.596e+06,1.596e+06,,,,,,,,,,,8.2692e+06,82.3529,86.1386,56.4356,29,58.8235,58.4158
584165,,,,,,,,,,,,,,,,,,,,,,370,,,,,,,
584459,,,,,,,,,,,,,,,,,,,,,,459,,,,,,,
584469,,,,,,,,,,,,,,,,,,,,,,346,,,,,,,
584607,,,,,,,,,,,,,,,,,,,,,,455,,,,,,,
584837,,,,,,,,,,,,,,,,,,,,,,238,,,,,,,
584995,57900,59700,59100,57000,57000,70000,1.2e+06,1.2e+06,1.2e+06,1.2e+06,1.596e+06,1.596e+06,,,,,,,,,,,9.9808e+06,83,86.4583,56,25.7732,59.1837,60.8247
585045,,,,,,,,,,,,,,,,,,,,,,442,,,,,,,
585229,,,,,,,,,,,,,,,,,,,,,,327,,,,,,,
585358,,,,,,,,,,,,,,,,,,,,,,288,,,,,,,
585368,,,,,,,,,,,,,,,,,,,,,,292,,,,,,,
585570,,,,,,,,,,,,,,,,,,,,,,460,,,,,,,
585777,,,,,,,,,,,,,,,,,,,,,,371,,,,,,,
585996,57900,60100,58700,57000,56600,70000,1.2e+06,1.2e+06,1.2e+06,1.2e+06,1.596e+06,1.596e+06,,,,,,,,,,,9.4034e+06,80.198,88,61.6162,34.6535,59,57.5758
586066,,,,,,,,,,,,,,,,,,,,,,287,,,,,,,
586091,,,,,,,,,,,,,,,,,,,,,,347,,,,,,,
586164,,,,,,,,,,,,,,,,,,,,,,456,,,,,,,
586608,,,,,,,,,,,,,,,,,,,,,,443,,,,,,,
586681,,,,,,,,,,,,,,,,,,,,,,461,,,,,,,
586866,,,,,,,,,,,,,,,,,,,,,,328,,,,,,,
586995,57900,59500,59100,57200,56600,70000,1.2e+06,1.2e+06,1.2e+06,1.2e+06,1.596e+06,1.596e+06,,,,,,,,,,,9.415e+06,81,86.1386,61.7647,35.6436,56.5657,58.5859
587017,,,,,,,,,,,,,,,,,,,,,,239,,,,,,,
587019,,,,,,,,,,,,,,,,,,,,,,289,,,,,,,
587026,,,,,,,,,,,,,,,,,,,,,,293,,,,,,,
587275,,,,,,,,,,,,,,,,,,,,,,457,,,,,,,
587389,,,,,,,,,,,,,,,,,,,,,,372,,,,,,,
587712,,,,,,,,,,,,,,,,,,,,,,348,,,,,,,
587727,,,,,,,,,,,,,,,,,,,,,,288,,,,,,,
587728,,,,,,,,,,,,,,,,,,,,,,444,,,,,,,
587917,,,,,,,,,,,,,24.15,,,,,,,,,,,,,,,,
587995,58300,60100,59100,57400,57000,70000,1.2e+06,1.2e+06,1.2e+06,1.2e+06,1.596e+06,1.596e+06,,,,,,,,,,,8.7638e+06,79.4118,88.8889,61.6162,34.6939,62,62.6263
588128,,,,,,,,,,,,,,66.70,60.94,,,,,,,,,,,,,,
588387,,,,,,,,,,,,,,,,,,,,,,458,,,,,,,
588845,,,,,,,,,,,,,,,,,,,,,,445,,,,,,,
588974,,,,,,,,,,,,,,,,,,,,,,329,,,,,,,
588995,58300,59900,59100,57500,57200,70000,1.2e+06,1.2e+06,1.2e+06,1.2e+06,1.596e+06,1.596e+06,,,,,,,,,,,8.3994e+06,80.198,85.8586,60,39.1753,60,61.6162
589002,,,,,,,,,,,,,,,,,,,,,,373,,,,,,,
589159,,,,,,,,,,,,,,,,,,,,,,290,,,,,,,
589162,,,,,,,,,,,,,,,,,,,,,,294,,,,,,,
589335,,,,,,,,,,,,,,,,,,,,,,349,,,,,,,
589341,,,,,,,,,,,,,,,,,,,,,,463,,,,,,,
589688,,,,,,,,,,,,,,,,,,,,,,240,,,,,,,
589864,,,,,,,,,,,,,,,,,,,,,,289,,,,,,,
589946,,,,,,,,,,,,,,,,,,,,,,459,,,,,,,
589995,58100,60300,59100,57500,57000,70000,1.2e+06,1.2e+06,1.2e+06,1.2e+06,1.596e+06,1.596e+06,,,,,,,,,,,8.7842e+06,84,85.8586,58,37.2549,60.6061,60.396
590410,,,,,,,,,,,,,,,,,,,,,,446,,,,,,,
590451,,,,,,,,,,,,,,,,,,,,,,464,,,,,,,
590610,,,,,,,,,,,,,,,,,,,,,,330,,,,,,,
590614,,,,,,,,,,,,,,,,,,,,,,374,,,,,,,
590959,,,,,,,,,,,,,,,,,,,,,,350,,,,,,,
590995,58300,60300,59100,57500,57000,70000,1.2e+06,1.2e+06,1.2e+06,1.2e+06,1.596e+06,1.596e+06,,,,,,,,,,,8.4922e+06,81.1881,84.8485,56.8627,25.7732,57.8431,58.1633
591057,,,,,,,,,,,,,,,,,,,,,,460,,,,,,,
591298,,,,,,,,,,,,,,,,,,,,,,291,,,,,,,
591299,,,,,,,,,,,,,,,,,,,,,,295,,,,,,,
591530,,,,,,,,,,,,,,,,,,,,,,447,,,,,,,
592003,58300,60300,59100,57400,57000,70000,1.2e+06,1.2e+06,1.2e+06,1.2e+06,1.596e+06,1.596e+06,,,,,,,,,,,7.859e+06,81.1881,86,56.4356,30.3922,58.5859,59
592004,,,,,,,,,,,,,,,,,,,,,,465,,,,,,,
592005,,,,,,,,,,,,,,,,,,,,,,290,,,,,,,
592169,,,,,,,,,,,,,,,,,,,,,,461,,,,,,,
592227,,,,,,,,,,,,,,,,,,,,,,375,,,,,,,
592247,,,,,,,,,,,,,,,,,,,,,,331,,,,,,,
592587,,,,,,,,,,,,,,,,,,,,,,351,,,,,,,
592958,,,,,,,,,,,,,,,,,,,,,,296,,,,,,,
592959,,,,,,,,,,,,,,,,,,,,,,292,,,,,,,
592995,57900,59700,59100,57400,57000,70000,1.2e+06,1.2e+06,1.2e+06,1.2e+06,1.596e+06,1.596e+06,,,,,,,,,,,9.6166e+06,80.198,87.8788,63.6364,35.6436,58.5859,58.1633
593093,,,,,,,,,,,,,,,,,,,,,,448,,,,,,,
593113,,,,,,,,,,,,,,,,,,,,,,466,,,,,,,
593667,,,,,,,,,,,,,,,,,,,,,,291,,,,,,,
593730,,,,,,,,,,,,,,,,,,,,,,462,,,,,,,
593839,,,,,,,,,,,,,,,,,,,,,,376,,,,,,,
593883,,,,,,,,,,,,,,,,,,,,,,332,,,,,,,
594003,57900,59300,59100,57400,57000,70000,1.2e+06,1.2e+06,1.2e+06,1.2e+06,1.596e+06,1.596e+06,,,,,,,,,,,9.3852e+06,81.3725,86,58.4158,34.0206,56.4356,58.5859
594210,,,,,,,,,,,,,,,,,,,,,,449,,,,,,,
594226,,,,,,,,,,,,,,,,,,,,,,467,,,,,,,
594539,,,,,,,,,,,,,,,,,,,,,,242,,,,,,,
594703,,,,,,,,,,,,,,,,,,,,,,352,,,,,,,
594842,,,,,,,,,,,,,,,,,,,,,,463,,,,,,,
594995,58100,60700,59100,57400,57200,70000,1.2e+06,1.2e+06,1.2e+06,1.2e+06,1.596e+06,1.596e+06,,,,,,,,,,,8.4824e+06,80,89.7959,63,36,62.6263,64.6465
595094,,,,,,,,,,,,,,,,,,,,,,297,,,,,,,
595099,,,,,,,,,,,,,,,,,,,,,,293,,,,,,,
595328,,,,,,,,,,,,,,,,,,,,,,450,,,,,,,
595452,,,,,,,,,,,,,,,,,,,,,,377,,,,,,,
595804,,,,,,,,,,,,,,,,,,,,,,292,,,,,,,
595954,,,,,,,,,,,,,,,,,,,,,,464,,,,,,,
595992,,,,,,,,,,,,,,,,,,,,,,333,,,,,,,
595995,58300,60500,59100,57400,57000,70000,1.2e+06,1.2e+06,1.2e+06,1.2e+06,1.596e+06,1.596e+06,,,,,,,,,,,8.3244e+06,80.198,85,59,36,58.5859,59.596
596323,,,,,,,,,,,,,,,,,,,,,,353,,,,,,,
596718,,,,,,,,,,,,,,,,,,,,,,243,,,,,,,
596752,,,,,,,,,,,,,,,,,,,,,,298,,,,,,,
596888,,,,,,,,,,,,,,,,,,,,,,469,,,,,,,
596891,,,,,,,,,,,,,,,,,,,,,,451,,,,,,,
596995,58300,60500,59100,57500,57000,70000,1.2e+06,1.2e+06,1.2e+06,1.2e+06,1.596e+06,1.596e+06,,,,,,,,,,,9.7486e+06,83.8384,85.8586,57.4257,34.6535,60,60.2041
597067,,,,,,,,,,,,,,,,,,,,,,378,,,,,,,
597239,,,,,,,,,,,,,,,,,,,,,,294,,,,,,,
597513,,,,,,,,,,,,,,,,,,,,,,465,,,,,,,
597628,,,,,,,,,,,,,,,,,,,,,,334,,,,,,,
597938,,,,,,,,,,,,,,,,,,,,,,354,,,,,,,
597941,,,,,,,,,,,,,,,,,,,,,,293,,,,,,,
597981,,,,,,,,,,,,,24.16,,,,,,,,,,,,,,,,
597995,58100,60300,59100,57500,57000,70000,1.2e+06,1.2e+06,1.2e+06,1.2e+06,1.596e+06,1.596e+06,,,,,,,,,,,9.0114e+06,82.6923,84.8485,56.5657,28.2828,59.596,60
598001,,,,,,,,,,,,,,,,,,,,,,470,,,,,,,
598009,,,,,,,,,,,,,,,,,,,,,,452,,,,,,,
598198,,,,,,,,,,,,,,,,,,,,,,379,,,,,,,
598251,,,,,,,,,,,,,,66.62,60.90,,,,,,,,,,,,,,
598888,,,,,,,,,,,,,,,,,,,,,,299,,,,,,,
598897,,,,,,,,,,,,,,,,,,,,,,244,,,,,,,
598899,,,,,,,,,,,,,,,,,,,,,,295,,,,,,,
598995,58300,60300,59500,57500,57400,70000,1.2e+06,1.2e+06,1.2e+06,1.2e+06,1.596e+06,1.596e+06,,,,,,,,,,,8.617e+06,80.6122,87.8788,58,32.3232,59.4059,59.4059
599113,,,,,,,,,,,,,,,,,,,,,,471,,,,,,,
599265,,,,,,,,,,,,,,,,,,,,,,335,,,,,,,
599560,,,,,,,,,,,,,,,,,,,,,,355,,,,,,,
599574,,,,,,,,,,,,,,,,,,,,,,453,,,,,,,
599604,,,,,,,,,,,,,,,,,,,,,,294,,,,,,,
599738,,,,,,,,,,,,,,,,,,,,,,467,,,,,,,
599810,,,,,,,,,,,,,,,,,,,,,,380,,,,,,,
599995,58100,59300,59500,57500,57000,70000,1.2e+06,1.2e+06,1.2e+06,1.2e+06,1.596e+06,1.596e+06,,,,,,,,,,,8.8778e+06,79.4118,86.8687,65,36,58,56.1224
600665,,,,,,,,,,,,,,,,,,,,,,472,,,,,,,
600691,,,,,,,,,,,,,,,,,,,,,,454,,,,,,,
600901,,,,,,,,,,,,,,,,,,,,,,336,,,,,,,
600995,58300,59300,59100,57400,57200,70000,1.2e+06,1.2e+06,1.2e+06,1.2e+06,1.596e+06,1.596e+06,,,,,,,,,,,8.9746e+06,80.8081,87.1287,58,36.3636,57,60.6061
601024,,,,,,,,,,,,,,,,,,,,,,300,,,,,,,
601039,,,,,,,,,,,,,,,,,,,,,,296,,,,,,,
601182,,,,,,,,,,,,,,,,,,,,,,356,,,,,,,
601301,,,,,,,,,,,,,,,,,,,,,,468,,,,,,,
601422,,,,,,,,,,,,,,,,,,,,,,381,,,,,,,
601564,,,,,,,,,,,,,,,,,,,,,,245,,,,,,,
601740,,,,,,,,,,,,,,,,,,,,,,295,,,,,,,
601775,,,,,,,,,,,,,,,,,,,,,,473,,,,,,,
601996,58300,60300,59500,57500,57000,70000,1.2e+06,1.2e+06,1.2e+06,1.2e+06,1.596e+06,1.596e+06,,,,,,,,,,,9.7972e+06,79.4118,88,63.3663,35,64,64
602255,,,,,,,,,,,,,,,,,,,,,,455,,,,,,,
602414,,,,,,,,,,,,,,,,,,,,,,469,,,,,,,
602682,,,,,,,,,,,,,,,,,,,,,,301,,,,,,,
602808,,,,,,,,,,,,,,,,,,,,,,357,,,,,,,
602885,,,,,,,,,,,,,,,,,,,,,,474,,,,,,,
602995,58300,60500,59500,57400,57400,70000,1.2e+06,1.2e+06,1.2e+06,1.2e+06,1.596e+06,1.596e+06,,,,,,,,,,,8.5234e+06,80.5825,85.8586,58.4158,36,56.1224,59
603010,,,,,,,,,,,,,,,,,,,,,,337,,,,,,,
603035,,,,,,,,,,,,,,,,,,,,,,382,,,,,,,
603178,,,,,,,,,,,,,,,,,,,,,,297,,,,,,,
603372,,,,,,,,,,,,,,,,,,,,,,456,,,,,,,
603525,,,,,,,,,,,,,,,,,,,,,,470,,,,,,,
603745,,,,,,,,,,,,,,,,,,,,,,246,,,,,,,
603882,,,,,,,,,,,,,,,,,,,,,,296,,,,,,,
603995,58300,60300,59500,57500,57400,70000,1.2e+06,1.2e+06,1.2e+06,1.2e+06,1.596e+06,1.596e+06,,,,,,,,,,,8.8358e+06,82.8283,84.8485,57,30.6122,59.4059,59.596
604430,,,,,,,,,,,,,,,,,,,,,,358,,,,,,,
604437,,,,,,,,,,,,,,,,,,,,,,475,,,,,,,
604490,,,,,,,,,,,,,,,,,,,,,,457,,,,,,,
604647,,,,,,,,,,,,,,,,,,,,,,338,,,,,,,
604647,,,,,,,,,,,,,,,,,,,,,,383,,,,,,,
604817,,,,,,,,,,,,,,,,,,,,,,302,,,,,,,
604840,,,,,,,,,,,,,,,,,,,,,,298,,,,,,,
604995,58100,60300,59300,57400,57200,70000,1.2e+06,1.2e+06,1.2e+06,1.2e+06,1.596e+06,1.596e+06,,,,,,,,,,,9.3774e+06,83.4951,86,58,28,60,60.6061
605084,,,,,,,,,,,,,,,,,,,,,,471,,,,,,,
605541,,,,,,,,,,,,,,,,,,,,,,297,,,,,,,
605551,,,,,,,,,,,,,,,,,,,,,,476,,,,,,,
605922,,,,,,,,,,,,,,,,,,,,,,247,,,,,,,
605996,58100,60300,59100,57400,57000,70000,1.2e+06,1.2e+06,1.2e+06,1.2e+06,1.596e+06,1.596e+06,,,,,,,,,,,9.4372e+06,80.6122,87.8788,60.7843,30.6122,60.396,58.1633
606053,,,,,,,,,,,,,,,,,,,,,,359,,,,,,,
606058,,,,,,,,,,,,,,,,,,,,,,458,,,,,,,
606196,,,,,,,,,,,,,,,,,,,,,,472,,,,,,,
606260,,,,,,,,,,,,,,,,,,,,,,384,,,,,,,
606284,,,,,,,,,,,,,,,,,,,,,,339,,,,,,,
606660,,,,,,,,,,,,,,,,,,,,,,477,,,,,,,
606963,,,,,,,,,,,,,,,,,,,,,,303,,,,,,,
606979,,,,,,,,,,,,,,,,,,,,,,299,,,,,,,
606995,58100,59300,59300,57400,57000,70000,1.2e+06,1.2e+06,1.2e+06,1.2e+06,1.596e+06,1.596e+06,,,,,,,,,,,9.8548e+06,80.3922,86.7347,63,37.2549,55.5556,58
607675,,,,,,,,,,,,,,,,,,,,,,360,,,,,,,
607679,,,,,,,,,,,,,,,,,,,,,,298,,,,,,,
607763,,,,,,,,,,,,,,,,,,,,,,473,,,,,,,
607920,,,,,,,,,,,,,,,,,,,,,,340,,,,,,,
607995,58300,59700,59500,57500,57200,70000,1.2e+06,1.2e+06,1.2e+06,1.2e+06,1.596e+06,1.596e+06,,,,,,,,,,,9.8388e+06,79.2079,89,59,36,60,60.6061
608057,,,,,,,,,,,,,24.15,,,,,,,,,,,,,,,,
608210,,,,,,,,,,,,,,,,,,,,,,478,,,,,,,
608411,,,,,,,,,,,,,,66.70,60.90,,,,,,,,,,,,,,
608592,,,,,,,,,,,,,,,,,,,,,,248,,,,,,,
608611,,,,,,,,,,,,,,,,,,,,,,304,,,,,,,
608738,,,,,,,,,,,,,,,,,,,,,,460,,,,,,,
608868,,,,,,,,,,,,,,,,,,,,,,474,,,,,,,
608996,58100,60100,59300,57500,57200,70000,1.2e+06,1.2e+06,1.2e+06,1.2e+06,1.596e+06,1.596e+06,,,,,,,,,,,8.5606e+06,79.2079,85.8586,62.3762,37.3737,64,64
609118,,,,,,,,,,,,,,,,,,,,,,300,,,,,,,
609296,,,,,,,,,,,,,,,,,,,,,,361,,,,,,,
609321,,,,,,,,,,,,,,,,,,,,,,479,,,,,,,
609485,,,,,,,,,,,,,,,,,,,,,,386,,,,,,,
609821,,,,,,,,,,,,,,,,,,,,,,299,,,,,,,
609858,,,,,,,,,,,,,,,,,,,,,,461,,,,,,,
609979,,,,,,,,,,,,,,,,,,,,,,475,,,,,,,
609995,57900,60300,59500,57500,57400,70000,1.2e+06,1.2e+06,1.2e+06,1.2e+06,1.596e+06,1.596e+06,,,,,,,,,,,9.0786e+06,82.3529,84.8485,58,36,58.5859,59.596
610029,,,,,,,,,,,,,,,,,,,,,,341,,,,,,,
610433,,,,,,,,,,,,,,,,,,,,,,480,,,,,,,
610619,,,,,,,,,,,,,,,,,,,,,,387,,,,,,,
610748,,,,,,,,,,,,,,,,,,,,,,305,,,,,,,
610776,,,,,,,,,,,,,,,,,,,,,,249,,,,,,,
610779,,,,,,,,,,,,,,,,,,,,,,301,,,,,,,
610925,,,,,,,,,,,,,,,,,,,,,,362,,,,,,,
610974,,,,,,,,,,,,,,,,,,,,,,462,,,,,,,
611003,58300,59700,59500,57400,57500,70000,1.2e+06,1.2e+06,1.2e+06,1.2e+06,1.596e+06,1.596e+06,,,,,,,,,,,9.583e+06,81.3725,86,55.4455,29.2929,59.2233,58
611483,,,,,,,,,,,,,,,,,,,,,,300,,,,,,,
611538,,,,,,,,,,,,,,,,,,,,,,476,,,,,,,
611664,,,,,,,,,,,,,,,,,,,,,,342,,,,,,,
611984,,,,,,,,,,,,,,,,,,,,,,481,,,,,,,
611995,58300,59900,59500,57700,57200,70000,1.2e+06,1.2e+06,1.2e+06,1.2e+06,1.596e+06,1.596e+06,,,,,,,,,,,8.934e+06,84,84.8485,56.1224,28.7129,59.596,60.6061
612231,,,,,,,,,,,,,,,,,,,,,,388,,,,,,,
612405,,,,,,,,,,,,,,,,,,,,,,306,,,,,,,
612538,,,,,,,,,,,,,,,,,,,,,,463,,,,,,,
612546,,,,,,,,,,,,,,,,,,,,,,363,,,,,,,
612651,,,,,,,,,,,,,,,,,,,,,,477,,,,,,,
612919,,,,,,,,,,,,,,,,,,,,,,302,,,,,,,
612995,58300,60500,59500,57500,57400,70000,1.2e+06,1.2e+06,1.2e+06,1.2e+06,1.596e+06,1.596e+06,,,,,,,,,,,9.159e+06,80,88.8889,62.3762,34,59.596,58.1633
613098,,,,,,,,,,,,,,,,,,,,,,482,,,,,,,
613301,,,,,,,,,,,,,,,,,,,,,,343,,,,,,,
613446,,,,,,,,,,,,,,,,,,,,,,250,,,,,,,
613660,,,,,,,,,,,,,,,,,,,,,,464,,,,,,,
613762,,,,,,,,,,,,,,,,,,,,,,478,,,,,,,
613844,,,,,,,,,,,,,,,,,,,,,,389,,,,,,,
613995,58300,59700,59500,57700,57000,70000,1.2e+06,1.2e+06,1.2e+06,1.2e+06,1.596e+06,1.596e+06,,,,,,,,,,,9.364e+06,80.3922,86,60,36.3636,55,58.4158
614175,,,,,,,,,,,,,,,,,,,,,,364,,,,,,,
614210,,,,,,,,,,,,,,,,,,,,,,483,,,,,,,
614541,,,,,,,,,,,,,,,,,,,,,,307,,,,,,,
614939,,,,,,,,,,,,,,,,,,,,,,344,,,,,,,
614995,58700,60100,59500,57900,57500,70000,1.2e+06,1.2e+06,1.2e+06,1.2e+06,1.596e+06,1.596e+06,,,,,,,,,,,8.6126e+06,80.198,89,61.7647,34.3434,61.2245,62.2449
615058,,,,,,,,,,,,,,,,,,,,,,303,,,,,,,
615223,,,,,,,,,,,,,,,,,,,,,,465,,,,,,,
615320,,,,,,,,,,,,,,,,,,,,,,479,,,,,,,
615456,,,,,,,,,,,,,,,,,,,,,,390,,,,,,,
615626,,,,,,,,,,,,,,,,,,,,,,251,,,,,,,
615761,,,,,,,,,,,,,,,,,,,,,,484,,,,,,,
615766,,,,,,,,,,,,,,,,,,,,,,302,,,,,,,
615797,,,,,,,,,,,,,,,,,,,,,,365,,,,,,,
615996,58300,59700,59500,57700,57700,70000,1.2e+06,1.2e+06,1.2e+06,1.2e+06,1.596e+06,1.596e+06,,,,,,,,,,,8.946e+06,79.4118,85.8586,61,35.7143,60,61.6162
616343,,,,,,,,,,,,,,,,,,,,,,466,,,,,,,
616432,,,,,,,,,,,,,,,,,,,,,,480,,,,,,,
616677,,,,,,,,,,,,,,,,,,,,,,308,,,,,,,
616719,,,,,,,,,,,,,,,,,,,,,,304,,,,,,,
616871,,,,,,,,,,,,,,,,,,,,,,485,,,,,,,
616996,58300,60100,59500,57700,57400,70000,1.2e+06,1.2e+06,1.2e+06,1.2e+06,1.596e+06,1.596e+06,,,,,,,,,,,8.6076e+06,83.8384,85,57.1429,35,59.596,61
617048,,,,,,,,,,,,,,,,,,,,,,345,,,,,,,
617068,,,,,,,,,,,,,,,,,,,,,,391,,,,,,,
617424,,,,,,,,,,,,,,,,,,,,,,366,,,,,,,
617428,,,,,,,,,,,,,,,,,,,,,,303,,,,,,,
617461,,,,,,,,,,,,,,,,,,,,,,467,,,,,,,
617544,,,,,,,,,,,,,,,,,,,,,,481,,,,,,,
617983,,,,,,,,,,,,,,,,,,,,,,486,,,,,,,
617996,58300,60300,59500,57500,57500,70000,1.2e+06,1.2e+06,1.2e+06,1.2e+06,1.596e+06,1.596e+06,,,,,,,,,,,9.047e+06,81.3725,85.8586,56.4356,29,58,57.5758
618130,,,,,,,,,,,,,24.16,,,,,,,,,,,,,,,,
618295,,,,,,,,,,,,,,,,,,,,,,252,,,,,,,
618335,,,,,,,,,,,,,,,,,,,,,,309,,,,,,,
618555,,,,,,,,,,,,,,66.74,61.06,,,,,,,,,,,,,,
618680,,,,,,,,,,,,,,,,,,,,,,392,,,,,,,
618685,,,,,,,,,,,,,,,,,,,,,,346,,,,,,,
618859,,,,,,,,,,,,,,,,,,,,,,305,,,,,,,
619003,58300,60300,59500,57700,57400,70000,1.2e+06,1.2e+06,1.2e+06,1.2e+06,1.596e+06,1.596e+06,,,,,,,,,,,8.6468e+06,82.1782,86,57.8431,27.2727,59,59.596
619026,,,,,,,,,,,,,,,,,,,,,,468,,,,,,,
619046,,,,,,,,,,,,,,,,,,,,,,367,,,,,,,
619103,,,,,,,,,,,,,,,,,,,,,,482,,,,,,,
619535,,,,,,,,,,,,,,,,,,,,,,487,,,,,,,
619573,,,,,,,,,,,,,,,,,,,,,,304,,,,,,,
619995,58300,60500,59500,57700,57200,70000,1.2e+06,1.2e+06,1.2e+06,1.2e+06,1.596e+06,1.596e+06,,,,,,,,,,,8.3794e+06,80.6122,88.7755,62.6263,35.0515,59.1837,57.5758
620144,,,,,,,,,,,,,,,,,,,,,,469,,,,,,,
620215,,,,,,,,,,,,,,,,,,,,,,483,,,,,,,
620293,,,,,,,,,,,,,,,,,,,,,,393,,,,,,,
620322,,,,,,,,,,,,,,,,,,,,,,347,,,,,,,
620471,,,,,,,,,,,,,,,,,,,,,,310,,,,,,,
620477,,,,,,,,,,,,,,,,,,,,,,253,,,,,,,
620645,,,,,,,,,,,,,,,,,,,,,,488,,,,,,,
620670,,,,,,,,,,,,,,,,,,,,,,368,,,,,,,
620995,58300,59900,59500,57500,57200,70000,1.2e+06,1.2e+06,1.2e+06,1.2e+06,1.596e+06,1.596e+06,,,,,,,,,,,9.3106e+06,81.3725,85.8586,58,36,55.5556,58.5859
620998,,,,,,,,,,,,,,,,,,,,,,306,,,,,,,
621325,,,,,,,,,,,,,,,,,,,,,,484,,,,,,,
621708,,,,,,,,,,,,,,,,,,,,,,470,,,,,,,
621712,,,,,,,,,,,,,,,,,,,,,,305,,,,,,,
621757,,,,,,,,,,,,,,,,,,,,,,489,,,,,,,
621905,,,,,,,,,,,,,,,,,,,,,,394,,,,,,,
621959,,,,,,,,,,,,,,,,,,,,,,348,,,,,,,
621995,58700,60500,59500,57500,57500,70000,1.2e+06,1.2e+06,1.2e+06,1.2e+06,1.596e+06,1.596e+06,,,,,,,,,,,9.6122e+06,80.3922,89,64.3564,37.2549,63.6364,64
622130,,,,,,,,,,,,,,,,,,,,,,311,,,,,,,
622292,,,,,,,,,,,,,,,,,,,,,,369,,,,,,,
622659,,,,,,,,,,,,,,,,,,,,,,307,,,,,,,
622660,,,,,,,,,,,,,,,,,,,,,,254,,,,,,,
622826,,,,,,,,,,,,,,,,,,,,,,471,,,,,,,
622865,,,,,,,,,,,,,,,,,,,,,,490,,,,,,,
622884,,,,,,,,,,,,,,,,,,,,,,485,,,,,,,
622995,58300,60100,59500,57500,57500,70000,1.2e+06,1.2e+06,1.2e+06,1.2e+06,1.596e+06,1.596e+06,,,,,,,,,,,9.4414e+06,79,85.8586,59.4059,36.3636,57.5758,59.596
623039,,,,,,,,,,,,,,,,,,,,,,395,,,,,,,
623372,,,,,,,,,,,,,,,,,,,,,,306,,,,,,,
623995,58300,60100,59500,57700,57500,70000,1.2e+06,1.2e+06,1.2e+06,1.2e+06,1.596e+06,1.596e+06,,,,,,,,,,,9.4842e+06,83.3333,84.8485,57,34.6535,61.3861,60.6061
623997,,,,,,,,,,,,,,,,,,,,,,486,,,,,,,
624067,,,,,,,,,,,,,,,,,,,,,,349,,,,,,,
624267,,,,,,,,,,,,,,,,,,,,,,312,,,,,,,
624403,,,,,,,,,,,,,,,,,,,,,,370,,,,,,,
624415,,,,,,,,,,,,,,,,,,,,,,491,,,,,,,
624651,,,,,,,,,,,,,,,,,,,,,,396,,,,,,,
624798,,,,,,,,,,,,,,,,,,,,,,308,,,,,,,
624996,58500,60700,59700,57900,57500,70000,1.2e+06,1.2e+06,1.2e+06,1.2e+06,1.596e+06,1.596e+06,,,,,,,,,,,9.0662e+06,83,85.8586,56.5657,28.7129,59.4059,60.2041
625109,,,,,,,,,,,,,,,,,,,,,,487,,,,,,,
625327,,,,,,,,,,,,,,,,,,,,,,255,,,,,,,
625506,,,,,,,,,,,,,,,,,,,,,,473,,,,,,,
625509,,,,,,,,,,,,,,,,,,,,,,307,,,,,,,
625526,,,,,,,,,,,,,,,,,,,,,,492,,,,,,,
625702,,,,,,,,,,,,,,,,,,,,,,350,,,,,,,
625995,58300,60700,59700,57500,57400,70000,1.2e+06,1.2e+06,1.2e+06,1.2e+06,1.596e+06,1.596e+06,,,,,,,,,,,9.1736e+06,81.1881,87,57.8431,29.2929,58,58.5859
626019,,,,,,,,,,,,,,,,,,,,,,371,,,,,,,
626264,,,,,,,,,,,,,,,,,,,,,,397,,,,,,,
626402,,,,,,,,,,,,,,,,,,,,,,313,,,,,,,
626624,,,,,,,,,,,,,,,,,,,,,,474,,,,,,,
626638,,,,,,,,,,,,,,,,,,,,,,493,,,,,,,
626667,,,,,,,,,,,,,,,,,,,,,,488,,,,,,,
626937,,,,,,,,,,,,,,,,,,,,,,309,,,,,,,
626996,58300,60100,59300,57200,57400,70000,1.2e+06,1.2e+06,1.2e+06,1.2e+06,1.596e+06,1.596e+06,,,,,,,,,,,8.6828e+06,79.2079,86.8687,64,35.7143,57.5758,56.5657
627340,,,,,,,,,,,,,,,,,,,,,,351,,,,,,,
627510,,,,,,,,,,,,,,,,,,,,,,256,,,,,,,
627645,,,,,,,,,,,,,,,,,,,,,,372,,,,,,,
627650,,,,,,,,,,,,,,,,,,,,,,308,,,,,,,
627778,,,,,,,,,,,,,,,,,,,,,,489,,,,,,,
627876,,,,,,,,,,,,,,,,,,,,,,398,,,,,,,
627995,58500,60100,59500,57500,57400,70000,1.2e+06,1.2e+06,1.2e+06,1.2e+06,1.596e+06,1.596e+06,,,,,,,,,,,9.6246e+06,81,87.7551,58,36.6337,57.1429,60
628062,,,,,,,,,,,,,,,,,,,,,,314,,,,,,,
628191,,,,,,,,,,,,,,,,,,,,,,494,,,,,,,
628192,,,,,,,,,,,,,,,,,,,,,,475,,,,,,,
628195,,,,,,,,,,,,,24.16,,,,,,,,,,,,,,,,
628598,,,,,,,,,,,,,,,,,,,,,,310,,,,,,,
628697,,,,,,,,,,,,,,66.74,60.90,,,,,,,,,,,,,,
628890,,,,,,,,,,,,,,,,,,,,,,490,,,,,,,
628977,,,,,,,,,,,,,,,,,,,,,,352,,,,,,,
628995,58300,60700,59300,57500,57000,70000,1.2e+06,1.2e+06,1.2e+06,1.2e+06,1.596e+06,1.596e+06,,,,,,,,,,,9.7456e+06,80,88.1188,67.3267,35.3535,64.3564,64.6465
629272,,,,,,,,,,,,,,,,,,,,,,373,,,,,,,
629302,,,,,,,,,,,,,,,,,,,,,,495,,,,,,,
629310,,,,,,,,,,,,,,,,,,,,,,476,,,,,,,
629314,,,,,,,,,,,,,,,,,,,,,,309,,,,,,,
629488,,,,,,,,,,,,,,,,,,,,,,399,,,,,,,
629995,58700,60900,59500,57700,57400,70000,1.2e+06,1.2e+06,1.2e+06,1.2e+06,1.596e+06,1.596e+06,,,,,,,,,,,9.3146e+06,80.198,85,57.5758,35.3535,57.8431,58.5859
630179,,,,,,,,,,,,,,,,,,,,,,257,,,,,,,
630198,,,,,,,,,,,,,,,,,,,,,,315,,,,,,,
630413,,,,,,,,,,,,,,,,,,,,,,496,,,,,,,
630427,,,,,,,,,,,,,,,,,,,,,,477,,,,,,,
630447,,,,,,,,,,,,,,,,,,,,,,491,,,,,,,
630738,,,,,,,,,,,,,,,,,,,,,,311,,,,,,,
630995,58300,60500,59500,57700,57400,70000,1.2e+06,1.2e+06,1.2e+06,1.2e+06,1.596e+06,1.596e+06,,,,,,,,,,,8.2084e+06,83.3333,85.7143,57.4257,31.6832,59.596,59.596
631084,,,,,,,,,,,,,,,,,,,,,,353,,,,,,,
631101,,,,,,,,,,,,,,,,,,,,,,400,,,,,,,
631452,,,,,,,,,,,,,,,,,,,,,,310,,,,,,,
631559,,,,,,,,,,,,,,,,,,,,,,492,,,,,,,
631963,,,,,,,,,,,,,,,,,,,,,,497,,,,,,,
631993,,,,,,,,,,,,,,,,,,,,,,478,,,,,,,
631996,58500,60500,59500,57700,57400,70000,1.2e+06,1.2e+06,1.2e+06,1.2e+06,1.596e+06,1.596e+06,,,,,,,,,,,8.9368e+06,83.1683,85.8586,57,28,59.596,60.6061
632333,,,,,,,,,,,,,,,,,,,,,,316,,,,,,,
632359,,,,,,,,,,,,,,,,,,,,,,258,,,,,,,
632525,,,,,,,,,,,,,,,,,,,,,,375,,,,,,,
632671,,,,,,,,,,,,,,,,,,,,,,493,,,,,,,
632713,,,,,,,,,,,,,,,,,,,,,,401,,,,,,,
632721,,,,,,,,,,,,,,,,,,,,,,354,,,,,,,
632878,,,,,,,,,,,,,,,,,,,,,,312,,,,,,,
632995,58700,60700,59500,57700,57500,70000,1.2e+06,1.2e+06,1.2e+06,1.2e+06,1.596e+06,1.596e+06,,,,,,,,,,,8.8788e+06,80.198,88,60,31,59.596,58.4158
633076,,,,,,,,,,,,,,,,,,,,,,498,,,,,,,
633112,,,,,,,,,,,,,,,,,,,,,,479,,,,,,,
633594,,,,,,,,,,,,,,,,,,,,,,311,,,,,,,
633991,,,,,,,,,,,,,,,,,,,,,,317,,,,,,,
633996,58500,59700,59500,57500,57400,70000,1.2e+06,1.2e+06,1.2e+06,1.2e+06,1.596e+06,1.596e+06,,,,,,,,,,,9.2884e+06,81,85.8586,62,35.6436,56,58.5859
634151,,,,,,,,,,,,,,,,,,,,,,376,,,,,,,
634187,,,,,,,,,,,,,,,,,,,,,,499,,,,,,,
634228,,,,,,,,,,,,,,,,,,,,,,494,,,,,,,
634325,,,,,,,,,,,,,,,,,,,,,,402,,,,,,,
634357,,,,,,,,,,,,,,,,,,,,,,355,,,,,,,
634538,,,,,,,,,,,,,,,,,,,,,,313,,,,,,,
634539,,,,,,,,,,,,,,,,,,,,,,259,,,,,,,
634677,,,,,,,,,,,,,,,,,,,,,,480,,,,,,,
634995,58500,60900,59500,57900,57200,70000,1.2e+06,1.2e+06,1.2e+06,1.2e+06,1.596e+06,1.596e+06,,,,,,,,,,,9.061e+06,80,89,59.4059,37,59,60.6061
635254,,,,,,,,,,,,,,,,,,,,,,312,,,,,,,
635343,,,,,,,,,,,,,,,,,,,,,,495,,,,,,,
635459,,,,,,,,,,,,,,,,,,,,,,403,,,,,,,
635736,,,,,,,,,,,,,,,,,,,,,,500,,,,,,,
635774,,,,,,,,,,,,,,,,,,,,,,377,,,,,,,
635993,,,,,,,,,,,,,,,,,,,,,,356,,,,,,,
635995,58500,60700,59500,57700,57500,70000,1.2e+06,1.2e+06,1.2e+06,1.2e+06,1.596e+06,1.596e+06,,,,,,,,,,,9.507e+06,79.4118,85.8586,63,35.3535,62.3762,63.6364
636127,,,,,,,,,,,,,,,,,,,,,,318,,,,,,,
636455,,,,,,,,,,,,,,,,,,,,,,496,,,,,,,
636677,,,,,,,,,,,,,,,,,,,,,,314,,,,,,,
636852,,,,,,,,,,,,,,,,,,,,,,501,,,,,,,
636995,58700,60900,59500,57700,57400,70000,1.2e+06,1.2e+06,1.2e+06,1.2e+06,1.596e+06,1.596e+06,,,,,,,,,,,9.4668e+06,81.8182,85.7143,57,34.6939,58.1633,59
637072,,,,,,,,,,,,,,,,,,,,,,404,,,,,,,
637205,,,,,,,,,,,,,,,,,,,,,,260,,,,,,,
637363,,,,,,,,,,,,,,,,,,,,,,482,,,,,,,
637393,,,,,,,,,,,,,,,,,,,,,,313,,,,,,,
637395,,,,,,,,,,,,,,,,,,,,,,378,,,,,,,
637629,,,,,,,,,,,,,,,,,,,,,,357,,,,,,,
637785,,,,,,,,,,,,,,,,,,,,,,319,,,,,,,
637969,,,,,,,,,,,,,,,,,,,,,,502,,,,,,,
637999,58700,60700,59500,57900,57500,70000,1.2e+06,1.2e+06,1.2e+06,1.2e+06,1.596e+06,1.596e+06,,,,,,,,,,,9.0172e+06,81.7308,85.1485,56.4356,29.703,58,58
638012,,,,,,,,,,,,,,,,,,,,,,497,,,,,,,
638260,,,,,,,,,,,,,24.15,,,,,,,,,,,,,,,,
638473,,,,,,,,,,,,,,,,,,,,,,483,,,,,,,
638684,,,,,,,,,,,,,,,,,,,,,,405,,,,,,,
638805,,,,,,,,,,,,,,66.79,60.90,,,,,,,,,,,,,,
638817,,,,,,,,,,,,,,,,,,,,,,315,,,,,,,
638995,58700,60500,59900,57900,57500,70000,1.2e+06,1.2e+06,1.2e+06,1.2e+06,1.596e+06,1.596e+06,,,,,,,,,,,8.9974e+06,83.6735,86.5979,57.4257,31.6327,59.596,60.8247
639018,,,,,,,,,,,,,,,,,,,,,,379,,,,,,,
639123,,,,,,,,,,,,,,,,,,,,,,498,,,,,,,
639387,,,,,,,,,,,,,,,,,,,,,,261,,,,,,,
639523,,,,,,,,,,,,,,,,,,,,,,503,,,,,,,
639532,,,,,,,,,,,,,,,,,,,,,,314,,,,,,,
639590,,,,,,,,,,,,,,,,,,,,,,484,,,,,,,
639921,,,,,,,,,,,,,,,,,,,,,,320,,,,,,,
639995,58700,60900,59500,57900,57500,70000,1.2e+06,1.2e+06,1.2e+06,1.2e+06,1.596e+06,1.596e+06,,,,,,,,,,,9.602e+06,80.3922,88,61.3861,31.9588,60,57.5758
640234,,,,,,,,,,,,,,,,,,,,,,499,,,,,,,
640296,,,,,,,,,,,,,,,,,,,,,,406,,,,,,,
640478,,,,,,,,,,,,,,,,,,,,,,316,,,,,,,
640633,,,,,,,,,,,,,,,,,,,,,,504,,,,,,,
640640,,,,,,,,,,,,,,,,,,,,,,380,,,,,,,
640995,58500,59700,59700,57700,57400,70000,1.2e+06,1.2e+06,1.2e+06,1.2e+06,1.596e+06,1.596e+06,,,,,,,,,,,8.4388e+06,81.1881,86.1386,60,37,56.1224,59
641153,,,,,,,,,,,,,,,,,,,,,,485,,,,,,,
641193,,,,,,,,,,,,,,,,,,,,,,315,,,,,,,
641374,,,,,,,,,,,,,,,,,,,,,,359,,,,,,,
641744,,,,,,,,,,,,,,,,,,,,,,505,,,,,,,
641792,,,,,,,,,,,,,,,,,,,,,,500,,,,,,,
641908,,,,,,,,,,,,,,,,,,,,,,407,,,,,,,
641996,58700,60900,59900,57900,57700,70000,1.2e+06,1.2e+06,1.2e+06,1.2e+06,1.596e+06,1.596e+06,,,,,,,,,,,9.114e+06,80,89.7959,63,34.3434,61,61.6162
642056,,,,,,,,,,,,,,,,,,,,,,262,,,,,,,
642058,,,,,,,,,,,,,,,,,,,,,,321,,,,,,,
642266,,,,,,,,,,,,,,,,,,,,,,381,,,,,,,
642270,,,,,,,,,,,,,,,,,,,,,,486,,,,,,,
642618,,,,,,,,,,,,,,,,,,,,,,317,,,,,,,
642903,,,,,,,,,,,,,,,,,,,,,,501,,,,,,,
642996,58500,60300,59500,57900,57700,70000,1.2e+06,1.2e+06,1.2e+06,1.2e+06,1.596e+06,1.596e+06,,,,,,,,,,,9.3356e+06,79.2079,85,61,36.6337,60,61.6162
643011,,,,,,,,,,,,,,,,,,,,,,360,,,,,,,
643303,,,,,,,,,,,,,,,,,,,,,,506,,,,,,,
643332,,,,,,,,,,,,,,,,,,,,,,316,,,,,,,
643521,,,,,,,,,,,,,,,,,,,,,,408,,,,,,,
643716,,,,,,,,,,,,,,,,,,,,,,322,,,,,,,
643843,,,,,,,,,,,,,,,,,,,,,,487,,,,,,,
643892,,,,,,,,,,,,,,,,,,,,,,382,,,,,,,
643995,58500,60700,59500,57900,57400,70000,1.2e+06,1.2e+06,1.2e+06,1.2e+06,1.596e+06,1.596e+06,,,,,,,,,,,9.3822e+06,83.1683,85.8586,57.8431,35.3535,60,60.6061
644015,,,,,,,,,,,,,,,,,,,,,,502,,,,,,,
644238,,,,,,,,,,,,,,,,,,,,,,263,,,,,,,
644406,,,,,,,,,,,,,,,,,,,,,,507,,,,,,,
644647,,,,,,,,,,,,,,,,,,,,,,361,,,,,,,
644757,,,,,,,,,,,,,,,,,,,,,,318,,,,,,,
644995,58500,60500,59500,57900,57500,70000,1.2e+06,1.2e+06,1.2e+06,1.2e+06,1.596e+06,1.596e+06,,,,,,,,,,,9.942e+06,81.3725,84.8485,57.1429,26.5306,57.1429,58.5859
645133,,,,,,,,,,,,,,,,,,,,,,409,,,,,,,
645471,,,,,,,,,,,,,,,,,,,,,,317,,,,,,,
645517,,,,,,,,,,,,,,,,,,,,,,508,,,,,,,
645573,,,,,,,,,,,,,,,,,,,,,,503,,,,,,,
645852,,,,,,,,,,,,,,,,,,,,,,323,,,,,,,
646003,58500,60300,59500,57900,57400,70000,1.2e+06,1.2e+06,1.2e+06,1.2e+06,1.596e+06,1.596e+06,,,,,,,,,,,8.7872e+06,82,86.1386,56.3107,28.7129,59.4059,59
646006,,,,,,,,,,,,,,,,,,,,,,383,,,,,,,
646070,,,,,,,,,,,,,,,,,,,,,,489,,,,,,,
646416,,,,,,,,,,,,,,,,,,,,,,264,,,,,,,
646418,,,,,,,,,,,,,,,,,,,,,,319,,,,,,,
646628,,,,,,,,,,,,,,,,,,,,,,509,,,,,,,
646686,,,,,,,,,,,,,,,,,,,,,,504,,,,,,,
646745,,,,,,,,,,,,,,,,,,,,,,410,,,,,,,
646756,,,,,,,,,,,,,,,,,,,,,,362,,,,,,,
646995,58500,60900,59500,57700,57200,70000,1.2e+06,1.2e+06,1.2e+06,1.2e+06,1.596e+06,1.596e+06,,,,,,,,,,,9.75e+06,80.198,88.7755,64,36.2745,58.1633,57.732
647131,,,,,,,,,,,,,,,,,,,,,,318,,,,,,,
647510,,,,,,,,,,,,,,,,,,,,,,324,,,,,,,
647617,,,,,,,,,,,,,,,,,,,,,,384,,,,,,,
647633,,,,,,,,,,,,,,,,,,,,,,490,,,,,,,
647797,,,,,,,,,,,,,,,,,,,,,,505,,,,,,,
647879,,,,,,,,,,,,,,,,,,,,,,411,,,,,,,
647996,58700,60100,59700,57900,57200,70000,1.2e+06,1.2e+06,1.2e+06,1.2e+06,1.596e+06,1.596e+06,,,,,,,,,,,9.5804e+06,80.3922,85.8586,58,37,55.5556,58.4158
648179,,,,,,,,,,,,,,,,,,,,,,510,,,,,,,
648324,,,,,,,,,,,,,24.15,,,,,,,,,,,,,,,,
648392,,,,,,,,,,,,,,,,,,,,,,363,,,,,,,
648753,,,,,,,,,,,,,,,,,,,,,,491,,,,,,,
648922,,,,,,,,,,,,,,66.74,61.02,,,,,,,,,,,,,,
648996,58500,60900,59700,57900,57500,70000,1.2e+06,1.2e+06,1.2e+06,1.2e+06,1.596e+06,1.596e+06,,,,,,,,,,,9.0704e+06,80,88.8889,63.3663,35.0515,65.3465,64.2857
649084,,,,,,,,,,,,,,,,,,,,,,265,,,,,,,
649243,,,,,,,,,,,,,,,,,,,,,,385,,,,,,,
649271,,,,,,,,,,,,,,,,,,,,,,319,,,,,,,
649291,,,,,,,,,,,,,,,,,,,,,,511,,,,,,,
649357,,,,,,,,,,,,,,,,,,,,,,506,,,,,,,
649491,,,,,,,,,,,,,,,,,,,,,,412,,,,,,,
649647,,,,,,,,,,,,,,,,,,,,,,325,,,,,,,
649995,58300,59900,59700,57700,57700,70000,1.2e+06,1.2e+06,1.2e+06,1.2e+06,1.596e+06,1.596e+06,,,,,,,,,,,8.3176e+06,79.4118,86,58.5859,37.3737,58,59.596
650029,,,,,,,,,,,,,,,,,,,,,,364,,,,,,,
650317,,,,,,,,,,,,,,,,,,,,,,492,,,,,,,
650404,,,,,,,,,,,,,,,,,,,,,,512,,,,,,,
650468,,,,,,,,,,,,,,,,,,,,,,507,,,,,,,
650696,,,,,,,,,,,,,,,,,,,,,,321,,,,,,,
650873,,,,,,,,,,,,,,,,,,,,,,386,,,,,,,
650995,58500,60300,59700,57500,57700,70000,1.2e+06,1.2e+06,1.2e+06,1.2e+06,1.596e+06,1.596e+06,,,,,,,,,,,9.776e+06,84,85,57,32.3232,61,60.6061
651104,,,,,,,,,,,,,,,,,,,,,,413,,,,,,,
651268,,,,,,,,,,,,,,,,,,,,,,266,,,,,,,
651415,,,,,,,,,,,,,,,,,,,,,,320,,,,,,,
651437,,,,,,,,,,,,,,,,,,,,,,493,,,,,,,
651581,,,,,,,,,,,,,,,,,,,,,,508,,,,,,,
651665,,,,,,,,,,,,,,,,,,,,,,365,,,,,,,
651782,,,,,,,,,,,,,,,,,,,,,,326,,,,,,,
651957,,,,,,,,,,,,,,,,,,,,,,513,,,,,,,
651995,58700,60500,59900,57900,57700,70000,1.2e+06,1.2e+06,1.2e+06,1.2e+06,1.596e+06,1.596e+06,,,,,,,,,,,8.969e+06,83.1683,85.7143,57.4257,27,59.1837,60.6061
652357,,,,,,,,,,,,,,,,,,,,,,322,,,,,,,
652506,,,,,,,,,,,,,,,,,,,,,,387,,,,,,,
652554,,,,,,,,,,,,,,,,,,,,,,494,,,,,,,
652716,,,,,,,,,,,,,,,,,,,,,,414,,,,,,,
652996,58700,60500,59900,58100,57500,70000,1.2e+06,1.2e+06,1.2e+06,1.2e+06,1.596e+06,1.596e+06,,,,,,,,,,,8.1264e+06,80.198,87.1287,57,31,58,58.5859
653068,,,,,,,,,,,,,,,,,,,,,,514,,,,,,,
653138,,,,,,,,,,,,,,,,,,,,,,509,,,,,,,
653441,,,,,,,,,,,,,,,,,,,,,,327,,,,,,,
653559,,,,,,,,,,,,,,,,,,,,,,321,,,,,,,
653774,,,,,,,,,,,,,,,,,,,,,,366,,,,,,,
653937,,,,,,,,,,,,,,,,,,,,,,267,,,,,,,
653996,58500,60700,59500,57700,57500,70000,1.2e+06,1.2e+06,1.2e+06,1.2e+06,1.596e+06,1.596e+06,,,,,,,,,,,8.7346e+06,79,86.8687,65,34.3434,57.5758,57
654118,,,,,,,,,,,,,,,,,,,,,,495,,,,,,,
654130,,,,,,,,,,,,,,,,,,,,,,388,,,,,,,
654179,,,,,,,,,,,,,,,,,,,,,,515,,,,,,,
654251,,,,,,,,,,,,,,,,,,,,,,510,,,,,,,
654329,,,,,,,,,,,,,,,,,,,,,,415,,,,,,,
654498,,,,,,,,,,,,,,,,,,,,,,323,,,,,,,
654995,58700,59900,59500,57700,57400,70000,1.2e+06,1.2e+06,1.2e+06,1.2e+06,1.596e+06,1.596e+06,,,,,,,,,,,9.133e+06,81.1881,88,57.8431,35.6436,57,59.596
655237,,,,,,,,,,,,,,,,,,,,,,496,,,,,,,
655410,,,,,,,,,,,,,,,,,,,,,,367,,,,,,,
655577,,,,,,,,,,,,,,,,,,,,,,328,,,,,,,
655730,,,,,,,,,,,,,,,,,,,,,,516,,,,,,,
655756,,,,,,,,,,,,,,,,,,,,,,389,,,,,,,
655941,,,,,,,,,,,,,,,,,,,,,,416,,,,,,,
655995,58700,60500,59700,57700,57500,70000,1.2e+06,1.2e+06,1.2e+06,1.2e+06,1.596e+06,1.596e+06,,,,,,,,,,,7.636e+06,79.4118,87.8788,64.3564,35.7143,64.3564,64.6465
656116,,,,,,,,,,,,,,,,,,,,,,268,,,,,,,
656637,,,,,,,,,,,,,,,,,,,,,,324,,,,,,,
656799,,,,,,,,,,,,,,,,,,,,,,497,,,,,,,
656839,,,,,,,,,,,,,,,,,,,,,,517,,,,,,,
656920,,,,,,,,,,,,,,,,,,,,,,512,,,,,,,
656995,58500,60500,59900,57700,57500,70000,1.2e+06,1.2e+06,1.2e+06,1.2e+06,1.596e+06,1.596e+06,,,,,,,,,,,9.709e+06,80.198,85,57.1429,34.0206,56.5657,58.5859
657046,,,,,,,,,,,,,,,,,,,,,,368,,,,,,,
657356,,,,,,,,,,,,,,,,,,,,,,323,,,,,,,
657380,,,,,,,,,,,,,,,,,,,,,,390,,,,,,,
657553,,,,,,,,,,,,,,,,,,,,,,417,,,,,,,
657713,,,,,,,,,,,,,,,,,,,,,,329,,,,,,,
657917,,,,,,,,,,,,,,,,,,,,,,498,,,,,,,
657951,,,,,,,,,,,,,,,,,,,,,,518,,,,,,,
657996,58500,60100,59900,57700,57700,70000,1.2e+06,1.2e+06,1.2e+06,1.2e+06,1.596e+06,1.596e+06,,,,,,,,,,,9.489e+06,83.1683,85.7143,56.4356,32.3529,59.596,60
658033,,,,,,,,,,,,,,,,,,,,,,513,,,,,,,
658295,,,,,,,,,,,,,,,,,,,,,,269,,,,,,,
658297,,,,,,,,,,,,,,,,,,,,,,325,,,,,,,
658385,,,,,,,,,,,,,24.15,,,,,,,,,,,,,,,,
658683,,,,,,,,,,,,,,,,,,,,,,369,,,,,,,
658995,58700,60100,59500,57700,57500,70000,1.2e+06,1.2e+06,1.2e+06,1.2e+06,1.596e+06,1.596e+06,,,,,,,,,,,8.9174e+06,82.8283,86,57.4257,28.7129,59,60.6061
659005,,,,,,,,,,,,,,,,,,,,,,391,,,,,,,
659076,,,,,,,,,,,,,,66.87,60.90,,,,,,,,,,,,,,
659146,,,,,,,,,,,,,,,,,,,,,,514,,,,,,,
659166,,,,,,,,,,,,,,,,,,,,,,418,,,,,,,
659371,,,,,,,,,,,,,,,,,,,,,,330,,,,,,,
659499,,,,,,,,,,,,,,,,,,,,,,324,,,,,,,
659503,,,,,,,,,,,,,,,,,,,,,,519,,,,,,,
659510,,,,,,,,,,,,,,,,,,,,,,499,,,,,,,
659995,58500,60700,59500,57700,57500,70000,1.2e+06,1.2e+06,1.2e+06,1.2e+06,1.596e+06,1.596e+06,,,,,,,,,,,8.8952e+06,82.1782,87.8788,60,32.6733,60,58.1633
660300,,,,,,,,,,,,,,,,,,,,,,419,,,,,,,
660437,,,,,,,,,,,,,,,,,,,,,,326,,,,,,,
660613,,,,,,,,,,,,,,,,,,,,,,520,,,,,,,
660627,,,,,,,,,,,,,,,,,,,,,,500,,,,,,,
660704,,,,,,,,,,,,,,,,,,,,,,515,,,,,,,
660791,,,,,,,,,,,,,,,,,,,,,,370,,,,,,,
660963,,,,,,,,,,,,,,,,,,,,,,270,,,,,,,
660996,58500,60500,59500,57500,57400,70000,1.2e+06,1.2e+06,1.2e+06,1.2e+06,1.596e+06,1.596e+06,,,,,,,,,,,9.2444e+06,81.1881,86.8687,62.3762,34.6939,57,58.4158
661114,,,,,,,,,,,,,,,,,,,,,,392,,,,,,,
661162,,,,,,,,,,,,,,,,,,,,,,325,,,,,,,
661507,,,,,,,,,,,,,,,,,,,,,,331,,,,,,,
661725,,,,,,,,,,,,,,,,,,,,,,521,,,,,,,
661745,,,,,,,,,,,,,,,,,,,,,,501,,,,,,,
661818,,,,,,,,,,,,,,,,,,,,,,516,,,,,,,
661912,,,,,,,,,,,,,,,,,,,,,,420,,,,,,,
661995,58700,60100,59900,57700,57200,70000,1.2e+06,1.2e+06,1.2e+06,1.2e+06,1.596e+06,1.596e+06,,,,,,,,,,,9.081e+06,79.4118,89,60,35.3535,58.5859,60.2041
662427,,,,,,,,,,,,,,,,,,,,,,371,,,,,,,
662576,,,,,,,,,,,,,,,,,,,,,,327,,,,,,,
662743,,,,,,,,,,,,,,,,,,,,,,393,,,,,,,
662995,58700,60100,59900,57900,57400,70000,1.2e+06,1.2e+06,1.2e+06,1.2e+06,1.596e+06,1.596e+06,,,,,,,,,,,9.7192e+06,79,85.8586,62,36.6337,62.2449,64
663143,,,,,,,,,,,,,,,,,,,,,,271,,,,,,,
663165,,,,,,,,,,,,,,,,,,,,,,332,,,,,,,
663277,,,,,,,,,,,,,,,,,,,,,,522,,,,,,,
663302,,,,,,,,,,,,,,,,,,,,,,326,,,,,,,
663310,,,,,,,,,,,,,,,,,,,,,,502,,,,,,,
663383,,,,,,,,,,,,,,,,,,,,,,517,,,,,,,
663524,,,,,,,,,,,,,,,,,,,,,,421,,,,,,,
663995,58700,60900,59900,57700,57500,70000,1.2e+06,1.2e+06,1.2e+06,1.2e+06,1.596e+06,1.596e+06,,,,,,,,,,,9.4916e+06,82,85.7143,57.8431,34.3434,58.5859,59.596
664237,,,,,,,,,,,,,,,,,,,,,,328,,,,,,,
664361,,,,,,,,,,,,,,,,,,,,,,394,,,,,,,
664389,,,,,,,,,,,,,,,,,,,,,,523,,,,,,,
664429,,,,,,,,,,,,,,,,,,,,,,503,,,,,,,
664487,,,,,,,,,,,,,,,,,,,,,,518,,,,,,,
665003,58500,60500,59700,57900,57700,70000,1.2e+06,1.2e+06,1.2e+06,1.2e+06,1.596e+06,1.596e+06,,,,,,,,,,,8.4752e+06,81.5534,85.1485,56.5657,29.2929,57.8431,58
665137,,,,,,,,,,,,,,,,,,,,,,422,,,,,,,
665301,,,,,,,,,,,,,,,,,,,,,,333,,,,,,,
665322,,,,,,,,,,,,,,,,,,,,,,272,,,,,,,
665442,,,,,,,,,,,,,,,,,,,,,,327,,,,,,,
665499,,,,,,,,,,,,,,,,,,,,,,524,,,,,,,
665598,,,,,,,,,,,,,,,,,,,,,,519,,,,,,,
665701,,,,,,,,,,,,,,,,,,,,,,373,,,,,,,
665992,,,,,,,,,,,,,,,,,,,,,,504,,,,,,,
665995,58700,60900,59700,57700,57500,70000,1.2e+06,1.2e+06,1.2e+06,1.2e+06,1.596e+06,1.596e+06,,,,,,,,,,,9.6972e+06,84,85.7143,57,29,58.7629,60.2041
666377,,,,,,,,,,,,,,,,,,,,,,329,,,,,,,
666749,,,,,,,,,,,,,,,,,,,,,,423,,,,,,,
666995,58700,60700,59700,57700,57500,70000,1.2e+06,1.2e+06,1.2e+06,1.2e+06,1.596e+06,1.596e+06,,,,,,,,,,,9.6604e+06,80.3922,88,61,35,60.7843,58.1633
667059,,,,,,,,,,,,,,,,,,,,,,525,,,,,,,
667103,,,,,,,,,,,,,,,,,,,,,,328,,,,,,,
667112,,,,,,,,,,,,,,,,,,,,,,505,,,,,,,
667163,,,,,,,,,,,,,,,,,,,,,,520,,,,,,,
667437,,,,,,,,,,,,,,,,,,,,,,334,,,,,,,
667609,,,,,,,,,,,,,,,,,,,,,,396,,,,,,,
667810,,,,,,,,,,,,,,,,,,,,,,374,,,,,,,
667993,,,,,,,,,,,,,,,,,,,,,,273,,,,,,,
667995,58700,59900,59700,57700,57700,70000,1.2e+06,1.2e+06,1.2e+06,1.2e+06,1.596e+06,1.596e+06,,,,,,,,,,,8.6658e+06,81.1881,87,60,36,56,58.4158
668165,,,,,,,,,,,,,,,,,,,,,,526,,,,,,,
668267,,,,,,,,,,,,,,,,,,,,,,521,,,,,,,
668361,,,,,,,,,,,,,,,,,,,,,,424,,,,,,,
668452,,,,,,,,,,,,,24.15,,,,,,,,,,,,,,,,
668516,,,,,,,,,,,,,,,,,,,,,,330,,,,,,,
668683,,,,,,,,,,,,,,,,,,,,,,506,,,,,,,
668995,58900,60900,59500,57700,57500,70000,1.2e+06,1.2e+06,1.2e+06,1.2e+06,1.596e+06,1.596e+06,,,,,,,,,,,9.6114e+06,79,88.8889,62.3762,35.6436,61,62.2449
669095,,,,,,,,,,,,,,,,,,,,,,335,,,,,,,
669231,,,,,,,,,,,,,,,,,,,,,,397,,,,,,,
669241,,,,,,,,,,,,,,,,,,,,,,329,,,,,,,
669273,,,,,,,,,,,,,,66.95,61.06,,,,,,,,,,,,,,
669276,,,,,,,,,,,,,,,,,,,,,,527,,,,,,,
669379,,,,,,,,,,,,,,,,,,,,,,522,,,,,,,
669447,,,,,,,,,,,,,,,,,,,,,,375,,,,,,,
669800,,,,,,,,,,,,,,,,,,,,,,507,,,,,,,
669974,,,,,,,,,,,,,,,,,,,,,,425,,,,,,,
669995,58700,60500,59700,57700,57500,70000,1.2e+06,1.2e+06,1.2e+06,1.2e+06,1.596e+06,1.596e+06,,,,,,,,,,,8.7336e+06,80.198,85.7143,63.3663,36.3636,61,62
670172,,,,,,,,,,,,,,,,,,,,,,274,,,,,,,
670177,,,,,,,,,,,,,,,,,,,,,,331,,,,,,,
670387,,,,,,,,,,,,,,,,,,,,,,528,,,,,,,
670861,,,,,,,,,,,,,,,,,,,,,,398,,,,,,,
670917,,,,,,,,,,,,,,,,,,,,,,508,,,,,,,
670938,,,,,,,,,,,,,,,,,,,,,,523,,,,,,,
670995,58700,60900,59500,57900,57500,70000,1.2e+06,1.2e+06,1.2e+06,1.2e+06,1.596e+06,1.596e+06,,,,,,,,,,,8.2696e+06,83.1683,85.1485,58,36,59.596,60.6061
671082,,,,,,,,,,,,,,,,,,,,,,376,,,,,,,
671230,,,,,,,,,,,,,,,,,,,,,,336,,,,,,,
671389,,,,,,,,,,,,,,,,,,,,,,330,,,,,,,
671937,,,,,,,,,,,,,,,,,,,,,,529,,,,,,,
671995,58700,60900,59500,57700,57400,70000,1.2e+06,1.2e+06,1.2e+06,1.2e+06,1.596e+06,1.596e+06,,,,,,,,,,,8.6376e+06,81.3725,85.7143,57.8431,27.2727,57.5758,57.5758
672052,,,,,,,,,,,,,,,,,,,,,,524,,,,,,,
672316,,,,,,,,,,,,,,,,,,,,,,332,,,,,,,
672482,,,,,,,,,,,,,,,,,,,,,,509,,,,,,,
672484,,,,,,,,,,,,,,,,,,,,,,399,,,,,,,
672719,,,,,,,,,,,,,,,,,,,,,,377,,,,,,,
672720,,,,,,,,,,,,,,,,,,,,,,427,,,,,,,
672838,,,,,,,,,,,,,,,,,,,,,,275,,,,,,,
672888,,,,,,,,,,,,,,,,,,,,,,337,,,,,,,
672995,58500,61100,59900,57900,57500,70000,1.2e+06,1.2e+06,1.2e+06,1.2e+06,1.596e+06,1.596e+06,,,,,,,,,,,9.9188e+06,82.1782,85,55.4455,28.7129,58.8235,59.596
673049,,,,,,,,,,,,,,,,,,,,,,530,,,,,,,
673051,,,,,,,,,,,,,,,,,,,,,,331,,,,,,,
673165,,,,,,,,,,,,,,,,,,,,,,525,,,,,,,
673995,58700,60900,59500,57700,57400,70000,1.2e+06,1.2e+06,1.2e+06,1.2e+06,1.596e+06,1.596e+06,,,,,,,,,,,9.492e+06,80,88.8889,63.6364,34.6939,59.596,58
674112,,,,,,,,,,,,,,,,,,,,,,400,,,,,,,
674161,,,,,,,,,,,,,,,,,,,,,,531,,,,,,,
674332,,,,,,,,,,,,,,,,,,,,,,428,,,,,,,
674456,,,,,,,,,,,,,,,,,,,,,,333,,,,,,,
674724,,,,,,,,,,,,,,,,,,,,,,526,,,,,,,
674828,,,,,,,,,,,,,,,,,,,,,,378,,,,,,,
674995,58700,59900,59900,57900,57500,70000,1.2e+06,1.2e+06,1.2e+06,1.2e+06,1.596e+06,1.596e+06,,,,,,,,,,,9.344e+06,81.5534,86,59.8039,35.6436,56.4356,59
675021,,,,,,,,,,,,,,,,,,,,,,276,,,,,,,
675023,,,,,,,,,,,,,,,,,,,,,,338,,,,,,,
675163,,,,,,,,,,,,,,,,,,,,,,511,,,,,,,
675195,,,,,,,,,,,,,,,,,,,,,,332,,,,,,,
675711,,,,,,,,,,,,,,,,,,,,,,532,,,,,,,
675733,,,,,,,,,,,,,,,,,,,,,,401,,,,,,,
675835,,,,,,,,,,,,,,,,,,,,,,527,,,,,,,
675945,,,,,,,,,,,,,,,,,,,,,,429,,,,,,,
675995,58700,61300,59900,57900,57500,70000,1.2e+06,1.2e+06,1.2e+06,1.2e+06,1.596e+06,1.596e+06,,,,,,,,,,,9.168e+06,79.2079,89.7959,63.2653,35.3535,63.2653,64.2857
676117,,,,,,,,,,,,,,,,,,,,,,334,,,,,,,
676281,,,,,,,,,,,,,,,,,,,,,,512,,,,,,,
676464,,,,,,,,,,,,,,,,,,,,,,379,,,,,,,
676823,,,,,,,,,,,,,,,,,,,,,,533,,,,,,,
676947,,,,,,,,,,,,,,,,,,,,,,528,,,,,,,
676995,58700,61100,59900,57900,57500,70000,1.2e+06,1.2e+06,1.2e+06,1.2e+06,1.596e+06,1.596e+06,,,,,,,,,,,9.5054e+06,80,85.1485,58,34.6939,58,59.596
677160,,,,,,,,,,,,,,,,,,,,,,339,,,,,,,
677200,,,,,,,,,,,,,,,,,,,,,,277,,,,,,,
677333,,,,,,,,,,,,,,,,,,,,,,333,,,,,,,
677361,,,,,,,,,,,,,,,,,,,,,,402,,,,,,,
677401,,,,,,,,,,,,,,,,,,,,,,513,,,,,,,
677557,,,,,,,,,,,,,,,,,,,,,,430,,,,,,,
677934,,,,,,,,,,,,,,,,,,,,,,534,,,,,,,
677995,58700,60900,59900,57900,57900,70000,1.2e+06,1.2e+06,1.2e+06,1.2e+06,1.596e+06,1.596e+06,,,,,,,,,,,8.2042e+06,83.3333,85.8586,58.4158,33.6634,60.396,60.2041
678101,,,,,,,,,,,,,,,,,,,,,,380,,,,,,,
678256,,,,,,,,,,,,,,,,,,,,,,335,,,,,,,
678505,,,,,,,,,,,,,,,,,,,,,,529,,,,,,,
678515,,,,,,,,,,,,,24.15,,,,,,,,,,,,,,,,
678818,,,,,,,,,,,,,,,,,,,,,,340,,,,,,,
678967,,,,,,,,,,,,,,,,,,,,,,514,,,,,,,
678995,58500,60900,59900,57900,57500,70000,1.2e+06,1.2e+06,1.2e+06,1.2e+06,1.596e+06,1.596e+06,,,,,,,,,,,9.5954e+06,82.8283,85.7143,56.4356,28,59.596,60.2041
679169,,,,,,,,,,,,,,,,,,,,,,431,,,,,,,
679391,,,,,,,,,,,,,,66.83,61.14,,,,,,,,,,,,,,
679477,,,,,,,,,,,,,,,,,,,,,,334,,,,,,,
679477,,,,,,,,,,,,,,,,,,,,,,403,,,,,,,
679489,,,,,,,,,,,,,,,,,,,,,,535,,,,,,,
679617,,,,,,,,,,,,,,,,,,,,,,530,,,,,,,
679737,,,,,,,,,,,,,,,,,,,,,,381,,,,,,,
679871,,,,,,,,,,,,,,,,,,,,,,278,,,,,,,
679995,58700,60900,59900,58100,57400,70000,1.2e+06,1.2e+06,1.2e+06,1.2e+06,1.596e+06,1.596e+06,,,,,,,,,,,8.498e+06,81.3725,87.1287,58.1633,32.3232,58,58
680084,,,,,,,,,,,,,,,,,,,,,,515,,,,,,,
680396,,,,,,,,,,,,,,,,,,,,,,336,,,,,,,
680602,,,,,,,,,,,,,,,,,,,,,,536,,,,,,,
680728,,,,,,,,,,,,,,,,,,,,,,531,,,,,,,
680782,,,,,,,,,,,,,,,,,,,,,,432,,,,,,,
680954,,,,,,,,,,,,,,,,,,,,,,341,,,,,,,
680996,58700,60900,59900,57900,57700,70000,1.2e+06,1.2e+06,1.2e+06,1.2e+06,1.596e+06,1.596e+06,,,,,,,,,,,9.883e+06,80.198,86.8687,64,36.6337,57.5758,57.5758
681099,,,,,,,,,,,,,,,,,,,,,,404,,,,,,,
681145,,,,,,,,,,,,,,,,,,,,,,335,,,,,,,
681647,,,,,,,,,,,,,,,,,,,,,,516,,,,,,,
681712,,,,,,,,,,,,,,,,,,,,,,537,,,,,,,
681846,,,,,,,,,,,,,,,,,,,,,,382,,,,,,,
681996,59100,60100,59900,57900,57700,70000,1.2e+06,1.2e+06,1.2e+06,1.2e+06,1.596e+06,1.596e+06,,,,,,,,,,,8.412e+06,80.198,87.8788,58.8235,35.3535,57,59
682050,,,,,,,,,,,,,,,,,,,,,,279,,,,,,,
682057,,,,,,,,,,,,,,,,,,,,,,337,,,,,,,
682286,,,,,,,,,,,,,,,,,,,,,,532,,,,,,,
682394,,,,,,,,,,,,,,,,,,,,,,433,,,,,,,
682612,,,,,,,,,,,,,,,,,,,,,,342,,,,,,,
682766,,,,,,,,,,,,,,,,,,,,,,517,,,,,,,
682995,58900,60900,59900,57900,57700,70000,1.2e+06,1.2e+06,1.2e+06,1.2e+06,1.596e+06,1.596e+06,,,,,,,,,,,9.541e+06,80,87,63.6364,36.6337,64,65.6566
683262,,,,,,,,,,,,,,,,,,,,,,538,,,,,,,
683282,,,,,,,,,,,,,,,,,,,,,,336,,,,,,,
683398,,,,,,,,,,,,,,,,,,,,,,533,,,,,,,
683482,,,,,,,,,,,,,,,,,,,,,,383,,,,,,,
683995,58700,61100,59900,57900,57700,70000,1.2e+06,1.2e+06,1.2e+06,1.2e+06,1.596e+06,1.596e+06,,,,,,,,,,,8.9064e+06,80,85.8586,57,36,57,58
684006,,,,,,,,,,,,,,,,,,,,,,434,,,,,,,
684196,,,,,,,,,,,,,,,,,,,,,,338,,,,,,,
684343,,,,,,,,,,,,,,,,,,,,,,406,,,,,,,
684373,,,,,,,,,,,,,,,,,,,,,,539,,,,,,,
684510,,,,,,,,,,,,,,,,,,,,,,534,,,,,,,
684718,,,,,,,,,,,,,,,,,,,,,,280,,,,,,,
684748,,,,,,,,,,,,,,,,,,,,,,343,,,,,,,
684995,58500,60300,59700,57900,57700,70000,1.2e+06,1.2e+06,1.2e+06,1.2e+06,1.596e+06,1.596e+06,,,,,,,,,,,9.0328e+06,83.3333,85.8586,56.8627,32,60,59.596
685120,,,,,,,,,,,,,,,,,,,,,,384,,,,,,,
685140,,,,,,,,,,,,,,,,,,,,,,435,,,,,,,
685421,,,,,,,,,,,,,,,,,,,,,,337,,,,,,,
685446,,,,,,,,,,,,,,,,,,,,,,519,,,,,,,
685484,,,,,,,,,,,,,,,,,,,,,,540,,,,,,,
685965,,,,,,,,,,,,,,,,,,,,,,407,,,,,,,
685995,58700,60700,59700,58100,57500,70000,1.2e+06,1.2e+06,1.2e+06,1.2e+06,1.596e+06,1.596e+06,,,,,,,,,,,8.9558e+06,83,85,56.5657,29.4118,60,61
686069,,,,,,,,,,,,,,,,,,,,,,535,,,,,,,
686343,,,,,,,,,,,,,,,,,,,,,,339,,,,,,,
686565,,,,,,,,,,,,,,,,,,,,,,520,,,,,,,
686753,,,,,,,,,,,,,,,,,,,,,,436,,,,,,,
686756,,,,,,,,,,,,,,,,,,,,,,385,,,,,,,
686884,,,,,,,,,,,,,,,,,,,,,,344,,,,,,,
686899,,,,,,,,,,,,,,,,,,,,,,281,,,,,,,
686995,58500,60700,59900,57900,57500,70000,1.2e+06,1.2e+06,1.2e+06,1.2e+06,1.596e+06,1.596e+06,,,,,,,,,,,8.6294e+06,80.3922,88.8889,59,32.6531,59.596,58.1633
687039,,,,,,,,,,,,,,,,,,,,,,541,,,,,,,
687082,,,,,,,,,,,,,,,,,,,,,,338,,,,,,,
687180,,,,,,,,,,,,,,,,,,,,,,536,,,,,,,
687589,,,,,,,,,,,,,,,,,,,,,,408,,,,,,,
687995,58700,60900,59900,57900,57500,70000,1.2e+06,1.2e+06,1.2e+06,1.2e+06,1.596e+06,1.596e+06,,,,,,,,,,,9.5796e+06,81,85.8586,62.3762,34,57,58.4158
688131,,,,,,,,,,,,,,,,,,,,,,521,,,,,,,
688146,,,,,,,,,,,,,,,,,,,,,,542,,,,,,,
688291,,,,,,,,,,,,,,,,,,,,,,537,,,,,,,
688365,,,,,,,,,,,,,,,,,,,,,,437,,,,,,,
688542,,,,,,,,,,,,,,,,,,,,,,345,,,,,,,
688576,,,,,,,,,,,,,24.15,,,,,,,,,,,,,,,,
688865,,,,,,,,,,,,,,,,,,,,,,386,,,,,,,
688995,58700,60100,59900,57700,57700,70000,1.2e+06,1.2e+06,1.2e+06,1.2e+06,1.596e+06,1.596e+06,,,,,,,,,,,9.192e+06,79.2079,89,60.396,38.2353,59,60.2041
689079,,,,,,,,,,,,,,,,,,,,,,282,,,,,,,
689211,,,,,,,,,,,,,,,,,,,,,,409,,,,,,,
689220,,,,,,,,,,,,,,,,,,,,,,339,,,,,,,
689248,,,,,,,,,,,,,,,,,,,,,,522,,,,,,,
689256,,,,,,,,,,,,,,,,,,,,,,543,,,,,,,
689503,,,,,,,,,,,,,,66.95,61.10,,,,,,,,,,,,,,
689849,,,,,,,,,,,,,,,,,,,,,,538,,,,,,,
689978,,,,,,,,,,,,,,,,,,,,,,438,,,,,,,
689995,58500,60500,59500,57900,57700,70000,1.2e+06,1.2e+06,1.2e+06,1.2e+06,1.596e+06,1.596e+06,,,,,,,,,,,8.7616e+06,80.3922,85.8586,62.6263,39.3939,62.6263,63.6364
690136,,,,,,,,,,,,,,,,,,,,,,341,,,,,,,
690367,,,,,,,,,,,,,,,,,,,,,,544,,,,,,,
690367,,,,,,,,,,,,,,,,,,,,,,523,,,,,,,
690502,,,,,,,,,,,,,,,,,,,,,,387,,,,,,,
690678,,,,,,,,,,,,,,,,,,,,,,346,,,,,,,
690836,,,,,,,,,,,,,,,,,,,,,,410,,,,,,,
690961,,,,,,,,,,,,,,,,,,,,,,539,,,,,,,
690996,58700,60900,59900,58100,57900,70000,1.2e+06,1.2e+06,1.2e+06,1.2e+06,1.596e+06,1.596e+06,,,,,,,,,,,9.455e+06,81.8182,84.8485,57,37,59,59.596
691360,,,,,,,,,,,,,,,,,,,,,,340,,,,,,,
691590,,,,,,,,,,,,,,,,,,,,,,439,,,,,,,
691747,,,,,,,,,,,,,,,,,,,,,,283,,,,,,,
691916,,,,,,,,,,,,,,,,,,,,,,545,,,,,,,
691931,,,,,,,,,,,,,,,,,,,,,,524,,,,,,,
692007,58900,60300,59900,57900,57900,70000,1.2e+06,1.2e+06,1.2e+06,1.2e+06,1.596e+06,1.596e+06,,,,,,,,,,,1.03986e+07,81.7308,86.1386,58.2524,29,57.8431,58
692138,,,,,,,,,,,,,,,,,,,,,,388,,,,,,,
692275,,,,,,,,,,,,,,,,,,,,,,342,,,,,,,
692458,,,,,,,,,,,,,,,,,,,,,,411,,,,,,,
692815,,,,,,,,,,,,,,,,,,,,,,347,,,,,,,
692995,58500,60500,59900,57900,57400,70000,1.2e+06,1.2e+06,1.2e+06,1.2e+06,1.596e+06,1.596e+06,,,,,,,,,,,8.8412e+06,82.6531,85.567,55.6701,27.551,59.1837,60.2041
693020,,,,,,,,,,,,,,,,,,,,,,341,,,,,,,
693030,,,,,,,,,,,,,,,,,,,,,,546,,,,,,,
693049,,,,,,,,,,,,,,,,,,,,,,525,,,,,,,
693203,,,,,,,,,,,,,,,,,,,,,,440,,,,,,,
693633,,,,,,,,,,,,,,,,,,,,,,541,,,,,,,
693775,,,,,,,,,,,,,,,,,,,,,,389,,,,,,,
693928,,,,,,,,,,,,,,,,,,,,,,284,,,,,,,
693936,,,,,,,,,,,,,,,,,,,,,,343,,,,,,,
693995,58700,61100,59900,57700,57500,70000,1.2e+06,1.2e+06,1.2e+06,1.2e+06,1.596e+06,1.596e+06,,,,,,,,,,,9.2988e+06,80.198,88,62.3762,33.3333,60,58.5859
694080,,,,,,,,,,,,,,,,,,,,,,412,,,,,,,
694141,,,,,,,,,,,,,,,,,,,,,,547,,,,,,,
694474,,,,,,,,,,,,,,,,,,,,,,348,,,,,,,
694621,,,,,,,,,,,,,,,,,,,,,,526,,,,,,,
694745,,,,,,,,,,,,,,,,,,,,,,542,,,,,,,
694815,,,,,,,,,,,,,,,,,,,,,,441,,,,,,,
694995,58700,60700,59900,57900,57400,70000,1.2e+06,1.2e+06,1.2e+06,1.2e+06,1.596e+06,1.596e+06,,,,,,,,,,,8.9132e+06,81.1881,86,61.7647,36,56.5657,58.4158
695161,,,,,,,,,,,,,,,,,,,,,,342,,,,,,,
695410,,,,,,,,,,,,,,,,,,,,,,390,,,,,,,
695696,,,,,,,,,,,,,,,,,,,,,,548,,,,,,,
695702,,,,,,,,,,,,,,,,,,,,,,413,,,,,,,
695739,,,,,,,,,,,,,,,,,,,,,,527,,,,,,,
695857,,,,,,,,,,,,,,,,,,,,,,543,,,,,,,
695995,59100,60300,59900,57700,57700,70000,1.2e+06,1.2e+06,1.2e+06,1.2e+06,1.596e+06,1.596e+06,,,,,,,,,,,8.4396e+06,80,89.7959,61.3861,34.0206,61,62.2449
696076,,,,,,,,,,,,,,,,,,,,,,344,,,,,,,
696427,,,,,,,,,,,,,,,,,,,,,,442,,,,,,,
696594,,,,,,,,,,,,,,,,,,,,,,285,,,,,,,
696610,,,,,,,,,,,,,,,,,,,,,,349,,,,,,,
696805,,,,,,,,,,,,,,,,,,,,,,549,,,,,,,
696996,58700,60300,59900,57900,57700,70000,1.2e+06,1.2e+06,1.2e+06,1.2e+06,1.596e+06,1.596e+06,,,,,,,,,,,8.4804e+06,79.6117,85,61,35.3535,60.2041,61.6162
697298,,,,,,,,,,,,,,,,,,,,,,343,,,,,,,
697301,,,,,,,,,,,,,,,,,,,,,,528,,,,,,,
697324,,,,,,,,,,,,,,,,,,,,,,414,,,,,,,
697416,,,,,,,,,,,,,,,,,,,,,,544,,,,,,,
697519,,,,,,,,,,,,,,,,,,,,,,391,,,,,,,
697561,,,,,,,,,,,,,,,,,,,,,,443,,,,,,,
697914,,,,,,,,,,,,,,,,,,,,,,550,,,,,,,
697996,58900,60100,59900,58300,57400,70000,1.2e+06,1.2e+06,1.2e+06,1.2e+06,1.596e+06,1.596e+06,,,,,,,,,,,9.126e+06,83.1683,85.8586,58.4158,36,60.7843,60
698216,,,,,,,,,,,,,,,,,,,,,,345,,,,,,,
698268,,,,,,,,,,,,,,,,,,,,,,350,,,,,,,
698419,,,,,,,,,,,,,,,,,,,,,,529,,,,,,,
698527,,,,,,,,,,,,,,,,,,,,,,545,,,,,,,
698639,,,,,,,,,,,,,24.15,,,,,,,,,,,,,,,,
698773,,,,,,,,,,,,,,,,,,,,,,286,,,,,,,
698946,,,,,,,,,,,,,,,,,,,,,,415,,,,,,,
698958,,,,,,,,,,,,,,,,,,,,,,344,,,,,,,
698995,58900,60900,59900,57900,57700,70000,1.2e+06,1.2e+06,1.2e+06,1.2e+06,1.596e+06,1.596e+06,,,,,,,,,,,9.2936e+06,82,84.8485,56,30.3922,57.5758,58.1633
699156,,,,,,,,,,,,,,,,,,,,,,392,,,,,,,
699173,,,,,,,,,,,,,,,,,,,,,,444,,,,,,,
699465,,,,,,,,,,,,,,,,,,,,,,551,,,,,,,
699539,,,,,,,,,,,,,,,,,,,,,,530,,,,,,,
699636,,,,,,,,,,,,,,66.87,61.10,,,,,,,,,,,,,,
699640,,,,,,,,,,,,,,,,,,,,,,546,,,,,,,
699876,,,,,,,,,,,,,,,,,,,,,,346,,,,,,,
700003,58700,60900,59900,58100,57700,70000,1.2e+06,1.2e+06,1.2e+06,1.2e+06,1.596e+06,1.596e+06,,,,,,,,,,,1.02674e+07,82.5243,86,56.5657,28,58.5859,60
700404,,,,,,,,,,,,,,,,,,,,,,351,,,,,,,
700569,,,,,,,,,,,,,,,,,,,,,,416,,,,,,,
700578,,,,,,,,,,,,,,,,,,,,,,552,,,,,,,
700786,,,,,,,,,,,,,,,,,,,,,,445,,,,,,,
700792,,,,,,,,,,,,,,,,,,,,,,393,,,,,,,
700996,58700,60900,59900,57900,57700,70000,1.2e+06,1.2e+06,1.2e+06,1.2e+06,1.596e+06,1.596e+06,,,,,,,,,,,9.3038e+06,79.798,88.8889,63,33.6735,59.596,58.5859
701102,,,,,,,,,,,,,,,,,,,,,,345,,,,,,,
701106,,,,,,,,,,,,,,,,,,,,,,531,,,,,,,
701198,,,,,,,,,,,,,,,,,,,,,,547,,,,,,,
701995,58900,59700,59900,57900,57500,70000,1.2e+06,1.2e+06,1.2e+06,1.2e+06,1.596e+06,1.596e+06,,,,,,,,,,,8.7538e+06,81.3725,85.7143,58.4158,36.3636,56,58
702015,,,,,,,,,,,,,,,,,,,,,,347,,,,,,,
702202,,,,,,,,,,,,,,,,,,,,,,417,,,,,,,
702224,,,,,,,,,,,,,,,,,,,,,,532,,,,,,,
702309,,,,,,,,,,,,,,,,,,,,,,548,,,,,,,
702398,,,,,,,,,,,,,,,,,,,,,,446,,,,,,,
702429,,,,,,,,,,,,,,,,,,,,,,394,,,,,,,
702540,,,,,,,,,,,,,,,,,,,,,,352,,,,,,,
702995,59100,61300,60100,58100,57700,70000,1.2e+06,1.2e+06,1.2e+06,1.2e+06,1.596e+06,1.596e+06,,,,,,,,,,,8.906e+06,79.2079,89,64,36,62.6263,64.2857
703240,,,,,,,,,,,,,,,,,,,,,,554,,,,,,,
703242,,,,,,,,,,,,,,,,,,,,,,346,,,,,,,
703421,,,,,,,,,,,,,,,,,,,,,,549,,,,,,,
703620,,,,,,,,,,,,,,,,,,,,,,288,,,,,,,
703789,,,,,,,,,,,,,,,,,,,,,,533,,,,,,,
703824,,,,,,,,,,,,,,,,,,,,,,418,,,,,,,
703995,59100,60900,59900,58100,57700,70000,1.2e+06,1.2e+06,1.2e+06,1.2e+06,1.596e+06,1.596e+06,,,,,,,,,,,9.2528e+06,79.2079,85.8586,58.4158,35.3535,58.4158,59.596
704010,,,,,,,,,,,,,,,,,,,,,,447,,,,,,,
704154,,,,,,,,,,,,,,,,,,,,,,348,,,,,,,
704200,,,,,,,,,,,,,,,,,,,,,,353,,,,,,,
704358,,,,,,,,,,,,,,,,,,,,,,555,,,,,,,
704537,,,,,,,,,,,,,,,,,,,,,,395,,,,,,,
704905,,,,,,,,,,,,,,,,,,,,,,347,,,,,,,
704910,,,,,,,,,,,,,,,,,,,,,,534,,,,,,,
704979,,,,,,,,,,,,,,,,,,,,,,550,,,,,,,
704995,59100,60500,60100,57900,57700,70000,1.2e+06,1.2e+06,1.2e+06,1.2e+06,1.596e+06,1.596e+06,,,,,,,,,,,8.8344e+06,84.1584,85,57.4257,35.2941,60.6061,60
705448,,,,,,,,,,,,,,,,,,,,,,419,,,,,,,
705469,,,,,,,,,,,,,,,,,,,,,,556,,,,,,,
705623,,,,,,,,,,,,,,,,,,,,,,448,,,,,,,
705800,,,,,,,,,,,,,,,,,,,,,,289,,,,,,,
705815,,,,,,,,,,,,,,,,,,,,,,349,,,,,,,
705995,58900,61100,59900,58100,57700,70000,1.2e+06,1.2e+06,1.2e+06,1.2e+06,1.596e+06,1.596e+06,,,,,,,,,,,9.9498e+06,84.1584,85.7143,57.1429,26.5306,59,60.2041
706090,,,,,,,,,,,,,,,,,,,,,,551,,,,,,,
706174,,,,,,,,,,,,,,,,,,,,,,396,,,,,,,
706336,,,,,,,,,,,,,,,,,,,,,,354,,,,,,,
706475,,,,,,,,,,,,,,,,,,,,,,535,,,,,,,
706996,58700,60900,59900,57900,57900,70000,1.2e+06,1.2e+06,1.2e+06,1.2e+06,1.596e+06,1.596e+06,,,,,,,,,,,9.0784e+06,80.198,87.1287,57.8431,31,57.5758,59
707021,,,,,,,,,,,,,,,,,,,,,,557,,,,,,,
707047,,,,,,,,,,,,,,,,,,,,,,348,,,,,,,
707202,,,,,,,,,,,,,,,,,,,,,,552,,,,,,,
707235,,,,,,,,,,,,,,,,,,,,,,449,,,,,,,
707563,,,,,,,,,,,,,,,,,,,,,,420,,,,,,,
707592,,,,,,,,,,,,,,,,,,,,,,536,,,,,,,
707810,,,,,,,,,,,,,,,,,,,,,,397,,,,,,,
707954,,,,,,,,,,,,,,,,,,,,,,350,,,,,,,
707980,,,,,,,,,,,,,,,,,,,,,,290,,,,,,,
707994,,,,,,,,,,,,,,,,,,,,,,355,,,,,,,
707995,58700,60500,60100,57900,57500,70000,1.2e+06,1.2e+06,1.2e+06,1.2e+06,1.596e+06,1.596e+06,,,,,,,,,,,9.281e+06,79.4118,86.8687,64.3564,35.3535,58,56.5657
708131,,,,,,,,,,,,,,,,,,,,,,558,,,,,,,
708702,,,,,,,,,,,,,24.16,,,,,,,,,,,,,,,,
708708,,,,,,,,,,,,,,,,,,,,,,537,,,,,,,
708760,,,,,,,,,,,,,,,,,,,,,,553,,,,,,,
708847,,,,,,,,,,,,,,,,,,,,,,450,,,,,,,
708995,59100,60100,60300,58100,57700,70000,1.2e+06,1.2e+06,1.2e+06,1.2e+06,1.596e+06,1.596e+06,,,,,,,,,,,8.4e+06,80.8081,87.8788,57.5758,35.3535,57,59.596
709183,,,,,,,,,,,,,,,,,,,,,,421,,,,,,,
709185,,,,,,,,,,,,,,,,,,,,,,349,,,,,,,
709241,,,,,,,,,,,,,,,,,,,,,,559,,,,,,,
709446,,,,,,,,,,,,,,,,,,,,,,398,,,,,,,
709776,,,,,,,,,,,,,,66.74,60.86,,,,,,,,,,,,,,
709871,,,,,,,,,,,,,,,,,,,,,,554,,,,,,,
709981,,,,,,,,,,,,,,,,,,,,,,451,,,,,,,
709995,59100,61300,59900,58100,57900,70000,1.2e+06,1.2e+06,1.2e+06,1.2e+06,1.596e+06,1.596e+06,,,,,,,,,,,9.0244e+06,80.3922,88,66.6667,36,64,64.6465
710093,,,,,,,,,,,,,,,,,,,,,,351,,,,,,,
710130,,,,,,,,,,,,,,,,,,,,,,356,,,,,,,
710285,,,,,,,,,,,,,,,,,,,,,,538,,,,,,,
710352,,,,,,,,,,,,,,,,,,,,,,560,,,,,,,
710648,,,,,,,,,,,,,,,,,,,,,,291,,,,,,,
710805,,,,,,,,,,,,,,,,,,,,,,422,,,,,,,
710983,,,,,,,,,,,,,,,,,,,,,,555,,,,,,,
710995,58900,61500,60100,58100,57700,70000,1.2e+06,1.2e+06,1.2e+06,1.2e+06,1.596e+06,1.596e+06,,,,,,,,,,,9.5706e+06,80,84.8485,57.4257,35.3535,56.5657,58.5859
711402,,,,,,,,,,,,,,,,,,,,,,539,,,,,,,
711555,,,,,,,,,,,,,,,,,,,,,,399,,,,,,,
711593,,,,,,,,,,,,,,,,,,,,,,452,,,,,,,
711754,,,,,,,,,,,,,,,,,,,,,,352,,,,,,,
711903,,,,,,,,,,,,,,,,,,,,,,561,,,,,,,
711996,59100,61100,59900,57900,57900,70000,1.2e+06,1.2e+06,1.2e+06,1.2e+06,1.596e+06,1.596e+06,,,,,,,,,,,9.0602e+06,83.3333,85.8586,57.4257,30.6122,59,60
712266,,,,,,,,,,,,,,,,,,,,,,357,,,,,,,
712426,,,,,,,,,,,,,,,,,,,,,,423,,,,,,,
712540,,,,,,,,,,,,,,,,,,,,,,556,,,,,,,
712827,,,,,,,,,,,,,,,,,,,,,,292,,,,,,,
712965,,,,,,,,,,,,,,,,,,,,,,540,,,,,,,
712988,,,,,,,,,,,,,,,,,,,,,,351,,,,,,,
712995,58900,61300,60100,57900,57900,70000,1.2e+06,1.2e+06,1.2e+06,1.2e+06,1.596e+06,1.596e+06,,,,,,,,,,,8.8564e+06,83.1683,85.1485,55.5556,27.7228,59.596,61.2245
713017,,,,,,,,,,,,,,,,,,,,,,562,,,,,,,
713191,,,,,,,,,,,,,,,,,,,,,,400,,,,,,,
713206,,,,,,,,,,,,,,,,,,,,,,453,,,,,,,
713651,,,,,,,,,,,,,,,,,,,,,,557,,,,,,,
713894,,,,,,,,,,,,,,,,,,,,,,353,,,,,,,
713924,,,,,,,,,,,,,,,,,,,,,,358,,,,,,,
713995,58900,61100,59900,58100,57900,70000,1.2e+06,1.2e+06,1.2e+06,1.2e+06,1.596e+06,1.596e+06,,,,,,,,,,,8.4792e+06,80.3922,88.7755,60,32,59.596,58.4158
714054,,,,,,,,,,,,,,,,,,,,,,424,,,,,,,
714084,,,,,,,,,,,,,,,,,,,,,,541,,,,,,,
714126,,,,,,,,,,,,,,,,,,,,,,563,,,,,,,
714762,,,,,,,,,,,,,,,,,,,,,,558,,,,,,,
714818,,,,,,,,,,,,,,,,,,,,,,454,,,,,,,
714828,,,,,,,,,,,,,,,,,,,,,,401,,,,,,,
714996,58900,59900,59900,57900,57700,70000,1.2e+06,1.2e+06,1.2e+06,1.2e+06,1.596e+06,1.596e+06,,,,,,,,,,,8.6652e+06,81,85.8586,63.3663,36.3636,55.5556,58.1633
715128,,,,,,,,,,,,,,,,,,,,,,352,,,,,,,
715203,,,,,,,,,,,,,,,,,,,,,,542,,,,,,,
715503,,,,,,,,,,,,,,,,,,,,,,293,,,,,,,
715554,,,,,,,,,,,,,,,,,,,,,,354,,,,,,,
715676,,,,,,,,,,,,,,,,,,,,,,564,,,,,,,
715681,,,,,,,,,,,,,,,,,,,,,,425,,,,,,,
715995,59100,60100,60300,58300,57700,70000,1.2e+06,1.2e+06,1.2e+06,1.2e+06,1.596e+06,1.596e+06,,,,,,,,,,,9.4796e+06,79.2079,89,59,35,59.4059,60
716060,,,,,,,,,,,,,,,,,,,,,,359,,,,,,,
716320,,,,,,,,,,,,,,,,,,,,,,559,,,,,,,
716431,,,,,,,,,,,,,,,,,,,,,,455,,,,,,,
716464,,,,,,,,,,,,,,,,,,,,,,402,,,,,,,
716766,,,,,,,,,,,,,,,,,,,,,,543,,,,,,,
716789,,,,,,,,,,,,,,,,,,,,,,565,,,,,,,
716791,,,,,,,,,,,,,,,,,,,,,,353,,,,,,,
716995,59100,61100,60100,58300,57700,70000,1.2e+06,1.2e+06,1.2e+06,1.2e+06,1.596e+06,1.596e+06,,,,,,,,,,,9.298e+06,79.2079,85.8586,62.6263,36,62,63.2653
717308,,,,,,,,,,,,,,,,,,,,,,426,,,,,,,
717432,,,,,,,,,,,,,,,,,,,,,,560,,,,,,,
717676,,,,,,,,,,,,,,,,,,,,,,294,,,,,,,
717694,,,,,,,,,,,,,,,,,,,,,,355,,,,,,,
717885,,,,,,,,,,,,,,,,,,,,,,544,,,,,,,
717900,,,,,,,,,,,,,,,,,,,,,,566,,,,,,,
717995,59100,61300,60100,58100,57900,70000,1.2e+06,1.2e+06,1.2e+06,1.2e+06,1.596e+06,1.596e+06,,,,,,,,,,,8.551e+06,82,84.8485,57.8431,37,58.5859,59.596
718043,,,,,,,,,,,,,,,,,,,,,,456,,,,,,,
718195,,,,,,,,,,,,,,,,,,,,,,360,,,,,,,
718573,,,,,,,,,,,,,,,,,,,,,,403,,,,,,,
718768,,,,,,,,,,,,,24.16,,,,,,,,,,,,,,,,
718930,,,,,,,,,,,,,,,,,,,,,,354,,,,,,,
718930,,,,,,,,,,,,,,,,,,,,,,427,,,,,,,
719007,58700,60700,59900,58100,57900,70000,1.2e+06,1.2e+06,1.2e+06,1.2e+06,1.596e+06,1.596e+06,,,,,,,,,,,8.9516e+06,81.5534,86.1386,56.8627,29,58.8235,58
719450,,,,,,,,,,,,,,,,,,,,,,545,,,,,,,
719450,,,,,,,,,,,,,,,,,,,,,,567,,,,,,,
719833,,,,,,,,,,,,,,,,,,,,,,356,,,,,,,
719853,,,,,,,,,,,,,,,,,,,,,,361,,,,,,,
719862,,,,,,,,,,,,,,,,,,,,,,295,,,,,,,
719893,,,,,,,,,,,,,,66.79,60.98,,,,,,,,,,,,,,
719995,58700,60900,59900,58100,57700,70000,1.2e+06,1.2e+06,1.2e+06,1.2e+06,1.596e+06,1.596e+06,,,,,,,,,,,9.1358e+06,84,85.567,57.1429,31.6832,59.596,61.6162
720101,,,,,,,,,,,,,,,,,,,,,,562,,,,,,,
720210,,,,,,,,,,,,,,,,,,,,,,404,,,,,,,
720562,,,,,,,,,,,,,,,,,,,,,,568,,,,,,,
720569,,,,,,,,,,,,,,,,,,,,,,546,,,,,,,
720996,58900,61100,60100,58100,57700,70000,1.2e+06,1.2e+06,1.2e+06,1.2e+06,1.596e+06,1.596e+06,,,,,,,,,,,9.331e+06,80.198,88,62.3762,32.6531,59.596,57.5758
721069,,,,,,,,,,,,,,,,,,,,,,355,,,,,,,
721212,,,,,,,,,,,,,,,,,,,,,,563,,,,,,,
721268,,,,,,,,,,,,,,,,,,,,,,458,,,,,,,
721494,,,,,,,,,,,,,,,,,,,,,,357,,,,,,,
721672,,,,,,,,,,,,,,,,,,,,,,569,,,,,,,
721687,,,,,,,,,,,,,,,,,,,,,,547,,,,,,,
721846,,,,,,,,,,,,,,,,,,,,,,405,,,,,,,
721990,,,,,,,,,,,,,,,,,,,,,,362,,,,,,,
721995,58900,60100,59900,58100,57700,70000,1.2e+06,1.2e+06,1.2e+06,1.2e+06,1.596e+06,1.596e+06,,,,,,,,,,,9.3226e+06,81.1881,86.1386,60.6061,34.3434,56,58.1633
722179,,,,,,,,,,,,,,,,,,,,,,429,,,,,,,
722323,,,,,,,,,,,,,,,,,,,,,,564,,,,,,,
722402,,,,,,,,,,,,,,,,,,,,,,459,,,,,,,
722532,,,,,,,,,,,,,,,,,,,,,,296,,,,,,,
722730,,,,,,,,,,,,,,,,,,,,,,356,,,,,,,
722995,59100,60500,60300,58100,57700,70000,1.2e+06,1.2e+06,1.2e+06,1.2e+06,1.596e+06,1.596e+06,,,,,,,,,,,8.2594e+06,79,89.7959,61.3861,35.3535,62,62
723222,,,,,,,,,,,,,,,,,,,,,,570,,,,,,,
723252,,,,,,,,,,,,,,,,,,,,,,548,,,,,,,
723483,,,,,,,,,,,,,,,,,,,,,,406,,,,,,,
723634,,,,,,,,,,,,,,,,,,,,,,358,,,,,,,
723649,,,,,,,,,,,,,,,,,,,,,,363,,,,,,,
723805,,,,,,,,,,,,,,,,,,,,,,430,,,,,,,
723881,,,,,,,,,,,,,,,,,,,,,,565,,,,,,,
723995,59100,60900,60300,58300,58100,70000,1.2e+06,1.2e+06,1.2e+06,1.2e+06,1.596e+06,1.596e+06,,,,,,,,,,,7.8958e+06,79.4118,85,60,37.2549,60,62.2449
724014,,,,,,,,,,,,,,,,,,,,,,460,,,,,,,
724334,,,,,,,,,,,,,,,,,,,,,,571,,,,,,,
724370,,,,,,,,,,,,,,,,,,,,,,549,,,,,,,
724712,,,,,,,,,,,,,,,,,,,,,,297,,,,,,,
724869,,,,,,,,,,,,,,,,,,,,,,357,,,,,,,
724992,,,,,,,,,,,,,,,,,,,,,,566,,,,,,,
724995,59100,61100,60300,58500,58100,70000,1.2e+06,1.2e+06,1.2e+06,1.2e+06,1.596e+06,1.596e+06,,,,,,,,,,,8.7942e+06,84.1584,85.8586,59,34,60,60.396
725427,,,,,,,,,,,,,,,,,,,,,,431,,,,,,,
725443,,,,,,,,,,,,,,,,,,,,,,572,,,,,,,
725591,,,,,,,,,,,,,,,,,,,,,,407,,,,,,,
725627,,,,,,,,,,,,,,,,,,,,,,461,,,,,,,
725774,,,,,,,,,,,,,,,,,,,,,,359,,,,,,,
725784,,,,,,,,,,,,,,,,,,,,,,364,,,,,,,
725933,,,,,,,,,,,,,,,,,,,,,,550,,,,,,,
725995,59100,61100,60100,58300,57900,70000,1.2e+06,1.2e+06,1.2e+06,1.2e+06,1.596e+06,1.596e+06,,,,,,,,,,,9.2686e+06,80.8081,84.8485,56,29.703,58,58.5859
726105,,,,,,,,,,,,,,,,,,,,,,567,,,,,,,
726552,,,,,,,,,,,,,,,,,,,,,,573,,,,,,,
727003,59100,60700,60100,58100,57700,70000,1.2e+06,1.2e+06,1.2e+06,1.2e+06,1.596e+06,1.596e+06,,,,,,,,,,,8.8964e+06,82.5243,86,56,27.2727,58,59.4059
727009,,,,,,,,,,,,,,,,,,,,,,358,,,,,,,
727049,,,,,,,,,,,,,,,,,,,,,,432,,,,,,,
727050,,,,,,,,,,,,,,,,,,,,,,551,,,,,,,
727227,,,,,,,,,,,,,,,,,,,,,,408,,,,,,,
727239,,,,,,,,,,,,,,,,,,,,,,462,,,,,,,
727380,,,,,,,,,,,,,,,,,,,,,,298,,,,,,,
727664,,,,,,,,,,,,,,,,,,,,,,568,,,,,,,
727913,,,,,,,,,,,,,,,,,,,,,,360,,,,,,,
727921,,,,,,,,,,,,,,,,,,,,,,365,,,,,,,
727995,59100,61300,60300,58300,57700,70000,1.2e+06,1.2e+06,1.2e+06,1.2e+06,1.596e+06,1.596e+06,,,,,,,,,,,8.4814e+06,79.798,88.7755,64.3564,36,59.1837,57.732
728102,,,,,,,,,,,,,,,,,,,,,,574,,,,,,,
728167,,,,,,,,,,,,,,,,,,,,,,552,,,,,,,
728672,,,,,,,,,,,,,,,,,,,,,,359,,,,,,,
728776,,,,,,,,,,,,,,,,,,,,,,569,,,,,,,
728851,,,,,,,,,,,,,,,,,,,,,,463,,,,,,,
728864,,,,,,,,,,,,,,,,,,,,,,409,,,,,,,
728871,,,,,,,,,,,,,24.15,,,,,,,,,,,,,,,,
728995,59300,60700,60100,58500,58100,70000,1.2e+06,1.2e+06,1.2e+06,1.2e+06,1.596e+06,1.596e+06,,,,,,,,,,,8.6876e+06,81.1881,85,58,36.6337,56.4356,58
729157,,,,,,,,,,,,,,,,,,,,,,433,,,,,,,
729213,,,,,,,,,,,,,,,,,,,,,,575,,,,,,,
729563,,,,,,,,,,,,,,,,,,,,,,299,,,,,,,
729574,,,,,,,,,,,,,,,,,,,,,,361,,,,,,,
729579,,,,,,,,,,,,,,,,,,,,,,366,,,,,,,
729887,,,,,,,,,,,,,,,,,,,,,,570,,,,,,,
729995,59500,60900,60300,58100,58100,70000,1.2e+06,1.2e+06,1.2e+06,1.2e+06,1.596e+06,1.596e+06,,,,,,,,,,,8.767e+06,79.2079,89.899,63.3663,39,63.6364,64.2857
730066,,,,,,,,,,,,,,66.66,60.86,,,,,,,,,,,,,,
730323,,,,,,,,,,,,,,,,,,,,,,576,,,,,,,
730464,,,,,,,,,,,,,,,,,,,,,,464,,,,,,,
730501,,,,,,,,,,,,,,,,,,,,,,410,,,,,,,
730779,,,,,,,,,,,,,,,,,,,,,,434,,,,,,,
730810,,,,,,,,,,,,,,,,,,,,,,360,,,,,,,
730849,,,,,,,,,,,,,,,,,,,,,,554,,,,,,,
730996,59100,60700,60300,58300,58100,70000,1.2e+06,1.2e+06,1.2e+06,1.2e+06,1.596e+06,1.596e+06,,,,,,,,,,,8.9422e+06,79.2079,85,59,39.2157,58,60
731445,,,,,,,,,,,,,,,,,,,,,,571,,,,,,,
731713,,,,,,,,,,,,,,,,,,,,,,362,,,,,,,
731715,,,,,,,,,,,,,,,,,,,,,,367,,,,,,,
731744,,,,,,,,,,,,,,,,,,,,,,300,,,,,,,
731875,,,,,,,,,,,,,,,,,,,,,,577,,,,,,,
731995,59100,60700,60300,58300,57900,70000,1.2e+06,1.2e+06,1.2e+06,1.2e+06,1.596e+06,1.596e+06,,,,,,,,,,,8.0984e+06,84.3137,85.8586,57,31.6327,60,60.6061
732076,,,,,,,,,,,,,,,,,,,,,,465,,,,,,,
732405,,,,,,,,,,,,,,,,,,,,,,435,,,,,,,
732414,,,,,,,,,,,,,,,,,,,,,,555,,,,,,,
732557,,,,,,,,,,,,,,,,,,,,,,572,,,,,,,
732609,,,,,,,,,,,,,,,,,,,,,,411,,,,,,,
732951,,,,,,,,,,,,,,,,,,,,,,361,,,,,,,
732987,,,,,,,,,,,,,,,,,,,,,,578,,,,,,,
732995,59300,60500,60300,58300,58100,70000,1.2e+06,1.2e+06,1.2e+06,1.2e+06,1.596e+06,1.596e+06,,,,,,,,,,,8.6334e+06,83,85.7143,57,27.2727,59.596,60.6061
733374,,,,,,,,,,,,,,,,,,,,,,363,,,,,,,
733374,,,,,,,,,,,,,,,,,,,,,,368,,,,,,,
733533,,,,,,,,,,,,,,,,,,,,,,556,,,,,,,
733688,,,,,,,,,,,,,,,,,,,,,,466,,,,,,,
733996,59100,61300,59900,58100,57900,70000,1.2e+06,1.2e+06,1.2e+06,1.2e+06,1.596e+06,1.596e+06,,,,,,,,,,,9.1896e+06,81,86.8687,58,29,57.5758,59
734031,,,,,,,,,,,,,,,,,,,,,,436,,,,,,,
734097,,,,,,,,,,,,,,,,,,,,,,579,,,,,,,
734123,,,,,,,,,,,,,,,,,,,,,,573,,,,,,,
734246,,,,,,,,,,,,,,,,,,,,,,412,,,,,,,
734414,,,,,,,,,,,,,,,,,,,,,,301,,,,,,,
734610,,,,,,,,,,,,,,,,,,,,,,362,,,,,,,
734822,,,,,,,,,,,,,,,,,,,,,,467,,,,,,,
734996,59100,61300,60300,58100,57700,70000,1.2e+06,1.2e+06,1.2e+06,1.2e+06,1.596e+06,1.596e+06,,,,,,,,,,,8.9136e+06,79.2079,87,64.3564,36,58,56.5657
735103,,,,,,,,,,,,,,,,,,,,,,557,,,,,,,
735226,,,,,,,,,,,,,,,,,,,,,,574,,,,,,,
735511,,,,,,,,,,,,,,,,,,,,,,369,,,,,,,
735514,,,,,,,,,,,,,,,,,,,,,,364,,,,,,,
735648,,,,,,,,,,,,,,,,,,,,,,580,,,,,,,
735654,,,,,,,,,,,,,,,,,,,,,,437,,,,,,,
735995,59100,60900,60300,58500,57700,70000,1.2e+06,1.2e+06,1.2e+06,1.2e+06,1.596e+06,1.596e+06,,,,,,,,,,,8.9598e+06,81.1881,87.8788,58,35.3535,58,59.596
736338,,,,,,,,,,,,,,,,,,,,,,575,,,,,,,
736435,,,,,,,,,,,,,,,,,,,,,,468,,,,,,,
736592,,,,,,,,,,,,,,,,,,,,,,302,,,,,,,
736749,,,,,,,,,,,,,,,,,,,,,,363,,,,,,,
736758,,,,,,,,,,,,,,,,,,,,,,581,,,,,,,
736995,59100,61500,60300,58300,58100,70000,1.2e+06,1.2e+06,1.2e+06,1.2e+06,1.596e+06,1.596e+06,,,,,,,,,,,8.9528e+06,79.4118,87.1287,64.3564,35.6436,63.6364,64.6465
737276,,,,,,,,,,,,,,,,,,,,,,438,,,,,,,
737331,,,,,,,,,,,,,,,,,,,,,,559,,,,,,,
737518,,,,,,,,,,,,,,,,,,,,,,414,,,,,,,
737647,,,,,,,,,,,,,,,,,,,,,,370,,,,,,,
737653,,,,,,,,,,,,,,,,,,,,,,365,,,,,,,
737868,,,,,,,,,,,,,,,,,,,,,,582,,,,,,,
737907,,,,,,,,,,,,,,,,,,,,,,576,,,,,,,
737995,59300,61100,60300,58300,58100,70000,1.2e+06,1.2e+06,1.2e+06,1.2e+06,1.596e+06,1.596e+06,,,,,,,,,,,8.9186e+06,80.198,85.8586,57.4257,36,57,58.5859
738047,,,,,,,,,,,,,,,,,,,,,,469,,,,,,,
738886,,,,,,,,,,,,,,,,,,,,,,364,,,,,,,
738894,,,,,,,,,,,,,,,,,,,,,,560,,,,,,,
738898,,,,,,,,,,,,,,,,,,,,,,439,,,,,,,
738933,,,,,,,,,,,,,24.16,,,,,,,,,,,,,,,,
738995,59300,60900,60300,58700,58100,70000,1.2e+06,1.2e+06,1.2e+06,1.2e+06,1.596e+06,1.596e+06,,,,,,,,,,,9.8432e+06,83,85.7143,57,30.6122,59,59.596
739009,,,,,,,,,,,,,,,,,,,,,,577,,,,,,,
739258,,,,,,,,,,,,,,,,,,,,,,303,,,,,,,
739305,,,,,,,,,,,,,,,,,,,,,,371,,,,,,,
739315,,,,,,,,,,,,,,,,,,,,,,366,,,,,,,
739626,,,,,,,,,,,,,,,,,,,,,,415,,,,,,,
739659,,,,,,,,,,,,,,,,,,,,,,470,,,,,,,
739995,59300,61100,60300,58300,57900,70000,1.2e+06,1.2e+06,1.2e+06,1.2e+06,1.596e+06,1.596e+06,,,,,,,,,,,8.524e+06,83.3333,85,56,30.3922,60.2041,61
740013,,,,,,,,,,,,,,,,,,,,,,561,,,,,,,
740121,,,,,,,,,,,,,,,,,,,,,,578,,,,,,,
740197,,,,,,,,,,,,,,66.79,61.02,,,,,,,,,,,,,,
740521,,,,,,,,,,,,,,,,,,,,,,440,,,,,,,
740528,,,,,,,,,,,,,,,,,,,,,,584,,,,,,,
740548,,,,,,,,,,,,,,,,,,,,,,365,,,,,,,
740995,58900,61300,60300,58300,57900,70000,1.2e+06,1.2e+06,1.2e+06,1.2e+06,1.596e+06,1.596e+06,,,,,,,,,,,8.2338e+06,80.198,88.8889,61.7647,33,61,58
741263,,,,,,,,,,,,,,,,,,,,,,416,,,,,,,
741272,,,,,,,,,,,,,,,,,,,,,,471,,,,,,,
741436,,,,,,,,,,,,,,,,,,,,,,304,,,,,,,
741440,,,,,,,,,,,,,,,,,,,,,,372,,,,,,,
741455,,,,,,,,,,,,,,,,,,,,,,367,,,,,,,
741576,,,,,,,,,,,,,,,,,,,,,,562,,,,,,,
741638,,,,,,,,,,,,,,,,,,,,,,585,,,,,,,
741679,,,,,,,,,,,,,,,,,,,,,,579,,,,,,,
741996,59100,60900,60300,58300,58100,70000,1.2e+06,1.2e+06,1.2e+06,1.2e+06,1.596e+06,1.596e+06,,,,,,,,,,,9.568e+06,81,85.8586,62.6263,36,55.5556,58.5859
742143,,,,,,,,,,,,,,,,,,,,,,441,,,,,,,
742686,,,,,,,,,,,,,,,,,,,,,,366,,,,,,,
742696,,,,,,,,,,,,,,,,,,,,,,563,,,,,,,
742750,,,,,,,,,,,,,,,,,,,,,,586,,,,,,,
742790,,,,,,,,,,,,,,,,,,,,,,580,,,,,,,
742884,,,,,,,,,,,,,,,,,,,,,,472,,,,,,,
742900,,,,,,,,,,,,,,,,,,,,,,417,,,,,,,
742995,59300,60900,60100,58500,58100,70000,1.2e+06,1.2e+06,1.2e+06,1.2e+06,1.596e+06,1.596e+06,,,,,,,,,,,9.7976e+06,79.2079,89,59,36,59,60.6061
743576,,,,,,,,,,,,,,,,,,,,,,373,,,,,,,
743595,,,,,,,,,,,,,,,,,,,,,,368,,,,,,,
743617,,,,,,,,,,,,,,,,,,,,,,305,,,,,,,
743769,,,,,,,,,,,,,,,,,,,,,,442,,,,,,,
743815,,,,,,,,,,,,,,,,,,,,,,564,,,,,,,
743902,,,,,,,,,,,,,,,,,,,,,,581,,,,,,,
743995,59100,61500,60300,58500,58100,70000,1.2e+06,1.2e+06,1.2e+06,1.2e+06,1.596e+06,1.596e+06,,,,,,,,,,,8.4832e+06,80,85.8586,63.3663,35,61.6162,63.6364
744302,,,,,,,,,,,,,,,,,,,,,,587,,,,,,,
744496,,,,,,,,,,,,,,,,,,,,,,473,,,,,,,
744536,,,,,,,,,,,,,,,,,,,,,,418,,,,,,,
744826,,,,,,,,,,,,,,,,,,,,,,367,,,,,,,
744996,59300,61300,60300,58300,57900,70000,1.2e+06,1.2e+06,1.2e+06,1.2e+06,1.596e+06,1.596e+06,,,,,,,,,,,9.1334e+06,82.3529,85.7143,57.4257,35.3535,58.5859,59
745234,,,,,,,,,,,,,,,,,,,,,,374,,,,,,,
745378,,,,,,,,,,,,,,,,,,,,,,565,,,,,,,
745398,,,,,,,,,,,,,,,,,,,,,,443,,,,,,,
745412,,,,,,,,,,,,,,,,,,,,,,588,,,,,,,
745459,,,,,,,,,,,,,,,,,,,,,,582,,,,,,,
745735,,,,,,,,,,,,,,,,,,,,,,369,,,,,,,
746003,59100,61500,60300,58500,57900,70000,1.2e+06,1.2e+06,1.2e+06,1.2e+06,1.596e+06,1.596e+06,,,,,,,,,,,8.6894e+06,81.1881,85.2941,56.4356,29.703,57.8431,58.5859
746108,,,,,,,,,,,,,,,,,,,,,,474,,,,,,,
746285,,,,,,,,,,,,,,,,,,,,,,306,,,,,,,
746490,,,,,,,,,,,,,,,,,,,,,,368,,,,,,,
746505,,,,,,,,,,,,,,,,,,,,,,566,,,,,,,
746523,,,,,,,,,,,,,,,,,,,,,,589,,,,,,,
746571,,,,,,,,,,,,,,,,,,,,,,583,,,,,,,
746644,,,,,,,,,,,,,,,,,,,,,,419,,,,,,,
746995,59100,61700,60300,58500,57700,70000,1.2e+06,1.2e+06,1.2e+06,1.2e+06,1.596e+06,1.596e+06,,,,,,,,,,,8.607e+06,83.3333,85.7143,56.1224,27.551,59.1837,60.6061
747026,,,,,,,,,,,,,,,,,,,,,,444,,,,,,,
747242,,,,,,,,,,,,,,,,,,,,,,475,,,,,,,
747371,,,,,,,,,,,,,,,,,,,,,,375,,,,,,,
747396,,,,,,,,,,,,,,,,,,,,,,370,,,,,,,
747682,,,,,,,,,,,,,,,,,,,,,,584,,,,,,,
747995,59100,61300,60300,58500,57900,70000,1.2e+06,1.2e+06,1.2e+06,1.2e+06,1.596e+06,1.596e+06,,,,,,,,,,,9.3136e+06,81,88.8889,61.7647,33.6634,60.396,57.5758
748068,,,,,,,,,,,,,,,,,,,,,,567,,,,,,,
748076,,,,,,,,,,,,,,,,,,,,,,590,,,,,,,
748465,,,,,,,,,,,,,,,,,,,,,,307,,,,,,,
748628,,,,,,,,,,,,,,,,,,,,,,369,,,,,,,
748648,,,,,,,,,,,,,,,,,,,,,,445,,,,,,,
748854,,,,,,,,,,,,,,,,,,,,,,476,,,,,,,
748995,59300,60500,60500,58500,58100,70000,1.2e+06,1.2e+06,1.2e+06,1.2e+06,1.596e+06,1.596e+06,,,,,,,,,,,8.4646e+06,80.198,85.1485,60.6061,35.0515,55.5556,58.5859
748998,,,,,,,,,,,,,24.15,,,,,,,,,,,,,,,,
749029,,,,,,,,,,,,,,,,,,,,,,376,,,,,,,
749185,,,,,,,,,,,,,,,,,,,,,,568,,,,,,,
749186,,,,,,,,,,,,,,,,,,,,,,591,,,,,,,
749241,,,,,,,,,,,,,,,,,,,,,,585,,,,,,,
749535,,,,,,,,,,,,,,,,,,,,,,371,,,,,,,
749916,,,,,,,,,,,,,,,,,,,,,,421,,,,,,,
749995,59500,61500,60300,58500,58100,70000,1.2e+06,1.2e+06,1.2e+06,1.2e+06,1.596e+06,1.596e+06,,,,,,,,,,,8.9676e+06,79.6117,89.899,61,35.3535,61.6162,61.6162
750270,,,,,,,,,,,,,,,,,,,,,,446,,,,,,,
750304,,,,,,,,,,,,,,,,,,,,,,569,,,,,,,
750351,,,,,,,,,,,,,,66.83,60.98,,,,,,,,,,,,,,
750353,,,,,,,,,,,,,,,,,,,,,,586,,,,,,,
750467,,,,,,,,,,,,,,,,,,,,,,477,,,,,,,
750766,,,,,,,,,,,,,,,,,,,,,,592,,,,,,,
750769,,,,,,,,,,,,,,,,,,,,,,370,,,,,,,
750996,59100,61500,60300,58700,57900,70000,1.2e+06,1.2e+06,1.2e+06,1.2e+06,1.596e+06,1.596e+06,,,,,,,,,,,9.545e+06,81,85,61,36,59.596,62.2449
751133,,,,,,,,,,,,,,,,,,,,,,308,,,,,,,
751165,,,,,,,,,,,,,,,,,,,,,,377,,,,,,,
751552,,,,,,,,,,,,,,,,,,,,,,422,,,,,,,
751683,,,,,,,,,,,,,,,,,,,,,,372,,,,,,,
751867,,,,,,,,,,,,,,,,,,,,,,570,,,,,,,
751875,,,,,,,,,,,,,,,,,,,,,,593,,,,,,,
751893,,,,,,,,,,,,,,,,,,,,,,447,,,,,,,
751995,59300,61500,60300,58500,58300,70000,1.2e+06,1.2e+06,1.2e+06,1.2e+06,1.596e+06,1.596e+06,,,,,,,,,,,9.0324e+06,84.1584,85.8586,57.8431,36.6337,60.6061,60.396
752079,,,,,,,,,,,,,,,,,,,,,,478,,,,,,,
752430,,,,,,,,,,,,,,,,,,,,,,371,,,,,,,
752984,,,,,,,,,,,,,,,,,,,,,,571,,,,,,,
752985,,,,,,,,,,,,,,,,,,,,,,594,,,,,,,
752995,59300,61300,60300,58300,58100,70000,1.2e+06,1.2e+06,1.2e+06,1.2e+06,1.596e+06,1.596e+06,,,,,,,,,,,8.4264e+06,81.1881,85.8586,57.5758,27.2727,56.5657,59
753024,,,,,,,,,,,,,,,,,,,,,,588,,,,,,,
753188,,,,,,,,,,,,,,,,,,,,,,423,,,,,,,
753300,,,,,,,,,,,,,,,,,,,,,,378,,,,,,,
753311,,,,,,,,,,,,,,,,,,,,,,309,,,,,,,
753335,,,,,,,,,,,,,,,,,,,,,,373,,,,,,,
754003,59100,61300,60300,58300,58100,70000,1.2e+06,1.2e+06,1.2e+06,1.2e+06,1.596e+06,1.596e+06,,,,,,,,,,,9.141e+06,82.1782,85,56.4356,29.703,58.4158,59
754004,,,,,,,,,,,,,,,,,,,,,,448,,,,,,,
754136,,,,,,,,,,,,,,,,,,,,,,589,,,,,,,
754536,,,,,,,,,,,,,,,,,,,,,,595,,,,,,,
754548,,,,,,,,,,,,,,,,,,,,,,572,,,,,,,
754569,,,,,,,,,,,,,,,,,,,,,,372,,,,,,,
754958,,,,,,,,,,,,,,,,,,,,,,379,,,,,,,
754995,59100,61100,60300,58300,57900,70000,1.2e+06,1.2e+06,1.2e+06,1.2e+06,1.596e+06,1.596e+06,,,,,,,,,,,8.8022e+06,81,88.8889,64,34.0206,59,57.732
755247,,,,,,,,,,,,,,,,,,,,,,590,,,,,,,
755297,,,,,,,,,,,,,,,,,,,,,,424,,,,,,,
755303,,,,,,,,,,,,,,,,,,,,,,480,,,,,,,
755474,,,,,,,,,,,,,,,,,,,,,,374,,,,,,,
755491,,,,,,,,,,,,,,,,,,,,,,310,,,,,,,
755622,,,,,,,,,,,,,,,,,,,,,,449,,,,,,,
755647,,,,,,,,,,,,,,,,,,,,,,596,,,,,,,
755667,,,,,,,,,,,,,,,,,,,,,,573,,,,,,,
755995,59100,60500,60300,58300,57900,70000,1.2e+06,1.2e+06,1.2e+06,1.2e+06,1.596e+06,1.596e+06,,,,,,,,,,,9.8708e+06,80.3922,85.8586,58,35.3535,56.1224,58.4158
756710,,,,,,,,,,,,,,,,,,,,,,373,,,,,,,
756759,,,,,,,,,,,,,,,,,,,,,,597,,,,,,,
756784,,,,,,,,,,,,,,,,,,,,,,574,,,,,,,
756805,,,,,,,,,,,,,,,,,,,,,,591,,,,,,,
756916,,,,,,,,,,,,,,,,,,,,,,481,,,,,,,
756934,,,,,,,,,,,,,,,,,,,,,,425,,,,,,,
756996,59100,61300,60300,58300,58100,70000,1.2e+06,1.2e+06,1.2e+06,1.2e+06,1.596e+06,1.596e+06,,,,,,,,,,,7.805e+06,79.2079,88.8889,63,36.2745,63,64.2857
757094,,,,,,,,,,,,,,,,,,,,,,380,,,,,,,
757248,,,,,,,,,,,,,,,,,,,,,,450,,,,,,,
757623,,,,,,,,,,,,,,,,,,,,,,375,,,,,,,
757868,,,,,,,,,,,,,,,,,,,,,,598,,,,,,,
757916,,,,,,,,,,,,,,,,,,,,,,592,,,,,,,
757995,59100,61100,60300,58500,58100,70000,1.2e+06,1.2e+06,1.2e+06,1.2e+06,1.596e+06,1.596e+06,,,,,,,,,,,9.5126e+06,80.198,85.8586,59.4059,35.3535,58.4158,60
758161,,,,,,,,,,,,,,,,,,,,,,311,,,,,,,
758348,,,,,,,,,,,,,,,,,,,,,,575,,,,,,,
758370,,,,,,,,,,,,,,,,,,,,,,374,,,,,,,
758528,,,,,,,,,,,,,,,,,,,,,,482,,,,,,,
758569,,,,,,,,,,,,,,,,,,,,,,426,,,,,,,
758752,,,,,,,,,,,,,,,,,,,,,,381,,,,,,,
758995,59100,61300,60300,58500,58100,70000,1.2e+06,1.2e+06,1.2e+06,1.2e+06,1.596e+06,1.596e+06,,,,,,,,,,,9.2318e+06,83.8384,84.8485,57.4257,32.3232,61,60.6061
759028,,,,,,,,,,,,,,,,,,,,,,593,,,,,,,
759056,,,,,,,,,,,,,24.16,,,,,,,,,,,,,,,,
759275,,,,,,,,,,,,,,,,,,,,,,376,,,,,,,
759419,,,,,,,,,,,,,,,,,,,,,,599,,,,,,,
759465,,,,,,,,,,,,,,,,,,,,,,576,,,,,,,
759662,,,,,,,,,,,,,,,,,,,,,,483,,,,,,,
759995,59100,61500,60300,58500,58100,70000,1.2e+06,1.2e+06,1.2e+06,1.2e+06,1.596e+06,1.596e+06,,,,,,,,,,,8.6776e+06,82.5243,85.8586,57.4257,26.5306,59,61
760206,,,,,,,,,,,,,,,,,,,,,,427,,,,,,,
760340,,,,,,,,,,,,,,,,,,,,,,312,,,,,,,
760470,,,,,,,,,,,,,,66.95,61.18,,,,,,,,,,,,,,
760498,,,,,,,,,,,,,,,,,,,,,,452,,,,,,,
760509,,,,,,,,,,,,,,,,,,,,,,375,,,,,,,
760528,,,,,,,,,,,,,,,,,,,,,,600,,,,,,,
760585,,,,,,,,,,,,,,,,,,,,,,594,,,,,,,
760888,,,,,,,,,,,,,,,,,,,,,,382,,,,,,,
760995,59300,61300,60300,58500,58100,70000,1.2e+06,1.2e+06,1.2e+06,1.2e+06,1.596e+06,1.596e+06,,,,,,,,,,,8.6988e+06,82,87.8788,63.1068,30.6931,57.5758,58.1633
761029,,,,,,,,,,,,,,,,,,,,,,577,,,,,,,
761274,,,,,,,,,,,,,,,,,,,,,,484,,,,,,,
761413,,,,,,,,,,,,,,,,,,,,,,377,,,,,,,
761638,,,,,,,,,,,,,,,,,,,,,,601,,,,,,,
761696,,,,,,,,,,,,,,,,,,,,,,595,,,,,,,
761995,59100,61500,60100,58100,58300,70000,1.2e+06,1.2e+06,1.2e+06,1.2e+06,1.596e+06,1.596e+06,,,,,,,,,,,9.2118e+06,79.4118,87,64,37.6238,58,56.5657
762125,,,,,,,,,,,,,,,,,,,,,,453,,,,,,,
762148,,,,,,,,,,,,,,,,,,,,,,578,,,,,,,
762315,,,,,,,,,,,,,,,,,,,,,,428,,,,,,,
762521,,,,,,,,,,,,,,,,,,,,,,313,,,,,,,
762648,,,,,,,,,,,,,,,,,,,,,,376,,,,,,,
762809,,,,,,,,,,,,,,,,,,,,,,596,,,,,,,
762886,,,,,,,,,,,,,,,,,,,,,,485,,,,,,,
762995,59100,60500,60300,58300,57900,70000,1.2e+06,1.2e+06,1.2e+06,1.2e+06,1.596e+06,1.596e+06,,,,,,,,,,,8.6664e+06,80.198,87,57,35,57,59.596
763024,,,,,,,,,,,,,,,,,,,,,,383,,,,,,,
763074,,,,,,,,,,,,,,,,,,,,,,378,,,,,,,
763190,,,,,,,,,,,,,,,,,,,,,,602,,,,,,,
763266,,,,,,,,,,,,,,,,,,,,,,579,,,,,,,
763747,,,,,,,,,,,,,,,,,,,,,,454,,,,,,,
763951,,,,,,,,,,,,,,,,,,,,,,429,,,,,,,
763995,59500,61300,60500,58500,58100,70000,1.2e+06,1.2e+06,1.2e+06,1.2e+06,1.596e+06,1.596e+06,,,,,,,,,,,8.807e+06,80,88,64.3564,34.3434,64.2857,64.6465
764300,,,,,,,,,,,,,,,,,,,,,,603,,,,,,,
764309,,,,,,,,,,,,,,,,,,,,,,377,,,,,,,
764366,,,,,,,,,,,,,,,,,,,,,,597,,,,,,,
764499,,,,,,,,,,,,,,,,,,,,,,486,,,,,,,
764683,,,,,,,,,,,,,,,,,,,,,,384,,,,,,,
764831,,,,,,,,,,,,,,,,,,,,,,580,,,,,,,
764995,59100,60900,60300,58500,58100,70000,1.2e+06,1.2e+06,1.2e+06,1.2e+06,1.596e+06,1.596e+06,,,,,,,,,,,9.4732e+06,80.3922,85.7143,57.5758,36.6337,56.4356,58.5859
765189,,,,,,,,,,,,,,,,,,,,,,314,,,,,,,
765214,,,,,,,,,,,,,,,,,,,,,,379,,,,,,,
765374,,,,,,,,,,,,,,,,,,,,,,455,,,,,,,
765411,,,,,,,,,,,,,,,,,,,,,,604,,,,,,,
765478,,,,,,,,,,,,,,,,,,,,,,598,,,,,,,
765588,,,,,,,,,,,,,,,,,,,,,,430,,,,,,,
765949,,,,,,,,,,,,,,,,,,,,,,581,,,,,,,
765995,59100,60700,60500,58500,58300,70000,1.2e+06,1.2e+06,1.2e+06,1.2e+06,1.596e+06,1.596e+06,,,,,,,,,,,8.0792e+06,83.1683,85,56.5657,30.6122,60,59.596
766111,,,,,,,,,,,,,,,,,,,,,,487,,,,,,,
766448,,,,,,,,,,,,,,,,,,,,,,378,,,,,,,
766590,,,,,,,,,,,,,,,,,,,,,,599,,,,,,,
766818,,,,,,,,,,,,,,,,,,,,,,385,,,,,,,
766961,,,,,,,,,,,,,,,,,,,,,,605,,,,,,,
766995,59100,60900,60500,58500,58300,70000,1.2e+06,1.2e+06,1.2e+06,1.2e+06,1.596e+06,1.596e+06,,,,,,,,,,,8.8444e+06,83,85.8586,57.4257,28.2828,59.596,61
767224,,,,,,,,,,,,,,,,,,,,,,431,,,,,,,
767352,,,,,,,,,,,,,,,,,,,,,,380,,,,,,,
767367,,,,,,,,,,,,,,,,,,,,,,315,,,,,,,
767513,,,,,,,,,,,,,,,,,,,,,,582,,,,,,,
767996,59100,61300,60300,58300,57900,70000,1.2e+06,1.2e+06,1.2e+06,1.2e+06,1.596e+06,1.596e+06,,,,,,,,,,,9.325e+06,81,88,60,32.6733,59,58.1633
768076,,,,,,,,,,,,,,,,,,,,,,606,,,,,,,
768148,,,,,,,,,,,,,,,,,,,,,,600,,,,,,,
768589,,,,,,,,,,,,,,,,,,,,,,379,,,,,,,
768622,,,,,,,,,,,,,,,,,,,,,,457,,,,,,,
768632,,,,,,,,,,,,,,,,,,,,,,583,,,,,,,
768955,,,,,,,,,,,,,,,,,,,,,,386,,,,,,,
768995,59300,61100,60300,58300,57700,70000,1.2e+06,1.2e+06,1.2e+06,1.2e+06,1.596e+06,1.596e+06,,,,,,,,,,,9.3798e+06,80.3922,85.7143,62.3762,34.6939,56,58
769013,,,,,,,,,,,,,,,,,,,,,,381,,,,,,,
769119,,,,,,,,,,,,,24.15,,,,,,,,,,,,,,,,
769187,,,,,,,,,,,,,,,,,,,,,,607,,,,,,,
769259,,,,,,,,,,,,,,,,,,,,,,601,,,,,,,
769333,,,,,,,,,,,,,,,,,,,,,,432,,,,,,,
769335,,,,,,,,,,,,,,,,,,,,,,489,,,,,,,
769995,59500,60900,60300,58300,58300,70000,1.2e+06,1.2e+06,1.2e+06,1.2e+06,1.596e+06,1.596e+06,,,,,,,,,,,8.5216e+06,80.198,89.899,59,36,59.596,59.596
770037,,,,,,,,,,,,,,,,,,,,,,316,,,,,,,
770195,,,,,,,,,,,,,,,,,,,,,,584,,,,,,,
770244,,,,,,,,,,,,,,,,,,,,,,458,,,,,,,
770248,,,,,,,,,,,,,,,,,,,,,,380,,,,,,,
770371,,,,,,,,,,,,,,,,,,,,,,602,,,,,,,
770611,,,,,,,,,,,,,,66.79,61.06,,,,,,,,,,,,,,
770613,,,,,,,,,,,,,,,,,,,,,,387,,,,,,,
770737,,,,,,,,,,,,,,,,,,,,,,608,,,,,,,
770948,,,,,,,,,,,,,,,,,,,,,,490,,,,,,,
770969,,,,,,,,,,,,,,,,,,,,,,433,,,,,,,
770996,59300,60900,60500,58300,58100,70000,1.2e+06,1.2e+06,1.2e+06,1.2e+06,1.596e+06,1.596e+06,,,,,,,,,,,9.2714e+06,79.2079,85,63.3663,40,62,64.6465
771153,,,,,,,,,,,,,,,,,,,,,,382,,,,,,,
771313,,,,,,,,,,,,,,,,,,,,,,585,,,,,,,
771848,,,,,,,,,,,,,,,,,,,,,,609,,,,,,,
771871,,,,,,,,,,,,,,,,,,,,,,459,,,,,,,
771929,,,,,,,,,,,,,,,,,,,,,,603,,,,,,,
771995,59300,61300,60500,58500,58300,70000,1.2e+06,1.2e+06,1.2e+06,1.2e+06,1.596e+06,1.596e+06,,,,,,,,,,,9.452e+06,82.3529,85.8586,58.5859,35.3535,59,59.596
772082,,,,,,,,,,,,,,,,,,,,,,491,,,,,,,
772220,,,,,,,,,,,,,,,,,,,,,,317,,,,,,,
772388,,,,,,,,,,,,,,,,,,,,,,381,,,,,,,
772431,,,,,,,,,,,,,,,,,,,,,,586,,,,,,,
772606,,,,,,,,,,,,,,,,,,,,,,434,,,,,,,
772749,,,,,,,,,,,,,,,,,,,,,,388,,,,,,,
772960,,,,,,,,,,,,,,,,,,,,,,610,,,,,,,
773003,59300,60900,60300,58500,58300,70000,1.2e+06,1.2e+06,1.2e+06,1.2e+06,1.596e+06,1.596e+06,,,,,,,,,,,8.7988e+06,81.1881,86,56.4356,29.703,58,58.4158
773041,,,,,,,,,,,,,,,,,,,,,,604,,,,,,,
773292,,,,,,,,,,,,,,,,,,,,,,383,,,,,,,
773694,,,,,,,,,,,,,,,,,,,,,,492,,,,,,,
773979,,,,,,,,,,,,,,,,,,,,,,460,,,,,,,
773995,59500,61100,60300,58500,58100,70000,1.2e+06,1.2e+06,1.2e+06,1.2e+06,1.596e+06,1.596e+06,,,,,,,,,,,8.2528e+06,83,84.6939,57,26.5306,58.5859,60.2041
774000,,,,,,,,,,,,,,,,,,,,,,587,,,,,,,
774071,,,,,,,,,,,,,,,,,,,,,,611,,,,,,,
774152,,,,,,,,,,,,,,,,,,,,,,605,,,,,,,
774243,,,,,,,,,,,,,,,,,,,,,,435,,,,,,,
774398,,,,,,,,,,,,,,,,,,,,,,318,,,,,,,
774407,,,,,,,,,,,,,,,,,,,,,,389,,,,,,,
774527,,,,,,,,,,,,,,,,,,,,,,382,,,,,,,
774953,,,,,,,,,,,,,,,,,,,,,,384,,,,,,,
774995,59300,61500,60300,58500,58100,70000,1.2e+06,1.2e+06,1.2e+06,1.2e+06,1.596e+06,1.596e+06,,,,,,,,,,,9.189e+06,80.198,88.8889,62,33,59.596,58
775120,,,,,,,,,,,,,,,,,,,,,,588,,,,,,,
775306,,,,,,,,,,,,,,,,,,,,,,493,,,,,,,
775605,,,,,,,,,,,,,,,,,,,,,,461,,,,,,,
775626,,,,,,,,,,,,,,,,,,,,,,612,,,,,,,
775710,,,,,,,,,,,,,,,,,,,,,,606,,,,,,,
775995,59500,60900,60300,58300,58100,70000,1.2e+06,1.2e+06,1.2e+06,1.2e+06,1.596e+06,1.596e+06,,,,,,,,,,,9.4702e+06,81.1881,86.1386,60,37.6238,55.5556,58.5859
776190,,,,,,,,,,,,,,,,,,,,,,383,,,,,,,
776352,,,,,,,,,,,,,,,,,,,,,,436,,,,,,,
776543,,,,,,,,,,,,,,,,,,,,,,390,,,,,,,
776683,,,,,,,,,,,,,,,,,,,,,,589,,,,,,,
776737,,,,,,,,,,,,,,,,,,,,,,613,,,,,,,
776822,,,,,,,,,,,,,,,,,,,,,,607,,,,,,,
776918,,,,,,,,,,,,,,,,,,,,,,494,,,,,,,
776996,59500,61300,60300,58700,58100,70000,1.2e+06,1.2e+06,1.2e+06,1.2e+06,1.596e+06,1.596e+06,,,,,,,,,,,8.3622e+06,79.2079,88.8889,61.7647,34.6939,61.6162,61.6162
777067,,,,,,,,,,,,,,,,,,,,,,319,,,,,,,
777092,,,,,,,,,,,,,,,,,,,,,,385,,,,,,,
777228,,,,,,,,,,,,,,,,,,,,,,462,,,,,,,
777851,,,,,,,,,,,,,,,,,,,,,,614,,,,,,,
777934,,,,,,,,,,,,,,,,,,,,,,608,,,,,,,
777988,,,,,,,,,,,,,,,,,,,,,,437,,,,,,,
777996,59500,60900,60300,58500,58300,70000,1.2e+06,1.2e+06,1.2e+06,1.2e+06,1.596e+06,1.596e+06,,,,,,,,,,,8.8866e+06,79.2079,85.8586,60.6061,37,59.596,62.2449
778329,,,,,,,,,,,,,,,,,,,,,,384,,,,,,,
778531,,,,,,,,,,,,,,,,,,,,,,495,,,,,,,
778679,,,,,,,,,,,,,,,,,,,,,,391,,,,,,,
778851,,,,,,,,,,,,,,,,,,,,,,463,,,,,,,
778922,,,,,,,,,,,,,,,,,,,,,,591,,,,,,,
778995,59300,61700,60300,58500,58300,70000,1.2e+06,1.2e+06,1.2e+06,1.2e+06,1.596e+06,1.596e+06,,,,,,,,,,,8.4096e+06,84.1584,85,57,35.6436,60.396,60.396
779184,,,,,,,,,,,,,24.139,,,,,,,,,,,,,,,,
779231,,,,,,,,,,,,,,,,,,,,,,386,,,,,,,
779249,,,,,,,,,,,,,,,,,,,,,,320,,,,,,,
779404,,,,,,,,,,,,,,,,,,,,,,615,,,,,,,
779491,,,,,,,,,,,,,,,,,,,,,,609,,,,,,,
779625,,,,,,,,,,,,,,,,,,,,,,438,,,,,,,
779995,59500,61700,60700,58700,58300,70000,1.2e+06,1.2e+06,1.2e+06,1.2e+06,1.596e+06,1.596e+06,,,,,,,,,,,8.5574e+06,81.3725,85.8586,56.5657,26.8041,58.1633,58.5859
780143,,,,,,,,,,,,,,,,,,,,,,496,,,,,,,
780337,,,,,,,,,,,,,,,,,,,,,,392,,,,,,,
780469,,,,,,,,,,,,,,,,,,,,,,385,,,,,,,
780477,,,,,,,,,,,,,,,,,,,,,,464,,,,,,,
780487,,,,,,,,,,,,,,,,,,,,,,592,,,,,,,
780516,,,,,,,,,,,,,,,,,,,,,,616,,,,,,,
780602,,,,,,,,,,,,,,,,,,,,,,610,,,,,,,
780726,,,,,,,,,,,,,,66.83,61.10,,,,,,,,,,,,,,
780892,,,,,,,,,,,,,,,,,,,,,,387,,,,,,,
781003,59100,61500,60300,58500,57900,70000,1.2e+06,1.2e+06,1.2e+06,1.2e+06,1.596e+06,1.596e+06,,,,,,,,,,,9.3084e+06,83,85.8586,56.8627,33.6634,59.2233,59.596
781266,,,,,,,,,,,,,,,,,,,,,,439,,,,,,,
781611,,,,,,,,,,,,,,,,,,,,,,593,,,,,,,
781627,,,,,,,,,,,,,,,,,,,,,,617,,,,,,,
781714,,,,,,,,,,,,,,,,,,,,,,611,,,,,,,
781756,,,,,,,,,,,,,,,,,,,,,,497,,,,,,,
781916,,,,,,,,,,,,,,,,,,,,,,321,,,,,,,
781995,59100,61100,60300,58300,58100,70000,1.2e+06,1.2e+06,1.2e+06,1.2e+06,1.596e+06,1.596e+06,,,,,,,,,,,9.4282e+06,80.3922,88.8889,63,35,58.7629,57.5758
782103,,,,,,,,,,,,,,,,,,,,,,465,,,,,,,
782133,,,,,,,,,,,,,,,,,,,,,,386,,,,,,,
782473,,,,,,,,,,,,,,,,,,,,,,393,,,,,,,
782996,59300,60500,60300,58300,58100,70000,1.2e+06,1.2e+06,1.2e+06,1.2e+06,1.596e+06,1.596e+06,,,,,,,,,,,8.958e+06,80.198,84.8485,58.4158,36,55.4455,58.1633
783031,,,,,,,,,,,,,,,,,,,,,,388,,,,,,,
783175,,,,,,,,,,,,,,,,,,,,,,594,,,,,,,
783178,,,,,,,,,,,,,,,,,,,,,,618,,,,,,,
783274,,,,,,,,,,,,,,,,,,,,,,612,,,,,,,
783374,,,,,,,,,,,,,,,,,,,,,,440,,,,,,,
783730,,,,,,,,,,,,,,,,,,,,,,466,,,,,,,
783995,59100,61500,60300,58300,57700,70000,1.2e+06,1.2e+06,1.2e+06,1.2e+06,1.596e+06,1.596e+06,,,,,,,,,,,9.211e+06,79.798,89.899,64,36.3636,64,64
784098,,,,,,,,,,,,,,,,,,,,,,322,,,,,,,
784131,,,,,,,,,,,,,,,,,,,,,,394,,,,,,,
784272,,,,,,,,,,,,,,,,,,,,,,387,,,,,,,
784288,,,,,,,,,,,,,,,,,,,,,,619,,,,,,,
784294,,,,,,,,,,,,,,,,,,,,,,595,,,,,,,
784389,,,,,,,,,,,,,,,,,,,,,,613,,,,,,,
784502,,,,,,,,,,,,,,,,,,,,,,499,,,,,,,
784996,59500,61500,60300,58500,58300,70000,1.2e+06,1.2e+06,1.2e+06,1.2e+06,1.596e+06,1.596e+06,,,,,,,,,,,8.2126e+06,79.2079,85,58.4158,36.2745,58,59.596
785011,,,,,,,,,,,,,,,,,,,,,,441,,,,,,,
785170,,,,,,,,,,,,,,,,,,,,,,389,,,,,,,
785352,,,,,,,,,,,,,,,,,,,,,,467,,,,,,,
785500,,,,,,,,,,,,,,,,,,,,,,614,,,,,,,
785857,,,,,,,,,,,,,,,,,,,,,,596,,,,,,,
785995,59300,61500,60300,58700,58100,70000,1.2e+06,1.2e+06,1.2e+06,1.2e+06,1.596e+06,1.596e+06,,,,,,,,,,,8.479e+06,83.3333,85.8586,58,32.6531,60.6061,60.6061
786114,,,,,,,,,,,,,,,,,,,,,,500,,,,,,,
786267,,,,,,,,,,,,,,,,,,,,,,395,,,,,,,
786277,,,,,,,,,,,,,,,,,,,,,,323,,,,,,,
786409,,,,,,,,,,,,,,,,,,,,,,388,,,,,,,
786647,,,,,,,,,,,,,,,,,,,,,,442,,,,,,,
786831,,,,,,,,,,,,,,,,,,,,,,390,,,,,,,
786951,,,,,,,,,,,,,,,,,,,,,,621,,,,,,,
786978,,,,,,,,,,,,,,,,,,,,,,468,,,,,,,
786979,,,,,,,,,,,,,,,,,,,,,,597,,,,,,,
786995,59500,61700,60500,58700,58300,70000,1.2e+06,1.2e+06,1.2e+06,1.2e+06,1.596e+06,1.596e+06,,,,,,,,,,,8.6434e+06,84.1584,85.8586,57.4257,28.2828,59,61
787058,,,,,,,,,,,,,,,,,,,,,,615,,,,,,,
787727,,,,,,,,,,,,,,,,,,,,,,501,,,,,,,
787995,59300,61500,60300,58500,58100,70000,1.2e+06,1.2e+06,1.2e+06,1.2e+06,1.596e+06,1.596e+06,,,,,,,,,,,9.5942e+06,80.198,87,57,31.3725,58.5859,58.5859
788060,,,,,,,,,,,,,,,,,,,,,,622,,,,,,,
788070,,,,,,,,,,,,,,,,,,,,,,389,,,,,,,
788097,,,,,,,,,,,,,,,,,,,,,,598,,,,,,,
788171,,,,,,,,,,,,,,,,,,,,,,616,,,,,,,
788283,,,,,,,,,,,,,,,,,,,,,,443,,,,,,,
788402,,,,,,,,,,,,,,,,,,,,,,396,,,,,,,
788946,,,,,,,,,,,,,,,,,,,,,,324,,,,,,,
788970,,,,,,,,,,,,,,,,,,,,,,391,,,,,,,
788996,59100,60300,60100,58300,58100,70000,1.2e+06,1.2e+06,1.2e+06,1.2e+06,1.596e+06,1.596e+06,,,,,,,,,,,8.95e+06,80,87.8788,64,35,57.5758,56.5657
789171,,,,,,,,,,,,,,,,,,,,,,623,,,,,,,
789260,,,,,,,,,,,,,24.15,,,,,,,,,,,,,,,,
789282,,,,,,,,,,,,,,,,,,,,,,617,,,,,,,
789339,,,,,,,,,,,,,,,,,,,,,,502,,,,,,,
789661,,,,,,,,,,,,,,,,,,,,,,599,,,,,,,
789995,59500,60700,60700,58700,58100,70000,1.2e+06,1.2e+06,1.2e+06,1.2e+06,1.596e+06,1.596e+06,,,,,,,,,,,9.1046e+06,80.198,87,58,35,56.5657,59.596
790061,,,,,,,,,,,,,,,,,,,,,,397,,,,,,,
790212,,,,,,,,,,,,,,,,,,,,,,390,,,,,,,
790232,,,,,,,,,,,,,,,,,,,,,,470,,,,,,,
790391,,,,,,,,,,,,,,,,,,,,,,444,,,,,,,
790722,,,,,,,,,,,,,,,,,,,,,,624,,,,,,,
790780,,,,,,,,,,,,,,,,,,,,,,600,,,,,,,
790840,,,,,,,,,,,,,,,,,,,,,,618,,,,,,,
790914,,,,,,,,,,,,,,65.89,60.08,,,,,,,,,,,,,,
790951,,,,,,,,,,,,,,,,,,,,,,503,,,,,,,
790996,59500,61700,60700,58500,58300,70000,1.2e+06,1.2e+06,1.2e+06,1.2e+06,1.596e+06,1.596e+06,,,,,,,,,,,8.8404e+06,80,88,64.3564,37,66.0194,64.6465
791109,,,,,,,,,,,,,,,,,,,,,,392,,,,,,,
791127,,,,,,,,,,,,,,,,,,,,,,325,,,,,,,
791834,,,,,,,,,,,,,,,,,,,,,,625,,,,,,,
791952,,,,,,,,,,,,,,,,,,,,,,619,,,,,,,
791996,59700,61700,60500,58900,58300,70000,1.2e+06,1.2e+06,1.2e+06,1.2e+06,1.596e+06,1.596e+06,,,,,,,,,,,8.3056e+06,80.5825,84.8485,57,34.6535,56.5657,58.1633
792027,,,,,,,,,,,,,,,,,,,,,,445,,,,,,,
792197,,,,,,,,,,,,,,,,,,,,,,398,,,,,,,
792337,,,,,,,,,,,,,,,,,,,,,,471,,,,,,,
792344,,,,,,,,,,,,,,,,,,,,,,601,,,,,,,
792352,,,,,,,,,,,,,,,,,,,,,,391,,,,,,,
792564,,,,,,,,,,,,,,,,,,,,,,504,,,,,,,
792770,,,,,,,,,,,,,,,,,,,,,,393,,,,,,,
792946,,,,,,,,,,,,,,,,,,,,,,626,,,,,,,
792995,59300,61700,60300,58700,58300,70000,1.2e+06,1.2e+06,1.2e+06,1.2e+06,1.596e+06,1.596e+06,,,,,,,,,,,8.7328e+06,83,85.8586,58.4158,31.3131,59.596,60.396
793064,,,,,,,,,,,,,,,,,,,,,,620,,,,,,,
793464,,,,,,,,,,,,,,,,,,,,,,602,,,,,,,
793664,,,,,,,,,,,,,,,,,,,,,,446,,,,,,,
793793,,,,,,,,,,,,,,,,,,,,,,326,,,,,,,
793854,,,,,,,,,,,,,,,,,,,,,,399,,,,,,,
793963,,,,,,,,,,,,,,,,,,,,,,472,,,,,,,
793995,59300,61500,60300,58500,58300,70000,1.2e+06,1.2e+06,1.2e+06,1.2e+06,1.596e+06,1.596e+06,,,,,,,,,,,8.9448e+06,83.1683,85,57,26.5306,59.596,60.2041
794014,,,,,,,,,,,,,,,,,,,,,,392,,,,,,,
794176,,,,,,,,,,,,,,,,,,,,,,505,,,,,,,
794498,,,,,,,,,,,,,,,,,,,,,,627,,,,,,,
794584,,,,,,,,,,,,,,,,,,,,,,603,,,,,,,
794622,,,,,,,,,,,,,,,,,,,,,,621,,,,,,,
794909,,,,,,,,,,,,,,,,,,,,,,394,,,,,,,
794995,59300,61500,60700,58700,58100,70000,1.2e+06,1.2e+06,1.2e+06,1.2e+06,1.596e+06,1.596e+06,,,,,,,,,,,8.7514e+06,80.198,88.8889,59,31,59,58
795300,,,,,,,,,,,,,,,,,,,,,,447,,,,,,,
795591,,,,,,,,,,,,,,,,,,,,,,473,,,,,,,
795617,,,,,,,,,,,,,,,,,,,,,,628,,,,,,,
795734,,,,,,,,,,,,,,,,,,,,,,622,,,,,,,
795788,,,,,,,,,,,,,,,,,,,,,,506,,,,,,,
795973,,,,,,,,,,,,,,,,,,,,,,327,,,,,,,
795991,,,,,,,,,,,,,,,,,,,,,,400,,,,,,,
795995,59300,60500,60500,58500,58100,70000,1.2e+06,1.2e+06,1.2e+06,1.2e+06,1.596e+06,1.596e+06,,,,,,,,,,,8.328e+06,80.198,85.8586,63,37.6238,55.5556,58.5859
796157,,,,,,,,,,,,,,,,,,,,,,393,,,,,,,
796159,,,,,,,,,,,,,,,,,,,,,,604,,,,,,,
796846,,,,,,,,,,,,,,,,,,,,,,623,,,,,,,
796922,,,,,,,,,,,,,,,,,,,,,,507,,,,,,,
796996,59500,60700,60500,58700,58100,70000,1.2e+06,1.2e+06,1.2e+06,1.2e+06,1.596e+06,1.596e+06,,,,,,,,,,,8.3002e+06,80.198,89,60,33.6735,60,60.6061
797048,,,,,,,,,,,,,,,,,,,,,,395,,,,,,,
797213,,,,,,,,,,,,,,,,,,,,,,474,,,,,,,
797277,,,,,,,,,,,,,,,,,,,,,,605,,,,,,,
797409,,,,,,,,,,,,,,,,,,,,,,448,,,,,,,
797995,59500,61500,60700,58700,58500,70000,1.2e+06,1.2e+06,1.2e+06,1.2e+06,1.596e+06,1.596e+06,,,,,,,,,,,9.0326e+06,80,85.8586,62.7451,35.3535,62,63.6364
798127,,,,,,,,,,,,,,,,,,,,,,401,,,,,,,
798153,,,,,,,,,,,,,,,,,,,,,,328,,,,,,,
798278,,,,,,,,,,,,,,,,,,,,,,630,,,,,,,
798294,,,,,,,,,,,,,,,,,,,,,,394,,,,,,,
798405,,,,,,,,,,,,,,,,,,,,,,624,,,,,,,
798535,,,,,,,,,,,,,,,,,,,,,,508,,,,,,,
798709,,,,,,,,,,,,,,,,,,,,,,396,,,,,,,
798835,,,,,,,,,,,,,,,,,,,,,,475,,,,,,,
798840,,,,,,,,,,,,,,,,,,,,,,606,,,,,,,
798995,59500,61700,60300,58500,58500,70000,1.2e+06,1.2e+06,1.2e+06,1.2e+06,1.596e+06,1.596e+06,,,,,,,,,,,9.329e+06,82,85.7143,57.5758,37.6238,59.4059,59.1837
799045,,,,,,,,,,,,,,,,,,,,,,449,,,,,,,
799323,,,,,,,,,,,,,24.16,,,,,,,,,,,,,,,,
799387,,,,,,,,,,,,,,,,,,,,,,631,,,,,,,
799785,,,,,,,,,,,,,,,,,,,,,,402,,,,,,,
799955,,,,,,,,,,,,,,,,,,,,,,395,,,,,,,
799958,,,,,,,,,,,,,,,,,,,,,,607,,,,,,,
800003,59500,60900,60300,58700,58500,70000,1.2e+06,1.2e+06,1.2e+06,1.2e+06,1.596e+06,1.596e+06,,,,,,,,,,,9.3704e+06,81.5534,85.1485,57.2816,30.3922,57,58.4158
800147,,,,,,,,,,,,,,,,,,,,,,509,,,,,,,
800460,,,,,,,,,,,,,,,,,,,,,,476,,,,,,,
800500,,,,,,,,,,,,,,,,,,,,,,632,,,,,,,
800681,,,,,,,,,,,,,,,,,,,,,,450,,,,,,,
800823,,,,,,,,,,,,,,,,,,,,,,329,,,,,,,
800849,,,,,,,,,,,,,,,,,,,,,,397,,,,,,,
800995,59500,60900,60300,58500,58100,70000,1.2e+06,1.2e+06,1.2e+06,1.2e+06,1.596e+06,1.596e+06,,,,,,,,,,,8.5866e+06,83,85.7143,56.1224,28.5714,60.2041,60.2041
801058,,,,,,,,,,,,,,65.84,59.96,,,,,,,,,,,,,,
801079,,,,,,,,,,,,,,,,,,,,,,626,,,,,,,
801549,,,,,,,,,,,,,,,,,,,,,,608,,,,,,,
801759,,,,,,,,,,,,,,,,,,,,,,510,,,,,,,
801921,,,,,,,,,,,,,,,,,,,,,,403,,,,,,,
801995,59300,61300,60500,58300,58300,70000,1.2e+06,1.2e+06,1.2e+06,1.2e+06,1.596e+06,1.596e+06,,,,,,,,,,,9.7128e+06,80.3922,88,61.3861,34,60,59
802059,,,,,,,,,,,,,,,,,,,,,,633,,,,,,,
802086,,,,,,,,,,,,,,,,,,,,,,477,,,,,,,
802099,,,,,,,,,,,,,,,,,,,,,,396,,,,,,,
802187,,,,,,,,,,,,,,,,,,,,,,627,,,,,,,
802317,,,,,,,,,,,,,,,,,,,,,,451,,,,,,,
802667,,,,,,,,,,,,,,,,,,,,,,609,,,,,,,
802987,,,,,,,,,,,,,,,,,,,,,,398,,,,,,,
802996,59100,60700,60300,58500,58100,70000,1.2e+06,1.2e+06,1.2e+06,1.2e+06,1.596e+06,1.596e+06,,,,,,,,,,,8.6676e+06,81,86.2745,60,35,56.4356,57.5758
803004,,,,,,,,,,,,,,,,,,,,,,330,,,,,,,
803176,,,,,,,,,,,,,,,,,,,,,,634,,,,,,,
803300,,,,,,,,,,,,,,,,,,,,,,628,,,,,,,
803372,,,,,,,,,,,,,,,,,,,,,,511,,,,,,,
803709,,,,,,,,,,,,,,,,,,,,,,478,,,,,,,
803995,59500,60700,60500,58700,58300,70000,1.2e+06,1.2e+06,1.2e+06,1.2e+06,1.596e+06,1.596e+06,,,,,,,,,,,8.1224e+06,79.2079,89.7959,62,36.3636,60.6061,62.6263
804057,,,,,,,,,,,,,,,,,,,,,,404,,,,,,,
804230,,,,,,,,,,,,,,,,,,,,,,610,,,,,,,
804236,,,,,,,,,,,,,,,,,,,,,,397,,,,,,,
804427,,,,,,,,,,,,,,,,,,,,,,452,,,,,,,
804648,,,,,,,,,,,,,,,,,,,,,,399,,,,,,,
804857,,,,,,,,,,,,,,,,,,,,,,629,,,,,,,
804984,,,,,,,,,,,,,,,,,,,,,,512,,,,,,,
804995,59500,61300,60700,58500,58300,70000,1.2e+06,1.2e+06,1.2e+06,1.2e+06,1.596e+06,1.596e+06,,,,,,,,,,,8.1938e+06,80.3922,85,60,36,60.6061,61.2245
805184,,,,,,,,,,,,,,,,,,,,,,331,,,,,,,
805331,,,,,,,,,,,,,,,,,,,,,,479,,,,,,,
805349,,,,,,,,,,,,,,,,,,,,,,611,,,,,,,
805715,,,,,,,,,,,,,,,,,,,,,,405,,,,,,,
805843,,,,,,,,,,,,,,,,,,,,,,636,,,,,,,
805971,,,,,,,,,,,,,,,,,,,,,,630,,,,,,,
805995,59300,61100,60300,58500,58500,70000,1.2e+06,1.2e+06,1.2e+06,1.2e+06,1.596e+06,1.596e+06,,,,,,,,,,,8.5644e+06,84,85.8586,58.4158,35,60,60.6061
806061,,,,,,,,,,,,,,,,,,,,,,453,,,,,,,
806597,,,,,,,,,,,,,,,,,,,,,,513,,,,,,,
806787,,,,,,,,,,,,,,,,,,,,,,400,,,,,,,
806923,,,,,,,,,,,,,,,,,,,,,,612,,,,,,,
806946,,,,,,,,,,,,,,,,,,,,,,637,,,,,,,
806954,,,,,,,,,,,,,,,,,,,,,,480,,,,,,,
806995,59500,61300,60700,58500,58300,70000,1.2e+06,1.2e+06,1.2e+06,1.2e+06,1.596e+06,1.596e+06,,,,,,,,,,,9.6992e+06,81,85.7143,57,27.2727,57.5758,59.8039
807082,,,,,,,,,,,,,,,,,,,,,,631,,,,,,,
807697,,,,,,,,,,,,,,,,,,,,,,454,,,,,,,
807851,,,,,,,,,,,,,,,,,,,,,,406,,,,,,,
807855,,,,,,,,,,,,,,,,,,,,,,332,,,,,,,
808003,59300,61100,60300,58500,58100,70000,1.2e+06,1.2e+06,1.2e+06,1.2e+06,1.596e+06,1.596e+06,,,,,,,,,,,9.3102e+06,82.3529,85,55.4455,29.703,58.4158,59
808035,,,,,,,,,,,,,,,,,,,,,,613,,,,,,,
808038,,,,,,,,,,,,,,,,,,,,,,399,,,,,,,
808062,,,,,,,,,,,,,,,,,,,,,,638,,,,,,,
808209,,,,,,,,,,,,,,,,,,,,,,514,,,,,,,
808585,,,,,,,,,,,,,,,,,,,,,,481,,,,,,,
808639,,,,,,,,,,,,,,,,,,,,,,632,,,,,,,
808926,,,,,,,,,,,,,,,,,,,,,,401,,,,,,,
808996,59500,61500,60700,58700,58500,70000,1.2e+06,1.2e+06,1.2e+06,1.2e+06,1.596e+06,1.596e+06,,,,,,,,,,,8.8744e+06,80.198,88.8889,64.6465,33.6735,59.596,57.732
809153,,,,,,,,,,,,,,,,,,,,,,614,,,,,,,
809171,,,,,,,,,,,,,,,,,,,,,,639,,,,,,,
809333,,,,,,,,,,,,,,,,,,,,,,455,,,,,,,
809343,,,,,,,,,,,,,,,,,,,,,,515,,,,,,,
809388,,,,,,,,,,,,,24.16,,,,,,,,,,,,,,,,
809509,,,,,,,,,,,,,,,,,,,,,,407,,,,,,,
809751,,,,,,,,,,,,,,,,,,,,,,633,,,,,,,
809996,59700,60900,60700,58700,57900,70000,1.2e+06,1.2e+06,1.2e+06,1.2e+06,1.596e+06,1.596e+06,,,,,,,,,,,8.8924e+06,80.198,86,58.4158,36,55.5556,58
810034,,,,,,,,,,,,,,,,,,,,,,333,,,,,,,
810178,,,,,,,,,,,,,,,,,,,,,,400,,,,,,,
810207,,,,,,,,,,,,,,,,,,,,,,482,,,,,,,
810588,,,,,,,,,,,,,,,,,,,,,,402,,,,,,,
810716,,,,,,,,,,,,,,,,,,,,,,615,,,,,,,
810722,,,,,,,,,,,,,,,,,,,,,,640,,,,,,,
810863,,,,,,,,,,,,,,,,,,,,,,634,,,,,,,
810956,,,,,,,,,,,,,,,,,,,,,,516,,,,,,,
810971,,,,,,,,,,,,,,,,,,,,,,456,,,,,,,
810995,59500,61500,60700,58700,58300,70000,1.2e+06,1.2e+06,1.2e+06,1.2e+06,1.596e+06,1.596e+06,,,,,,,,,,,9.1746e+06,79.2079,88.8889,64,36.6337,63,64.2857
811178,,,,,,,,,,,,,,65.89,60.12,,,,,,,,,,,,,,
811644,,,,,,,,,,,,,,,,,,,,,,408,,,,,,,
811834,,,,,,,,,,,,,,,,,,,,,,616,,,,,,,
811834,,,,,,,,,,,,,,,,,,,,,,641,,,,,,,
811995,59300,61100,60300,58500,58500,70000,1.2e+06,1.2e+06,1.2e+06,1.2e+06,1.596e+06,1.596e+06,,,,,,,,,,,9.6734e+06,81,86,59.4059,38.3838,58.1633,59.596
812319,,,,,,,,,,,,,,,,,,,,,,483,,,,,,,
812319,,,,,,,,,,,,,,,,,,,,,,401,,,,,,,
812421,,,,,,,,,,,,,,,,,,,,,,635,,,,,,,
812568,,,,,,,,,,,,,,,,,,,,,,517,,,,,,,
812706,,,,,,,,,,,,,,,,,,,,,,334,,,,,,,
812727,,,,,,,,,,,,,,,,,,,,,,403,,,,,,,
812946,,,,,,,,,,,,,,,,,,,,,,642,,,,,,,
812995,59500,61100,60700,58700,58300,70000,1.2e+06,1.2e+06,1.2e+06,1.2e+06,1.596e+06,1.596e+06,,,,,,,,,,,9.2748e+06,83.1683,85.7143,58.4158,32.3232,60,61
813079,,,,,,,,,,,,,,,,,,,,,,457,,,,,,,
813399,,,,,,,,,,,,,,,,,,,,,,617,,,,,,,
813532,,,,,,,,,,,,,,,,,,,,,,636,,,,,,,
813780,,,,,,,,,,,,,,,,,,,,,,409,,,,,,,
813950,,,,,,,,,,,,,,,,,,,,,,484,,,,,,,
813982,,,,,,,,,,,,,,,,,,,,,,402,,,,,,,
813995,59300,61100,60500,58700,58100,70000,1.2e+06,1.2e+06,1.2e+06,1.2e+06,1.596e+06,1.596e+06,,,,,,,,,,,8.6628e+06,84,84.8485,57,28.4314,60,60.6061
814180,,,,,,,,,,,,,,,,,,,,,,518,,,,,,,
814498,,,,,,,,,,,,,,,,,,,,,,643,,,,,,,
814518,,,,,,,,,,,,,,,,,,,,,,618,,,,,,,
814645,,,,,,,,,,,,,,,,,,,,,,637,,,,,,,
814715,,,,,,,,,,,,,,,,,,,,,,458,,,,,,,
814866,,,,,,,,,,,,,,,,,,,,,,404,,,,,,,
814885,,,,,,,,,,,,,,,,,,,,,,335,,,,,,,
814995,59500,61700,60300,58700,58300,70000,1.2e+06,1.2e+06,1.2e+06,1.2e+06,1.596e+06,1.596e+06,,,,,,,,,,,9.3748e+06,80.198,87,57.5758,29.5918,57.5758,57.5758
815438,,,,,,,,,,,,,,,,,,,,,,410,,,,,,,
815607,,,,,,,,,,,,,,,,,,,,,,644,,,,,,,
815636,,,,,,,,,,,,,,,,,,,,,,619,,,,,,,
815995,59300,61100,60500,58700,58100,70000,1.2e+06,1.2e+06,1.2e+06,1.2e+06,1.596e+06,1.596e+06,,,,,,,,,,,9.6334e+06,79.4118,86.8687,64.3564,35.3535,58,57.1429
816120,,,,,,,,,,,,,,,,,,,,,,403,,,,,,,
816204,,,,,,,,,,,,,,,,,,,,,,638,,,,,,,
816351,,,,,,,,,,,,,,,,,,,,,,459,,,,,,,
816526,,,,,,,,,,,,,,,,,,,,,,405,,,,,,,
816718,,,,,,,,,,,,,,,,,,,,,,645,,,,,,,
816996,59500,61100,60700,58500,58100,70000,1.2e+06,1.2e+06,1.2e+06,1.2e+06,1.596e+06,1.596e+06,,,,,,,,,,,1.035e+07,81.1881,88.1188,57.8431,35.6436,57.4257,60
817063,,,,,,,,,,,,,,,,,,,,,,336,,,,,,,
817194,,,,,,,,,,,,,,,,,,,,,,486,,,,,,,
817198,,,,,,,,,,,,,,,,,,,,,,620,,,,,,,
817317,,,,,,,,,,,,,,,,,,,,,,639,,,,,,,
817405,,,,,,,,,,,,,,,,,,,,,,520,,,,,,,
817574,,,,,,,,,,,,,,,,,,,,,,411,,,,,,,
817986,,,,,,,,,,,,,,,,,,,,,,460,,,,,,,
817996,59900,61900,60700,58900,58500,70000,1.2e+06,1.2e+06,1.2e+06,1.2e+06,1.596e+06,1.596e+06,,,,,,,,,,,9.6168e+06,79.2079,87.8788,63.6364,36.3636,63.6364,64.6465
818257,,,,,,,,,,,,,,,,,,,,,,404,,,,,,,
818268,,,,,,,,,,,,,,,,,,,,,,646,,,,,,,
818316,,,,,,,,,,,,,,,,,,,,,,621,,,,,,,
818431,,,,,,,,,,,,,,,,,,,,,,640,,,,,,,
818665,,,,,,,,,,,,,,,,,,,,,,406,,,,,,,
818816,,,,,,,,,,,,,,,,,,,,,,487,,,,,,,
818995,59700,61700,60700,58700,58300,70000,1.2e+06,1.2e+06,1.2e+06,1.2e+06,1.596e+06,1.596e+06,,,,,,,,,,,9.2446e+06,80,85,57,36,57,59
819017,,,,,,,,,,,,,,,,,,,,,,521,,,,,,,
819232,,,,,,,,,,,,,,,,,,,,,,412,,,,,,,
819377,,,,,,,,,,,,,,,,,,,,,,647,,,,,,,
819457,,,,,,,,,,,,,24.16,,,,,,,,,,,,,,,,
819730,,,,,,,,,,,,,,,,,,,,,,337,,,,,,,
819879,,,,,,,,,,,,,,,,,,,,,,622,,,,,,,
819918,,,,,,,,,,,,,,,,,,,,,,405,,,,,,,
819989,,,,,,,,,,,,,,,,,,,,,,641,,,,,,,
819995,59500,61500,60500,58900,58300,70000,1.2e+06,1.2e+06,1.2e+06,1.2e+06,1.596e+06,1.596e+06,,,,,,,,,,,9.079e+06,82.5243,85.8586,57.4257,31.3131,59.596,60
820095,,,,,,,,,,,,,,,,,,,,,,461,,,,,,,
820438,,,,,,,,,,,,,,,,,,,,,,488,,,,,,,
820489,,,,,,,,,,,,,,,,,,,,,,648,,,,,,,
820629,,,,,,,,,,,,,,,,,,,,,,522,,,,,,,
820804,,,,,,,,,,,,,,,,,,,,,,407,,,,,,,
820996,59500,61500,60700,58500,58700,70000,1.2e+06,1.2e+06,1.2e+06,1.2e+06,1.596e+06,1.596e+06,,,,,,,,,,,8.8604e+06,83.6735,85.8586,56,28,59.596,60.6061
820999,,,,,,,,,,,,,,,,,,,,,,623,,,,,,,
821102,,,,,,,,,,,,,,,,,,,,,,642,,,,,,,
821288,,,,,,,,,,,,,,65.80,60.04,,,,,,,,,,,,,,
821368,,,,,,,,,,,,,,,,,,,,,,413,,,,,,,
821732,,,,,,,,,,,,,,,,,,,,,,462,,,,,,,
821764,,,,,,,,,,,,,,,,,,,,,,523,,,,,,,
821910,,,,,,,,,,,,,,,,,,,,,,338,,,,,,,
821996,59500,61500,60700,58700,58500,70000,1.2e+06,1.2e+06,1.2e+06,1.2e+06,1.596e+06,1.596e+06,,,,,,,,,,,9.1966e+06,80.3922,88,59.596,36,60.7843,58.1633
822047,,,,,,,,,,,,,,,,,,,,,,649,,,,,,,
822060,,,,,,,,,,,,,,,,,,,,,,406,,,,,,,
822069,,,,,,,,,,,,,,,,,,,,,,489,,,,,,,
822117,,,,,,,,,,,,,,,,,,,,,,624,,,,,,,
822213,,,,,,,,,,,,,,,,,,,,,,643,,,,,,,
822465,,,,,,,,,,,,,,,,,,,,,,408,,,,,,,
822995,59500,60900,60500,58500,58300,70000,1.2e+06,1.2e+06,1.2e+06,1.2e+06,1.596e+06,1.596e+06,,,,,,,,,,,8.3876e+06,81.1881,85.8586,62.3762,34.6939,55.5556,58.5859
823157,,,,,,,,,,,,,,,,,,,,,,650,,,,,,,
823367,,,,,,,,,,,,,,,,,,,,,,463,,,,,,,
823376,,,,,,,,,,,,,,,,,,,,,,524,,,,,,,
823503,,,,,,,,,,,,,,,,,,,,,,414,,,,,,,
823691,,,,,,,,,,,,,,,,,,,,,,490,,,,,,,
823773,,,,,,,,,,,,,,,,,,,,,,644,,,,,,,
823995,59300,61700,60700,58700,58300,70000,1.2e+06,1.2e+06,1.2e+06,1.2e+06,1.596e+06,1.596e+06,,,,,,,,,,,8.5386e+06,80,89,60.396,36,60.396,59.596
824199,,,,,,,,,,,,,,,,,,,,,,407,,,,,,,
824269,,,,,,,,,,,,,,,,,,,,,,651,,,,,,,
824581,,,,,,,,,,,,,,,,,,,,,,339,,,,,,,
824605,,,,,,,,,,,,,,,,,,,,,,409,,,,,,,
824800,,,,,,,,,,,,,,,,,,,,,,626,,,,,,,
824884,,,,,,,,,,,,,,,,,,,,,,645,,,,,,,
824989,,,,,,,,,,,,,,,,,,,,,,525,,,,,,,
824995,59500,61900,60700,58900,58300,70000,1.2e+06,1.2e+06,1.2e+06,1.2e+06,1.596e+06,1.596e+06,,,,,,,,,,,9.0622e+06,79.4118,85.8586,62,36.6337,63,64
825004,,,,,,,,,,,,,,,,,,,,,,464,,,,,,,
825162,,,,,,,,,,,,,,,,,,,,,,415,,,,,,,
825318,,,,,,,,,,,,,,,,,,,,,,491,,,,,,,
825822,,,,,,,,,,,,,,,,,,,,,,652,,,,,,,
825862,,,,,,,,,,,,,,,,,,,,,,408,,,,,,,
825995,59500,61900,60700,58700,58300,70000,1.2e+06,1.2e+06,1.2e+06,1.2e+06,1.596e+06,1.596e+06,,,,,,,,,,,9.476e+06,82.1782,85.7143,57,37,58.5859,60
825997,,,,,,,,,,,,,,,,,,,,,,646,,,,,,,
826365,,,,,,,,,,,,,,,,,,,,,,627,,,,,,,
826601,,,,,,,,,,,,,,,,,,,,,,526,,,,,,,
826744,,,,,,,,,,,,,,,,,,,,,,410,,,,,,,
826763,,,,,,,,,,,,,,,,,,,,,,340,,,,,,,
826932,,,,,,,,,,,,,,,,,,,,,,653,,,,,,,
826942,,,,,,,,,,,,,,,,,,,,,,492,,,,,,,
827003,59500,61700,60700,58500,58500,70000,1.2e+06,1.2e+06,1.2e+06,1.2e+06,1.596e+06,1.596e+06,,,,,,,,,,,9.1724e+06,81.3725,85.1485,56.8627,30,58,57.5758
827113,,,,,,,,,,,,,,,,,,,,,,465,,,,,,,
827297,,,,,,,,,,,,,,,,,,,,,,416,,,,,,,
827482,,,,,,,,,,,,,,,,,,,,,,628,,,,,,,
827554,,,,,,,,,,,,,,,,,,,,,,647,,,,,,,
827995,59300,61900,60700,58700,58500,70000,1.2e+06,1.2e+06,1.2e+06,1.2e+06,1.596e+06,1.596e+06,,,,,,,,,,,9.4512e+06,83,85.7143,56.1224,27.2727,59.596,60.6061
827999,,,,,,,,,,,,,,,,,,,,,,409,,,,,,,
828042,,,,,,,,,,,,,,,,,,,,,,654,,,,,,,
828214,,,,,,,,,,,,,,,,,,,,,,527,,,,,,,
828405,,,,,,,,,,,,,,,,,,,,,,411,,,,,,,
828564,,,,,,,,,,,,,,,,,,,,,,493,,,,,,,
828602,,,,,,,,,,,,,,,,,,,,,,629,,,,,,,
828668,,,,,,,,,,,,,,,,,,,,,,648,,,,,,,
828749,,,,,,,,,,,,,,,,,,,,,,466,,,,,,,
828941,,,,,,,,,,,,,,,,,,,,,,341,,,,,,,
828995,59500,61500,60700,58700,58300,70000,1.2e+06,1.2e+06,1.2e+06,1.2e+06,1.596e+06,1.596e+06,,,,,,,,,,,8.5306e+06,80,88.7755,62,32.6531,59,58.1633
829150,,,,,,,,,,,,,,,,,,,,,,655,,,,,,,
829433,,,,,,,,,,,,,,,,,,,,,,417,,,,,,,
829523,,,,,,,,,,,,,24.16,,,,,,,,,,,,,,,,
829782,,,,,,,,,,,,,,,,,,,,,,649,,,,,,,
829826,,,,,,,,,,,,,,,,,,,,,,528,,,,,,,
829995,59500,60900,60700,58700,58500,70000,1.2e+06,1.2e+06,1.2e+06,1.2e+06,1.596e+06,1.596e+06,,,,,,,,,,,8.7644e+06,81.3725,86.1386,60.396,35.6436,56,58
830139,,,,,,,,,,,,,,,,,,,,,,410,,,,,,,
830168,,,,,,,,,,,,,,,,,,,,,,630,,,,,,,
830190,,,,,,,,,,,,,,,,,,,,,,494,,,,,,,
830385,,,,,,,,,,,,,,,,,,,,,,467,,,,,,,
830544,,,,,,,,,,,,,,,,,,,,,,412,,,,,,,
830702,,,,,,,,,,,,,,,,,,,,,,656,,,,,,,
830995,59700,61700,60900,58900,58500,70000,1.2e+06,1.2e+06,1.2e+06,1.2e+06,1.596e+06,1.596e+06,,,,,,,,,,,8.4258e+06,79.2079,89,61,34.6939,61.6162,62.6263
831093,,,,,,,,,,,,,,,,,,,,,,418,,,,,,,
831287,,,,,,,,,,,,,,,,,,,,,,631,,,,,,,
831339,,,,,,,,,,,,,,,,,,,,,,650,,,,,,,
831408,,,,,,,,,,,,,,65.93,60.16,,,,,,,,,,,,,,
831608,,,,,,,,,,,,,,,,,,,,,,342,,,,,,,
831808,,,,,,,,,,,,,,,,,,,,,,411,,,,,,,
831815,,,,,,,,,,,,,,,,,,,,,,657,,,,,,,
831995,59300,61700,60700,58700,58100,70000,1.2e+06,1.2e+06,1.2e+06,1.2e+06,1.596e+06,1.596e+06,,,,,,,,,,,1.01494e+07,80.198,85.7143,60,37.3737,61.6162,61.6162
832022,,,,,,,,,,,,,,,,,,,,,,468,,,,,,,
832295,,,,,,,,,,,,,,,,,,,,,,495,,,,,,,
832450,,,,,,,,,,,,,,,,,,,,,,651,,,,,,,
832683,,,,,,,,,,,,,,,,,,,,,,413,,,,,,,
832852,,,,,,,,,,,,,,,,,,,,,,632,,,,,,,
832927,,,,,,,,,,,,,,,,,,,,,,658,,,,,,,
832995,59500,61700,60700,58700,58500,70000,1.2e+06,1.2e+06,1.2e+06,1.2e+06,1.596e+06,1.596e+06,,,,,,,,,,,8.8986e+06,84.1584,85.1485,57.8431,36,60.6061,61
833051,,,,,,,,,,,,,,,,,,,,,,530,,,,,,,
833229,,,,,,,,,,,,,,,,,,,,,,419,,,,,,,
833561,,,,,,,,,,,,,,,,,,,,,,652,,,,,,,
833795,,,,,,,,,,,,,,,,,,,,,,343,,,,,,,
833923,,,,,,,,,,,,,,,,,,,,,,496,,,,,,,
833952,,,,,,,,,,,,,,,,,,,,,,412,,,,,,,
833972,,,,,,,,,,,,,,,,,,,,,,633,,,,,,,
833995,59500,61900,60700,58900,58500,70000,1.2e+06,1.2e+06,1.2e+06,1.2e+06,1.596e+06,1.596e+06,,,,,,,,,,,9.517e+06,81.1881,85.7143,56.5657,28.2828,57.4257,58.5859
834131,,,,,,,,,,,,,,,,,,,,,,469,,,,,,,
834185,,,,,,,,,,,,,,,,,,,,,,531,,,,,,,
834344,,,,,,,,,,,,,,,,,,,,,,414,,,,,,,
834485,,,,,,,,,,,,,,,,,,,,,,659,,,,,,,
834887,,,,,,,,,,,,,,,,,,,,,,420,,,,,,,
835003,59500,61300,60500,58700,58500,70000,1.2e+06,1.2e+06,1.2e+06,1.2e+06,1.596e+06,1.596e+06,,,,,,,,,,,8.9736e+06,82.3529,85,55.8824,28.7129,59,59.4059
835118,,,,,,,,,,,,,,,,,,,,,,653,,,,,,,
835535,,,,,,,,,,,,,,,,,,,,,,634,,,,,,,
835545,,,,,,,,,,,,,,,,,,,,,,497,,,,,,,
835599,,,,,,,,,,,,,,,,,,,,,,660,,,,,,,
835768,,,,,,,,,,,,,,,,,,,,,,470,,,,,,,
835797,,,,,,,,,,,,,,,,,,,,,,532,,,,,,,
835995,59500,61500,60700,58500,58300,70000,1.2e+06,1.2e+06,1.2e+06,1.2e+06,1.596e+06,1.596e+06,,,,,,,,,,,9.6958e+06,80,88.8889,63.6364,33.6735,58.5859,57.732
836092,,,,,,,,,,,,,,,,,,,,,,413,,,,,,,
836230,,,,,,,,,,,,,,,,,,,,,,654,,,,,,,
836461,,,,,,,,,,,,,,,,,,,,,,344,,,,,,,
836483,,,,,,,,,,,,,,,,,,,,,,415,,,,,,,
836653,,,,,,,,,,,,,,,,,,,,,,635,,,,,,,
836708,,,,,,,,,,,,,,,,,,,,,,661,,,,,,,
836995,59700,60700,60700,58500,58300,70000,1.2e+06,1.2e+06,1.2e+06,1.2e+06,1.596e+06,1.596e+06,,,,,,,,,,,8.9842e+06,80.3922,85.8586,58.8235,34.6939,56,57.5758
837024,,,,,,,,,,,,,,,,,,,,,,421,,,,,,,
837172,,,,,,,,,,,,,,,,,,,,,,498,,,,,,,
837341,,,,,,,,,,,,,,,,,,,,,,655,,,,,,,
837404,,,,,,,,,,,,,,,,,,,,,,471,,,,,,,
837410,,,,,,,,,,,,,,,,,,,,,,533,,,,,,,
837753,,,,,,,,,,,,,,,,,,,,,,414,,,,,,,
837770,,,,,,,,,,,,,,,,,,,,,,636,,,,,,,
837996,59500,61700,60700,58500,58500,70000,1.2e+06,1.2e+06,1.2e+06,1.2e+06,1.596e+06,1.596e+06,,,,,,,,,,,8.5674e+06,80,88.8889,64,36.6337,63.6364,64.6465
838262,,,,,,,,,,,,,,,,,,,,,,662,,,,,,,
838622,,,,,,,,,,,,,,,,,,,,,,416,,,,,,,
838643,,,,,,,,,,,,,,,,,,,,,,345,,,,,,,
838798,,,,,,,,,,,,,,,,,,,,,,499,,,,,,,
838900,,,,,,,,,,,,,,,,,,,,,,656,,,,,,,
838995,59500,61300,60700,58900,58500,70000,1.2e+06,1.2e+06,1.2e+06,1.2e+06,1.596e+06,1.596e+06,,,,,,,,,,,8.0244e+06,79.2079,86,59,36,58,60
839022,,,,,,,,,,,,,,,,,,,,,,534,,,,,,,
839040,,,,,,,,,,,,,,,,,,,,,,472,,,,,,,
839160,,,,,,,,,,,,,,,,,,,,,,422,,,,,,,
839335,,,,,,,,,,,,,,,,,,,,,,637,,,,,,,
839377,,,,,,,,,,,,,,,,,,,,,,663,,,,,,,
839585,,,,,,,,,,,,,24.182,,,,,,,,,,,,,,,,
839894,,,,,,,,,,,,,,,,,,,,,,415,,,,,,,
839995,59300,61100,60500,58500,58500,70000,1.2e+06,1.2e+06,1.2e+06,1.2e+06,1.596e+06,1.596e+06,,,,,,,,,,,9.3712e+06,84.1584,85.7143,57.8431,33.3333,60.7843,60.6061
840011,,,,,,,,,,,,,,,,,,,,,,657,,,,,,,
840283,,,,,,,,,,,,,,,,,,,,,,417,,,,,,,
840420,,,,,,,,,,,,,,,,,,,,,,500,,,,,,,
840454,,,,,,,,,,,,,,,,,,,,,,638,,,,,,,
840634,,,,,,,,,,,,,,,,,,,,,,535,,,,,,,
840817,,,,,,,,,,,,,,,,,,,,,,423,,,,,,,
840822,,,,,,,,,,,,,,,,,,,,,,346,,,,,,,
840995,59500,61700,60500,58700,58500,70000,1.2e+06,1.2e+06,1.2e+06,1.2e+06,1.596e+06,1.596e+06,,,,,,,,,,,8.6288e+06,84.1584,84.8485,57,28.7129,59.596,60.2041
841124,,,,,,,,,,,,,,,,,,,,,,658,,,,,,,
841150,,,,,,,,,,,,,,,,,,,,,,473,,,,,,,
841569,,,,,,,,,,,,,,65.76,60.00,,,,,,,,,,,,,,
841995,59500,61500,60700,58500,58100,70000,1.2e+06,1.2e+06,1.2e+06,1.2e+06,1.596e+06,1.596e+06,,,,,,,,,,,1.00406e+07,80.3922,88.1188,58,30.303,57.5758,58
842033,,,,,,,,,,,,,,,,,,,,,,416,,,,,,,
842043,,,,,,,,,,,,,,,,,,,,,,501,,,,,,,
842072,,,,,,,,,,,,,,,,,,,,,,665,,,,,,,
842247,,,,,,,,,,,,,,,,,,,,,,536,,,,,,,
842422,,,,,,,,,,,,,,,,,,,,,,418,,,,,,,
842682,,,,,,,,,,,,,,,,,,,,,,659,,,,,,,
842787,,,,,,,,,,,,,,,,,,,,,,474,,,,,,,
842954,,,,,,,,,,,,,,,,,,,,,,424,,,,,,,
842995,59500,61700,60500,58700,58300,70000,1.2e+06,1.2e+06,1.2e+06,1.2e+06,1.596e+06,1.596e+06,,,,,,,,,,,8.848e+06,79.798,86.8687,64,36,57.5758,57.1429
843135,,,,,,,,,,,,,,,,,,,,,,640,,,,,,,
843183,,,,,,,,,,,,,,,,,,,,,,666,,,,,,,
843489,,,,,,,,,,,,,,,,,,,,,,347,,,,,,,
843669,,,,,,,,,,,,,,,,,,,,,,502,,,,,,,
843694,,,,,,,,,,,,,,,,,,,,,,417,,,,,,,
843794,,,,,,,,,,,,,,,,,,,,,,660,,,,,,,
843859,,,,,,,,,,,,,,,,,,,,,,537,,,,,,,
843995,59500,60900,60700,58900,58500,70000,1.2e+06,1.2e+06,1.2e+06,1.2e+06,1.596e+06,1.596e+06,,,,,,,,,,,9.7382e+06,81,87,57.4257,36,57,59.596
844254,,,,,,,,,,,,,,,,,,,,,,641,,,,,,,
844424,,,,,,,,,,,,,,,,,,,,,,475,,,,,,,
844560,,,,,,,,,,,,,,,,,,,,,,419,,,,,,,
844611,,,,,,,,,,,,,,,,,,,,,,425,,,,,,,
844734,,,,,,,,,,,,,,,,,,,,,,667,,,,,,,
844905,,,,,,,,,,,,,,,,,,,,,,661,,,,,,,
844995,59500,61500,60700,58700,58500,70000,1.2e+06,1.2e+06,1.2e+06,1.2e+06,1.596e+06,1.596e+06,,,,,,,,,,,1.02816e+07,79.2079,88,65,36.6337,64.6465,64.6465
845291,,,,,,,,,,,,,,,,,,,,,,503,,,,,,,
845471,,,,,,,,,,,,,,,,,,,,,,538,,,,,,,
845667,,,,,,,,,,,,,,,,,,,,,,348,,,,,,,
845820,,,,,,,,,,,,,,,,,,,,,,642,,,,,,,
845835,,,,,,,,,,,,,,,,,,,,,,418,,,,,,,
845845,,,,,,,,,,,,,,,,,,,,,,668,,,,,,,
845996,59500,61300,60700,58900,58500,70000,1.2e+06,1.2e+06,1.2e+06,1.2e+06,1.596e+06,1.596e+06,,,,,,,,,,,8.6174e+06,80.5825,85.8586,57,35,57,58.4158
846061,,,,,,,,,,,,,,,,,,,,,,476,,,,,,,
846222,,,,,,,,,,,,,,,,,,,,,,420,,,,,,,
846463,,,,,,,,,,,,,,,,,,,,,,662,,,,,,,
846605,,,,,,,,,,,,,,,,,,,,,,539,,,,,,,
846747,,,,,,,,,,,,,,,,,,,,,,426,,,,,,,
846920,,,,,,,,,,,,,,,,,,,,,,504,,,,,,,
846940,,,,,,,,,,,,,,,,,,,,,,643,,,,,,,
846957,,,,,,,,,,,,,,,,,,,,,,669,,,,,,,
846996,59500,61100,60700,58500,58500,70000,1.2e+06,1.2e+06,1.2e+06,1.2e+06,1.596e+06,1.596e+06,,,,,,,,,,,1.0032e+07,83.8384,84.8485,57.4257,31,60.396,60
847973,,,,,,,,,,,,,,,,,,,,,,419,,,,,,,
847996,59500,60900,60700,58700,58500,70000,1.2e+06,1.2e+06,1.2e+06,1.2e+06,1.596e+06,1.596e+06,,,,,,,,,,,8.432e+06,83.3333,85.8586,56.5657,26.8041,59.4059,60.6061
848171,,,,,,,,,,,,,,,,,,,,,,477,,,,,,,
848218,,,,,,,,,,,,,,,,,,,,,,540,,,,,,,
848334,,,,,,,,,,,,,,,,,,,,,,349,,,,,,,
848361,,,,,,,,,,,,,,,,,,,,,,421,,,,,,,
848503,,,,,,,,,,,,,,,,,,,,,,644,,,,,,,
848508,,,,,,,,,,,,,,,,,,,,,,670,,,,,,,
848542,,,,,,,,,,,,,,,,,,,,,,505,,,,,,,
848688,,,,,,,,,,,,,,,,,,,,,,664,,,,,,,
848883,,,,,,,,,,,,,,,,,,,,,,427,,,,,,,
848995,59500,61700,60700,58700,58500,70000,1.2e+06,1.2e+06,1.2e+06,1.2e+06,1.596e+06,1.596e+06,,,,,,,,,,,9.1046e+06,80,88.8889,60.6061,31,59.1837,58.5859
849617,,,,,,,,,,,,,,,,,,,,,,671,,,,,,,
849620,,,,,,,,,,,,,,,,,,,,,,645,,,,,,,
849635,,,,,,,,,,,,,,,,,,,,,,420,,,,,,,
849653,,,,,,,,,,,,,24.182,,,,,,,,,,,,,,,,
849808,,,,,,,,,,,,,,,,,,,,,,478,,,,,,,
849830,,,,,,,,,,,,,,,,,,,,,,541,,,,,,,
849995,59500,61300,60700,58900,58500,70000,1.2e+06,1.2e+06,1.2e+06,1.2e+06,1.596e+06,1.596e+06,,,,,,,,,,,1.031e+07,80.3922,85,62.7451,35.3535,55,57.5758
850164,,,,,,,,,,,,,,,,,,,,,,506,,,,,,,
850246,,,,,,,,,,,,,,,,,,,,,,665,,,,,,,
850500,,,,,,,,,,,,,,,,,,,,,,422,,,,,,,
850512,,,,,,,,,,,,,,,,,,,,,,350,,,,,,,
850541,,,,,,,,,,,,,,,,,,,,,,428,,,,,,,
850727,,,,,,,,,,,,,,,,,,,,,,672,,,,,,,
850737,,,,,,,,,,,,,,,,,,,,,,646,,,,,,,
850995,59900,61300,60700,58900,58700,70000,1.2e+06,1.2e+06,1.2e+06,1.2e+06,1.596e+06,1.596e+06,,,,,,,,,,,7.1926e+06,80,89.899,60,36.3636,59.596,60.2041
851357,,,,,,,,,,,,,,,,,,,,,,666,,,,,,,
851442,,,,,,,,,,,,,,,,,,,,,,542,,,,,,,
851444,,,,,,,,,,,,,,,,,,,,,,479,,,,,,,
851767,,,,,,,,,,,,,,65.68,59.96,,,,,,,,,,,,,,
851778,,,,,,,,,,,,,,,,,,,,,,421,,,,,,,
851786,,,,,,,,,,,,,,,,,,,,,,507,,,,,,,
851996,59500,61100,60700,58900,58300,70000,1.2e+06,1.2e+06,1.2e+06,1.2e+06,1.596e+06,1.596e+06,,,,,,,,,,,8.3464e+06,80,85,66.3366,35.3535,62,64
852161,,,,,,,,,,,,,,,,,,,,,,423,,,,,,,
852278,,,,,,,,,,,,,,,,,,,,,,673,,,,,,,
852302,,,,,,,,,,,,,,,,,,,,,,647,,,,,,,
852677,,,,,,,,,,,,,,,,,,,,,,429,,,,,,,
852694,,,,,,,,,,,,,,,,,,,,,,351,,,,,,,
852923,,,,,,,,,,,,,,,,,,,,,,667,,,,,,,
852995,59700,61700,60900,58900,58500,70000,1.2e+06,1.2e+06,1.2e+06,1.2e+06,1.596e+06,1.596e+06,,,,,,,,,,,9.2366e+06,82.1782,85.7143,58,36,59,59.4059
853055,,,,,,,,,,,,,,,,,,,,,,543,,,,,,,
853081,,,,,,,,,,,,,,,,,,,,,,480,,,,,,,
853411,,,,,,,,,,,,,,,,,,,,,,508,,,,,,,
853419,,,,,,,,,,,,,,,,,,,,,,648,,,,,,,
853919,,,,,,,,,,,,,,,,,,,,,,422,,,,,,,
853995,59900,61500,60700,58900,58700,70000,1.2e+06,1.2e+06,1.2e+06,1.2e+06,1.596e+06,1.596e+06,,,,,,,,,,,9.1566e+06,80.3922,86,56.4356,29.2929,58,58
854027,,,,,,,,,,,,,,,,,,,,,,668,,,,,,,
854300,,,,,,,,,,,,,,,,,,,,,,424,,,,,,,
854497,,,,,,,,,,,,,,,,,,,,,,675,,,,,,,
854667,,,,,,,,,,,,,,,,,,,,,,544,,,,,,,
854819,,,,,,,,,,,,,,,,,,,,,,430,,,,,,,
854983,,,,,,,,,,,,,,,,,,,,,,649,,,,,,,
854995,59500,61700,60500,58900,58300,70000,1.2e+06,1.2e+06,1.2e+06,1.2e+06,1.596e+06,1.596e+06,,,,,,,,,,,8.877e+06,84,84.8485,57,27.2727,59.1837,60.2041
855139,,,,,,,,,,,,,,,,,,,,,,669,,,,,,,
855189,,,,,,,,,,,,,,,,,,,,,,481,,,,,,,
855362,,,,,,,,,,,,,,,,,,,,,,352,,,,,,,
855515,,,,,,,,,,,,,,,,,,,,,,509,,,,,,,
855607,,,,,,,,,,,,,,,,,,,,,,676,,,,,,,
855995,59500,61700,60700,58900,58500,70000,1.2e+06,1.2e+06,1.2e+06,1.2e+06,1.596e+06,1.596e+06,,,,,,,,,,,9.0646e+06,80.198,88.7755,62,34.3434,59.1837,58.1633
856057,,,,,,,,,,,,,,,,,,,,,,423,,,,,,,
856103,,,,,,,,,,,,,,,,,,,,,,650,,,,,,,
856279,,,,,,,,,,,,,,,,,,,,,,545,,,,,,,
856439,,,,,,,,,,,,,,,,,,,,,,425,,,,,,,
856471,,,,,,,,,,,,,,,,,,,,,,431,,,,,,,
856698,,,,,,,,,,,,,,,,,,,,,,670,,,,,,,
856825,,,,,,,,,,,,,,,,,,,,,,482,,,,,,,
856996,59500,60900,60700,58700,58300,70000,1.2e+06,1.2e+06,1.2e+06,1.2e+06,1.596e+06,1.596e+06,,,,,,,,,,,8.7e+06,81.1881,86,60.396,36,56,58
857143,,,,,,,,,,,,,,,,,,,,,,510,,,,,,,
857156,,,,,,,,,,,,,,,,,,,,,,677,,,,,,,
857219,,,,,,,,,,,,,,,,,,,,,,651,,,,,,,
857542,,,,,,,,,,,,,,,,,,,,,,353,,,,,,,
857717,,,,,,,,,,,,,,,,,,,,,,424,,,,,,,
857810,,,,,,,,,,,,,,,,,,,,,,671,,,,,,,
857892,,,,,,,,,,,,,,,,,,,,,,546,,,,,,,
857995,59700,61700,60900,58900,58700,70000,1.2e+06,1.2e+06,1.2e+06,1.2e+06,1.596e+06,1.596e+06,,,,,,,,,,,9.8438e+06,79.2079,89.1089,62.3762,35.3535,61,62.2449
858100,,,,,,,,,,,,,,,,,,,,,,426,,,,,,,
858266,,,,,,,,,,,,,,,,,,,,,,678,,,,,,,
858463,,,,,,,,,,,,,,,,,,,,,,483,,,,,,,
858606,,,,,,,,,,,,,,,,,,,,,,432,,,,,,,
858782,,,,,,,,,,,,,,,,,,,,,,652,,,,,,,
858921,,,,,,,,,,,,,,,,,,,,,,672,,,,,,,
858995,59700,61500,60700,58900,58500,70000,1.2e+06,1.2e+06,1.2e+06,1.2e+06,1.596e+06,1.596e+06,,,,,,,,,,,8.7622e+06,79.2079,85.7143,60.396,36,60,62
859026,,,,,,,,,,,,,,,,,,,,,,547,,,,,,,
859376,,,,,,,,,,,,,,,,,,,,,,679,,,,,,,
859718,,,,,,,,,,,,,24.182,,,,,,,,,,,,,,,,
859723,,,,,,,,,,,,,,,,,,,,,,354,,,,,,,
859859,,,,,,,,,,,,,,,,,,,,,,425,,,,,,,
859901,,,,,,,,,,,,,,,,,,,,,,653,,,,,,,
859995,59700,62100,60700,58900,58500,70000,1.2e+06,1.2e+06,1.2e+06,1.2e+06,1.596e+06,1.596e+06,,,,,,,,,,,8.8636e+06,84.3137,86,57.5758,34.6939,59.596,60.6061
860101,,,,,,,,,,,,,,,,,,,,,,484,,,,,,,
860239,,,,,,,,,,,,,,,,,,,,,,427,,,,,,,
860264,,,,,,,,,,,,,,,,,,,,,,433,,,,,,,
860386,,,,,,,,,,,,,,,,,,,,,,512,,,,,,,
860638,,,,,,,,,,,,,,,,,,,,,,548,,,,,,,
860930,,,,,,,,,,,,,,,,,,,,,,680,,,,,,,
860996,59500,62100,60700,58900,58500,70000,1.2e+06,1.2e+06,1.2e+06,1.2e+06,1.596e+06,1.596e+06,,,,,,,,,,,9.2178e+06,81,84.8485,56,29.2929,58.4158,57.5758
861464,,,,,,,,,,,,,,,,,,,,,,654,,,,,,,
861592,,,,,,,,,,,,,,,,,,,,,,674,,,,,,,
861903,,,,,,,,,,,,,,65.76,60.00,,,,,,,,,,,,,,
862003,59900,62100,60900,59100,58700,70000,1.2e+06,1.2e+06,1.2e+06,1.2e+06,1.596e+06,1.596e+06,,,,,,,,,,,9.8776e+06,81.3725,85.8586,56.8627,32.6733,59.2233,60
862005,,,,,,,,,,,,,,,,,,,,,,426,,,,,,,
862008,,,,,,,,,,,,,,,,,,,,,,513,,,,,,,
862041,,,,,,,,,,,,,,,,,,,,,,681,,,,,,,
862210,,,,,,,,,,,,,,,,,,,,,,485,,,,,,,
862250,,,,,,,,,,,,,,,,,,,,,,549,,,,,,,
862379,,,,,,,,,,,,,,,,,,,,,,428,,,,,,,
862394,,,,,,,,,,,,,,,,,,,,,,355,,,,,,,
862402,,,,,,,,,,,,,,,,,,,,,,434,,,,,,,
862584,,,,,,,,,,,,,,,,,,,,,,655,,,,,,,
862705,,,,,,,,,,,,,,,,,,,,,,675,,,,,,,
862995,59700,61500,61100,58900,58900,70000,1.2e+06,1.2e+06,1.2e+06,1.2e+06,1.596e+06,1.596e+06,,,,,,,,,,,9.054e+06,80.8081,88,64,32.9897,59.596,57.5758
863151,,,,,,,,,,,,,,,,,,,,,,682,,,,,,,
863631,,,,,,,,,,,,,,,,,,,,,,514,,,,,,,
863658,,,,,,,,,,,,,,,,,,,,,,427,,,,,,,
863700,,,,,,,,,,,,,,,,,,,,,,656,,,,,,,
863863,,,,,,,,,,,,,,,,,,,,,,550,,,,,,,
864003,59500,60900,60700,58700,58500,70000,1.2e+06,1.2e+06,1.2e+06,1.2e+06,1.596e+06,1.596e+06,,,,,,,,,,,8.9442e+06,80.198,86,58.8235,35.3535,56,58.5859
864040,,,,,,,,,,,,,,,,,,,,,,429,,,,,,,
864265,,,,,,,,,,,,,,,,,,,,,,676,,,,,,,
864539,,,,,,,,,,,,,,,,,,,,,,435,,,,,,,
864573,,,,,,,,,,,,,,,,,,,,,,356,,,,,,,
864702,,,,,,,,,,,,,,,,,,,,,,683,,,,,,,
864995,59900,62100,60900,58700,58300,70000,1.2e+06,1.2e+06,1.2e+06,1.2e+06,1.596e+06,1.596e+06,,,,,,,,,,,9.5448e+06,79.4118,89.6907,63.3663,35.7143,63.6364,63.6364
865258,,,,,,,,,,,,,,,,,,,,,,515,,,,,,,
865264,,,,,,,,,,,,,,,,,,,,,,657,,,,,,,
865376,,,,,,,,,,,,,,,,,,,,,,677,,,,,,,
865475,,,,,,,,,,,,,,,,,,,,,,551,,,,,,,
865483,,,,,,,,,,,,,,,,,,,,,,487,,,,,,,
865798,,,,,,,,,,,,,,,,,,,,,,428,,,,,,,
865813,,,,,,,,,,,,,,,,,,,,,,684,,,,,,,
865995,59900,62100,60700,58900,58500,70000,1.2e+06,1.2e+06,1.2e+06,1.2e+06,1.596e+06,1.596e+06,,,,,,,,,,,8.155e+06,79.798,85.1485,59.4059,35,58,60.6061
866179,,,,,,,,,,,,,,,,,,,,,,430,,,,,,,
866197,,,,,,,,,,,,,,,,,,,,,,436,,,,,,,
866382,,,,,,,,,,,,,,,,,,,,,,658,,,,,,,
866488,,,,,,,,,,,,,,,,,,,,,,678,,,,,,,
866879,,,,,,,,,,,,,,,,,,,,,,516,,,,,,,
866922,,,,,,,,,,,,,,,,,,,,,,685,,,,,,,
866996,59700,62100,60700,58700,58500,70000,1.2e+06,1.2e+06,1.2e+06,1.2e+06,1.596e+06,1.596e+06,,,,,,,,,,,8.3154e+06,84.3137,85.7143,58.4158,33.6634,60,60
867087,,,,,,,,,,,,,,,,,,,,,,552,,,,,,,
867119,,,,,,,,,,,,,,,,,,,,,,488,,,,,,,
867239,,,,,,,,,,,,,,,,,,,,,,357,,,,,,,
867935,,,,,,,,,,,,,,,,,,,,,,429,,,,,,,
867946,,,,,,,,,,,,,,,,,,,,,,659,,,,,,,
867996,59500,62100,60700,58900,58700,70000,1.2e+06,1.2e+06,1.2e+06,1.2e+06,1.596e+06,1.596e+06,,,,,,,,,,,8.6282e+06,82.8283,85.8586,56.5657,27.2727,60,60.2041
868049,,,,,,,,,,,,,,,,,,,,,,679,,,,,,,
868318,,,,,,,,,,,,,,,,,,,,,,431,,,,,,,
868333,,,,,,,,,,,,,,,,,,,,,,437,,,,,,,
868483,,,,,,,,,,,,,,,,,,,,,,686,,,,,,,
868504,,,,,,,,,,,,,,,,,,,,,,517,,,,,,,
868700,,,,,,,,,,,,,,,,,,,,,,553,,,,,,,
868995,59500,61900,60700,58900,58300,70000,1.2e+06,1.2e+06,1.2e+06,1.2e+06,1.596e+06,1.596e+06,,,,,,,,,,,9.5168e+06,80.3922,87,58.4158,28.5714,57.5758,59
869064,,,,,,,,,,,,,,,,,,,,,,660,,,,,,,
869163,,,,,,,,,,,,,,,,,,,,,,680,,,,,,,
869227,,,,,,,,,,,,,,,,,,,,,,489,,,,,,,
869418,,,,,,,,,,,,,,,,,,,,,,358,,,,,,,
869585,,,,,,,,,,,,,,,,,,,,,,687,,,,,,,
869596,,,,,,,,,,,,,,,,,,,,,,430,,,,,,,
869785,,,,,,,,,,,,,24.182,,,,,,,,,,,,,,,,
869979,,,,,,,,,,,,,,,,,,,,,,432,,,,,,,
869993,,,,,,,,,,,,,,,,,,,,,,438,,,,,,,
869995,59700,60900,60700,58700,58500,70000,1.2e+06,1.2e+06,1.2e+06,1.2e+06,1.596e+06,1.596e+06,,,,,,,,,,,9.4056e+06,80,86.8687,64,36.6337,58.5859,56.5657
870126,,,,,,,,,,,,,,,,,,,,,,518,,,,,,,
870182,,,,,,,,,,,,,,,,,,,,,,661,,,,,,,
870274,,,,,,,,,,,,,,,,,,,,,,681,,,,,,,
870312,,,,,,,,,,,,,,,,,,,,,,554,,,,,,,
870696,,,,,,,,,,,,,,,,,,,,,,688,,,,,,,
870863,,,,,,,,,,,,,,,,,,,,,,490,,,,,,,
870995,59500,60700,60700,58900,58500,70000,1.2e+06,1.2e+06,1.2e+06,1.2e+06,1.596e+06,1.596e+06,,,,,,,,,,,9.8182e+06,80.3922,86.8687,58,36,57,59.596
871596,,,,,,,,,,,,,,,,,,,,,,359,,,,,,,
871734,,,,,,,,,,,,,,,,,,,,,,431,,,,,,,
871744,,,,,,,,,,,,,,,,,,,,,,662,,,,,,,
871748,,,,,,,,,,,,,,,,,,,,,,519,,,,,,,
871805,,,,,,,,,,,,,,,,,,,,,,689,,,,,,,
871832,,,,,,,,,,,,,,,,,,,,,,682,,,,,,,
871924,,,,,,,,,,,,,,,,,,,,,,555,,,,,,,
871995,59900,62100,61100,58900,58700,70000,1.2e+06,1.2e+06,1.2e+06,1.2e+06,1.596e+06,1.596e+06,,,,,,,,,,,9.1156e+06,80.3922,88.1188,64.3564,39.3939,63.6364,64.6465
872015,,,,,,,,,,,,,,65.80,60.04,,,,,,,,,,,,,,
872118,,,,,,,,,,,,,,,,,,,,,,433,,,,,,,
872129,,,,,,,,,,,,,,,,,,,,,,439,,,,,,,
872865,,,,,,,,,,,,,,,,,,,,,,663,,,,,,,
872943,,,,,,,,,,,,,,,,,,,,,,683,,,,,,,
872995,59700,62100,60900,58900,58500,70000,1.2e+06,1.2e+06,1.2e+06,1.2e+06,1.596e+06,1.596e+06,,,,,,,,,,,9.5196e+06,79.798,85.7143,58.4158,37,57.4257,59
873058,,,,,,,,,,,,,,,,,,,,,,556,,,,,,,
873358,,,,,,,,,,,,,,,,,,,,,,690,,,,,,,
873375,,,,,,,,,,,,,,,,,,,,,,520,,,,,,,
873879,,,,,,,,,,,,,,,,,,,,,,432,,,,,,,
873995,59500,61500,60700,58900,58500,70000,1.2e+06,1.2e+06,1.2e+06,1.2e+06,1.596e+06,1.596e+06,,,,,,,,,,,8.356e+06,83.1683,85.8586,56.5657,30.6122,59.596,59.596
874054,,,,,,,,,,,,,,,,,,,,,,684,,,,,,,
874137,,,,,,,,,,,,,,,,,,,,,,492,,,,,,,
874258,,,,,,,,,,,,,,,,,,,,,,434,,,,,,,
874265,,,,,,,,,,,,,,,,,,,,,,440,,,,,,,
874268,,,,,,,,,,,,,,,,,,,,,,360,,,,,,,
874428,,,,,,,,,,,,,,,,,,,,,,664,,,,,,,
874472,,,,,,,,,,,,,,,,,,,,,,691,,,,,,,
874670,,,,,,,,,,,,,,,,,,,,,,557,,,,,,,
874995,59500,61500,60700,58900,58500,70000,1.2e+06,1.2e+06,1.2e+06,1.2e+06,1.596e+06,1.596e+06,,,,,,,,,,,9.714e+06,84.1584,85,56,28.2828,59.596,60.6061
875004,,,,,,,,,,,,,,,,,,,,,,521,,,,,,,
875543,,,,,,,,,,,,,,,,,,,,,,433,,,,,,,
875557,,,,,,,,,,,,,,,,,,,,,,665,,,,,,,
875583,,,,,,,,,,,,,,,,,,,,,,692,,,,,,,
875612,,,,,,,,,,,,,,,,,,,,,,685,,,,,,,
875920,,,,,,,,,,,,,,,,,,,,,,435,,,,,,,
875924,,,,,,,,,,,,,,,,,,,,,,441,,,,,,,
875995,59500,61700,60700,58900,58500,70000,1.2e+06,1.2e+06,1.2e+06,1.2e+06,1.596e+06,1.596e+06,,,,,,,,,,,8.6402e+06,80.198,88.8889,60.7843,33.3333,59.596,58
876283,,,,,,,,,,,,,,,,,,,,,,558,,,,,,,
876454,,,,,,,,,,,,,,,,,,,,,,361,,,,,,,
876631,,,,,,,,,,,,,,,,,,,,,,522,,,,,,,
876723,,,,,,,,,,,,,,,,,,,,,,686,,,,,,,
876995,59700,60900,60700,58900,58500,70000,1.2e+06,1.2e+06,1.2e+06,1.2e+06,1.596e+06,1.596e+06,,,,,,,,,,,9.7872e+06,80.198,85.8586,61.6162,35.3535,55.4455,58.1633
877125,,,,,,,,,,,,,,,,,,,,,,666,,,,,,,
877136,,,,,,,,,,,,,,,,,,,,,,693,,,,,,,
877682,,,,,,,,,,,,,,,,,,,,,,434,,,,,,,
877834,,,,,,,,,,,,,,,,,,,,,,687,,,,,,,
877883,,,,,,,,,,,,,,,,,,,,,,494,,,,,,,
877895,,,,,,,,,,,,,,,,,,,,,,559,,,,,,,
877995,59900,60900,61100,58900,58700,70000,1.2e+06,1.2e+06,1.2e+06,1.2e+06,1.596e+06,1.596e+06,,,,,,,,,,,9.3164e+06,80.198,89,59.4059,35.3535,60,60.6061
878059,,,,,,,,,,,,,,,,,,,,,,436,,,,,,,
878060,,,,,,,,,,,,,,,,,,,,,,442,,,,,,,
878242,,,,,,,,,,,,,,,,,,,,,,667,,,,,,,
878245,,,,,,,,,,,,,,,,,,,,,,694,,,,,,,
878253,,,,,,,,,,,,,,,,,,,,,,523,,,,,,,
878996,59500,61700,60700,58900,58500,70000,1.2e+06,1.2e+06,1.2e+06,1.2e+06,1.596e+06,1.596e+06,,,,,,,,,,,8.268e+06,79,85.7143,63,37.3737,62.3762,64.3564
879124,,,,,,,,,,,,,,,,,,,,,,362,,,,,,,
879359,,,,,,,,,,,,,,,,,,,,,,668,,,,,,,
879392,,,,,,,,,,,,,,,,,,,,,,688,,,,,,,
879508,,,,,,,,,,,,,,,,,,,,,,560,,,,,,,
879520,,,,,,,,,,,,,,,,,,,,,,495,,,,,,,
879822,,,,,,,,,,,,,,,,,,,,,,435,,,,,,,
879849,,,,,,,,,,,,,24.182,,,,,,,,,,,,,,,,
879995,59700,61500,60700,58900,58500,70000,1.2e+06,1.2e+06,1.2e+06,1.2e+06,1.596e+06,1.596e+06,,,,,,,,,,,9.2224e+06,82.5243,85.8586,57,34.6939,58.1633,59.596
880196,,,,,,,,,,,,,,,,,,,,,,443,,,,,,,
880199,,,,,,,,,,,,,,,,,,,,,,437,,,,,,,
880363,,,,,,,,,,,,,,,,,,,,,,524,,,,,,,
880503,,,,,,,,,,,,,,,,,,,,,,689,,,,,,,
880911,,,,,,,,,,,,,,,,,,,,,,696,,,,,,,
880924,,,,,,,,,,,,,,,,,,,,,,669,,,,,,,
881003,59700,61300,61100,58900,58900,70000,1.2e+06,1.2e+06,1.2e+06,1.2e+06,1.596e+06,1.596e+06,,,,,,,,,,,9.6136e+06,81.1881,86.2745,56.4356,30.3922,58.4158,58
881120,,,,,,,,,,,,,,,,,,,,,,561,,,,,,,
881157,,,,,,,,,,,,,,,,,,,,,,496,,,,,,,
881305,,,,,,,,,,,,,,,,,,,,,,363,,,,,,,
881486,,,,,,,,,,,,,,,,,,,,,,436,,,,,,,
881615,,,,,,,,,,,,,,,,,,,,,,690,,,,,,,
881854,,,,,,,,,,,,,,,,,,,,,,444,,,,,,,
881860,,,,,,,,,,,,,,,,,,,,,,438,,,,,,,
881986,,,,,,,,,,,,,,,,,,,,,,525,,,,,,,
881996,59900,61300,60700,58900,58500,70000,1.2e+06,1.2e+06,1.2e+06,1.2e+06,1.596e+06,1.596e+06,,,,,,,,,,,8.1484e+06,83,84.6939,56.5657,27,59.596,59.596
882023,,,,,,,,,,,,,,,,,,,,,,697,,,,,,,
882045,,,,,,,,,,,,,,,,,,,,,,670,,,,,,,
882171,,,,,,,,,,,,,,65.80,60.04,,,,,,,,,,,,,,
882732,,,,,,,,,,,,,,,,,,,,,,562,,,,,,,
882995,59700,61900,61100,58900,58500,70000,1.2e+06,1.2e+06,1.2e+06,1.2e+06,1.596e+06,1.596e+06,,,,,,,,,,,9.216e+06,81.3725,88.7755,61.7647,33.6735,60.6061,58.5859
883137,,,,,,,,,,,,,,,,,,,,,,698,,,,,,,
883173,,,,,,,,,,,,,,,,,,,,,,691,,,,,,,
883266,,,,,,,,,,,,,,,,,,,,,,497,,,,,,,
883610,,,,,,,,,,,,,,,,,,,,,,671,,,,,,,
883622,,,,,,,,,,,,,,,,,,,,,,526,,,,,,,
883631,,,,,,,,,,,,,,,,,,,,,,437,,,,,,,
883973,,,,,,,,,,,,,,,,,,,,,,364,,,,,,,
883992,,,,,,,,,,,,,,,,,,,,,,445,,,,,,,
883995,59700,61100,60700,58700,58300,70000,1.2e+06,1.2e+06,1.2e+06,1.2e+06,1.596e+06,1.596e+06,,,,,,,,,,,8.9046e+06,80.3922,86.2745,60,35.3535,55.5556,58.1633
884000,,,,,,,,,,,,,,,,,,,,,,439,,,,,,,
884284,,,,,,,,,,,,,,,,,,,,,,692,,,,,,,
884345,,,,,,,,,,,,,,,,,,,,,,563,,,,,,,
884693,,,,,,,,,,,,,,,,,,,,,,699,,,,,,,
884735,,,,,,,,,,,,,,,,,,,,,,672,,,,,,,
884902,,,,,,,,,,,,,,,,,,,,,,498,,,,,,,
884996,59900,61300,61100,58700,58700,70000,1.2e+06,1.2e+06,1.2e+06,1.2e+06,1.596e+06,1.596e+06,,,,,,,,,,,8.2588e+06,79,89.899,62,35,61,61.6162
885249,,,,,,,,,,,,,,,,,,,,,,527,,,,,,,
885395,,,,,,,,,,,,,,,,,,,,,,693,,,,,,,
885479,,,,,,,,,,,,,,,,,,,,,,564,,,,,,,
885650,,,,,,,,,,,,,,,,,,,,,,446,,,,,,,
885772,,,,,,,,,,,,,,,,,,,,,,438,,,,,,,
885803,,,,,,,,,,,,,,,,,,,,,,700,,,,,,,
885995,59500,61100,60700,58700,58700,70000,1.2e+06,1.2e+06,1.2e+06,1.2e+06,1.596e+06,1.596e+06,,,,,,,,,,,8.4452e+06,80.198,85.8586,60,34.375,60,62
886140,,,,,,,,,,,,,,,,,,,,,,440,,,,,,,
886155,,,,,,,,,,,,,,,,,,,,,,365,,,,,,,
886300,,,,,,,,,,,,,,,,,,,,,,673,,,,,,,
886539,,,,,,,,,,,,,,,,,,,,,,499,,,,,,,
886876,,,,,,,,,,,,,,,,,,,,,,528,,,,,,,
886915,,,,,,,,,,,,,,,,,,,,,,701,,,,,,,
886952,,,,,,,,,,,,,,,,,,,,,,694,,,,,,,
886996,59500,61300,60900,58700,58500,70000,1.2e+06,1.2e+06,1.2e+06,1.2e+06,1.596e+06,1.596e+06,,,,,,,,,,,9.7964e+06,84.3137,85,58,36.6337,60.6061,60.6061
887091,,,,,,,,,,,,,,,,,,,,,,565,,,,,,,
887418,,,,,,,,,,,,,,,,,,,,,,674,,,,,,,
887433,,,,,,,,,,,,,,,,,,,,,,439,,,,,,,
887786,,,,,,,,,,,,,,,,,,,,,,447,,,,,,,
887802,,,,,,,,,,,,,,,,,,,,,,441,,,,,,,
887995,59700,61300,60700,58500,58500,70000,1.2e+06,1.2e+06,1.2e+06,1.2e+06,1.596e+06,1.596e+06,,,,,,,,,,,8.3902e+06,82.1782,85.8586,56,29,57.5758,58.5859
888063,,,,,,,,,,,,,,,,,,,,,,695,,,,,,,
888176,,,,,,,,,,,,,,,,,,,,,,500,,,,,,,
888337,,,,,,,,,,,,,,,,,,,,,,366,,,,,,,
888466,,,,,,,,,,,,,,,,,,,,,,702,,,,,,,
888503,,,,,,,,,,,,,,,,,,,,,,529,,,,,,,
888539,,,,,,,,,,,,,,,,,,,,,,675,,,,,,,
888704,,,,,,,,,,,,,,,,,,,,,,566,,,,,,,
889003,59500,61700,60700,58700,58500,70000,1.2e+06,1.2e+06,1.2e+06,1.2e+06,1.596e+06,1.596e+06,,,,,,,,,,,9.413e+06,82.3529,85,57.2816,28.2828,58.4158,59
889174,,,,,,,,,,,,,,,,,,,,,,696,,,,,,,
889574,,,,,,,,,,,,,,,,,,,,,,440,,,,,,,
889578,,,,,,,,,,,,,,,,,,,,,,703,,,,,,,
889912,,,,,,,,,,,,,24.203,,,,,,,,,,,,,,,,
889922,,,,,,,,,,,,,,,,,,,,,,448,,,,,,,
889941,,,,,,,,,,,,,,,,,,,,,,442,,,,,,,
889995,59500,61700,60700,58700,58500,70000,1.2e+06,1.2e+06,1.2e+06,1.2e+06,1.596e+06,1.596e+06,,,,,,,,,,,8.903e+06,79.798,88.8889,64,36,59,57.732
890104,,,,,,,,,,,,,,,,,,,,,,676,,,,,,,
890129,,,,,,,,,,,,,,,,,,,,,,530,,,,,,,
890285,,,,,,,,,,,,,,,,,,,,,,501,,,,,,,
890316,,,,,,,,,,,,,,,,,,,,,,567,,,,,,,
890690,,,,,,,,,,,,,,,,,,,,,,704,,,,,,,
890732,,,,,,,,,,,,,,,,,,,,,,697,,,,,,,
890995,59500,61100,61100,58900,58500,70000,1.2e+06,1.2e+06,1.2e+06,1.2e+06,1.596e+06,1.596e+06,,,,,,,,,,,9.107e+06,81,85.8586,58.5859,34.6939,55.5556,58
891007,,,,,,,,,,,,,,,,,,,,,,367,,,,,,,
891581,,,,,,,,,,,,,,,,,,,,,,449,,,,,,,
891712,,,,,,,,,,,,,,,,,,,,,,441,,,,,,,
891753,,,,,,,,,,,,,,,,,,,,,,531,,,,,,,
891843,,,,,,,,,,,,,,,,,,,,,,698,,,,,,,
891921,,,,,,,,,,,,,,,,,,,,,,502,,,,,,,
891928,,,,,,,,,,,,,,,,,,,,,,568,,,,,,,
891996,59900,61700,60700,58700,58700,70000,1.2e+06,1.2e+06,1.2e+06,1.2e+06,1.596e+06,1.596e+06,,,,,,,,,,,9.2474e+06,79.8077,88.8889,63.3663,38.835,64,64.6465
892081,,,,,,,,,,,,,,,,,,,,,,443,,,,,,,
892242,,,,,,,,,,,,,,,,,,,,,,705,,,,,,,
892320,,,,,,,,,,,,,,65.76,60.12,,,,,,,,,,,,,,
892809,,,,,,,,,,,,,,,,,,,,,,678,,,,,,,
892954,,,,,,,,,,,,,,,,,,,,,,699,,,,,,,
892996,59500,61700,61100,58900,58500,70000,1.2e+06,1.2e+06,1.2e+06,1.2e+06,1.596e+06,1.596e+06,,,,,,,,,,,9.283e+06,81,86,60,34.6939,59.1837,60.396
893189,,,,,,,,,,,,,,,,,,,,,,368,,,,,,,
893353,,,,,,,,,,,,,,,,,,,,,,706,,,,,,,
893541,,,,,,,,,,,,,,,,,,,,,,569,,,,,,,
893559,,,,,,,,,,,,,,,,,,,,,,503,,,,,,,
893742,,,,,,,,,,,,,,,,,,,,,,444,,,,,,,
893855,,,,,,,,,,,,,,,,,,,,,,442,,,,,,,
893860,,,,,,,,,,,,,,,,,,,,,,532,,,,,,,
893928,,,,,,,,,,,,,,,,,,,,,,679,,,,,,,
893995,59700,61500,61100,59100,58500,70000,1.2e+06,1.2e+06,1.2e+06,1.2e+06,1.596e+06,1.596e+06,,,,,,,,,,,9.3774e+06,84.466,84.8485,57,34.3434,60.396,60.6061
894464,,,,,,,,,,,,,,,,,,,,,,707,,,,,,,
894512,,,,,,,,,,,,,,,,,,,,,,700,,,,,,,
894996,59900,62300,60700,58900,58500,70000,1.2e+06,1.2e+06,1.2e+06,1.2e+06,1.596e+06,1.596e+06,,,,,,,,,,,8.5504e+06,82.8283,85.7143,56.5657,29,59.596,60
895153,,,,,,,,,,,,,,,,,,,,,,570,,,,,,,
895195,,,,,,,,,,,,,,,,,,,,,,504,,,,,,,
895482,,,,,,,,,,,,,,,,,,,,,,533,,,,,,,
895491,,,,,,,,,,,,,,,,,,,,,,680,,,,,,,
895513,,,,,,,,,,,,,,,,,,,,,,443,,,,,,,
895863,,,,,,,,,,,,,,,,,,,,,,451,,,,,,,
895863,,,,,,,,,,,,,,,,,,,,,,369,,,,,,,
895882,,,,,,,,,,,,,,,,,,,,,,445,,,,,,,
895995,59700,61900,60700,59100,58500,70000,1.2e+06,1.2e+06,1.2e+06,1.2e+06,1.596e+06,1.596e+06,,,,,,,,,,,8.6526e+06,81.1881,86.8687,58.8235,29.2929,58.4158,58.1633
896023,,,,,,,,,,,,,,,,,,,,,,708,,,,,,,
896609,,,,,,,,,,,,,,,,,,,,,,681,,,,,,,
896735,,,,,,,,,,,,,,,,,,,,,,702,,,,,,,
896765,,,,,,,,,,,,,,,,,,,,,,571,,,,,,,
896832,,,,,,,,,,,,,,,,,,,,,,505,,,,,,,
896995,59700,61700,60700,58900,58500,70000,1.2e+06,1.2e+06,1.2e+06,1.2e+06,1.596e+06,1.596e+06,,,,,,,,,,,8.4584e+06,79.2079,87,64,36.6337,57.5758,56.5657
897104,,,,,,,,,,,,,,,,,,,,,,534,,,,,,,
897125,,,,,,,,,,,,,,,,,,,,,,709,,,,,,,
897512,,,,,,,,,,,,,,,,,,,,,,452,,,,,,,
897653,,,,,,,,,,,,,,,,,,,,,,444,,,,,,,
897995,59900,61500,61100,59100,58700,70000,1.2e+06,1.2e+06,1.2e+06,1.2e+06,1.596e+06,1.596e+06,,,,,,,,,,,9.2068e+06,81,88,58.4158,35.3535,56.5657,59.596
898021,,,,,,,,,,,,,,,,,,,,,,446,,,,,,,
898042,,,,,,,,,,,,,,,,,,,,,,370,,,,,,,
898179,,,,,,,,,,,,,,,,,,,,,,682,,,,,,,
898238,,,,,,,,,,,,,,,,,,,,,,710,,,,,,,
898293,,,,,,,,,,,,,,,,,,,,,,703,,,,,,,
898733,,,,,,,,,,,,,,,,,,,,,,535,,,,,,,
898940,,,,,,,,,,,,,,,,,,,,,,506,,,,,,,
898995,59900,62100,60900,58900,58500,70000,1.2e+06,1.2e+06,1.2e+06,1.2e+06,1.596e+06,1.596e+06,,,,,,,,,,,9.1428e+06,79.4118,88,64.3564,34.3434,64.6465,65
899292,,,,,,,,,,,,,,,,,,,,,,683,,,,,,,
899347,,,,,,,,,,,,,,,,,,,,,,711,,,,,,,
899404,,,,,,,,,,,,,,,,,,,,,,704,,,,,,,
899511,,,,,,,,,,,,,,,,,,,,,,573,,,,,,,
899648,,,,,,,,,,,,,,,,,,,,,,453,,,,,,,
899682,,,,,,,,,,,,,,,,,,,,,,447,,,,,,,
899795,,,,,,,,,,,,,,,,,,,,,,445,,,,,,,
899984,,,,,,,,,,,,,24.193,,,,,,,,,,,,,,,,
899995,59900,61900,60700,58700,58500,70000,1.2e+06,1.2e+06,1.2e+06,1.2e+06,1.596e+06,1.596e+06,,,,,,,,,,,9.3384e+06,80.198,85.8586,57,36,57,58.5859
900222,,,,,,,,,,,,,,,,,,,,,,371,,,,,,,
900363,,,,,,,,,,,,,,,,,,,,,,536,,,,,,,
900411,,,,,,,,,,,,,,,,,,,,,,684,,,,,,,
900515,,,,,,,,,,,,,,,,,,,,,,705,,,,,,,
900576,,,,,,,,,,,,,,,,,,,,,,507,,,,,,,
900900,,,,,,,,,,,,,,,,,,,,,,712,,,,,,,
900995,59900,61700,60700,58700,58500,70000,1.2e+06,1.2e+06,1.2e+06,1.2e+06,1.596e+06,1.596e+06,,,,,,,,,,,9.0478e+06,83.3333,85.7143,56.5657,32,59.596,59.596
901124,,,,,,,,,,,,,,,,,,,,,,574,,,,,,,
901306,,,,,,,,,,,,,,,,,,,,,,454,,,,,,,
901456,,,,,,,,,,,,,,,,,,,,,,446,,,,,,,
901820,,,,,,,,,,,,,,,,,,,,,,448,,,,,,,
901974,,,,,,,,,,,,,,,,,,,,,,685,,,,,,,
901987,,,,,,,,,,,,,,,,,,,,,,537,,,,,,,
901995,59900,62100,60700,58900,58500,70000,1.2e+06,1.2e+06,1.2e+06,1.2e+06,1.596e+06,1.596e+06,,,,,,,,,,,9.3868e+06,83.8384,85.1485,56,29,60.396,60.6061
902012,,,,,,,,,,,,,,,,,,,,,,713,,,,,,,
902073,,,,,,,,,,,,,,,,,,,,,,706,,,,,,,
902213,,,,,,,,,,,,,,,,,,,,,,508,,,,,,,
902443,,,,,,,,,,,,,,66.01,60.24,,,,,,,,,,,,,,
902736,,,,,,,,,,,,,,,,,,,,,,575,,,,,,,
902893,,,,,,,,,,,,,,,,,,,,,,372,,,,,,,
902995,59900,62100,60900,58900,58700,70000,1.2e+06,1.2e+06,1.2e+06,1.2e+06,1.596e+06,1.596e+06,,,,,,,,,,,8.7526e+06,81.1881,88.7755,61.3861,33.3333,59.596,59
903092,,,,,,,,,,,,,,,,,,,,,,686,,,,,,,
903121,,,,,,,,,,,,,,,,,,,,,,714,,,,,,,
903185,,,,,,,,,,,,,,,,,,,,,,707,,,,,,,
903442,,,,,,,,,,,,,,,,,,,,,,455,,,,,,,
903595,,,,,,,,,,,,,,,,,,,,,,447,,,,,,,
903615,,,,,,,,,,,,,,,,,,,,,,538,,,,,,,
903849,,,,,,,,,,,,,,,,,,,,,,509,,,,,,,
903960,,,,,,,,,,,,,,,,,,,,,,449,,,,,,,
903995,59700,61100,60900,58900,58500,70000,1.2e+06,1.2e+06,1.2e+06,1.2e+06,1.596e+06,1.596e+06,,,,,,,,,,,8.816e+06,80.3922,85.8586,62.3762,36.6337,55.5556,57.5758
904299,,,,,,,,,,,,,,,,,,,,,,708,,,,,,,
904348,,,,,,,,,,,,,,,,,,,,,,576,,,,,,,
904663,,,,,,,,,,,,,,,,,,,,,,687,,,,,,,
904671,,,,,,,,,,,,,,,,,,,,,,715,,,,,,,
904996,60100,62300,61100,59100,58500,70000,1.2e+06,1.2e+06,1.2e+06,1.2e+06,1.596e+06,1.596e+06,,,,,,,,,,,9.7236e+06,79,89,60,36.6337,59,60.6061
905072,,,,,,,,,,,,,,,,,,,,,,373,,,,,,,
905237,,,,,,,,,,,,,,,,,,,,,,539,,,,,,,
905579,,,,,,,,,,,,,,,,,,,,,,456,,,,,,,
905621,,,,,,,,,,,,,,,,,,,,,,450,,,,,,,
905743,,,,,,,,,,,,,,,,,,,,,,448,,,,,,,
905773,,,,,,,,,,,,,,,,,,,,,,688,,,,,,,
905781,,,,,,,,,,,,,,,,,,,,,,716,,,,,,,
905858,,,,,,,,,,,,,,,,,,,,,,709,,,,,,,
905957,,,,,,,,,,,,,,,,,,,,,,510,,,,,,,
905960,,,,,,,,,,,,,,,,,,,,,,577,,,,,,,
905995,59900,62300,60900,59100,58700,70000,1.2e+06,1.2e+06,1.2e+06,1.2e+06,1.596e+06,1.596e+06,,,,,,,,,,,8.9614e+06,80.198,85.8586,62.7451,35.3535,61.6162,64
906859,,,,,,,,,,,,,,,,,,,,,,540,,,,,,,
906891,,,,,,,,,,,,,,,,,,,,,,689,,,,,,,
906892,,,,,,,,,,,,,,,,,,,,,,717,,,,,,,
906969,,,,,,,,,,,,,,,,,,,,,,710,,,,,,,
906995,60100,62300,60900,59100,58700,70000,1.2e+06,1.2e+06,1.2e+06,1.2e+06,1.596e+06,1.596e+06,,,,,,,,,,,9.0918e+06,82.1782,85.7143,58,36.6337,59,60
907236,,,,,,,,,,,,,,,,,,,,,,457,,,,,,,
907394,,,,,,,,,,,,,,,,,,,,,,449,,,,,,,
907573,,,,,,,,,,,,,,,,,,,,,,578,,,,,,,
907594,,,,,,,,,,,,,,,,,,,,,,511,,,,,,,
907738,,,,,,,,,,,,,,,,,,,,,,374,,,,,,,
907760,,,,,,,,,,,,,,,,,,,,,,451,,,,,,,
907999,59900,62100,60700,59100,58700,70000,1.2e+06,1.2e+06,1.2e+06,1.2e+06,1.596e+06,1.596e+06,,,,,,,,,,,8.1852e+06,82.1782,85.1485,56,30,58.4158,57.5758
908081,,,,,,,,,,,,,,,,,,,,,,711,,,,,,,
908443,,,,,,,,,,,,,,,,,,,,,,718,,,,,,,
908457,,,,,,,,,,,,,,,,,,,,,,690,,,,,,,
908481,,,,,,,,,,,,,,,,,,,,,,541,,,,,,,
908996,59700,61500,60700,58900,58500,70000,1.2e+06,1.2e+06,1.2e+06,1.2e+06,1.596e+06,1.596e+06,,,,,,,,,,,8.3832e+06,84.1584,85.7143,57,27.551,59.1837,60.6061
909185,,,,,,,,,,,,,,,,,,,,,,579,,,,,,,
909231,,,,,,,,,,,,,,,,,,,,,,512,,,,,,,
909373,,,,,,,,,,,,,,,,,,,,,,458,,,,,,,
909533,,,,,,,,,,,,,,,,,,,,,,450,,,,,,,
909555,,,,,,,,,,,,,,,,,,,,,,719,,,,,,,
909577,,,,,,,,,,,,,,,,,,,,,,691,,,,,,,
909638,,,,,,,,,,,,,,,,,,,,,,712,,,,,,,
909899,,,,,,,,,,,,,,,,,,,,,,452,,,,,,,
909919,,,,,,,,,,,,,,,,,,,,,,375,,,,,,,
909995,59700,61700,61100,58900,58500,70000,1.2e+06,1.2e+06,1.2e+06,1.2e+06,1.596e+06,1.596e+06,,,,,,,,,,,8.6126e+06,80,88,61.3861,34.6535,59.596,58
910046,,,,,,,,,,,,,24.203,,,,,,,,,,,,,,,,
910319,,,,,,,,,,,,,,,,,,,,,,580,,,,,,,
910664,,,,,,,,,,,,,,,,,,,,,,720,,,,,,,
910751,,,,,,,,,,,,,,,,,,,,,,713,,,,,,,
910867,,,,,,,,,,,,,,,,,,,,,,513,,,,,,,
910995,59900,61100,60900,58900,58900,70000,1.2e+06,1.2e+06,1.2e+06,1.2e+06,1.596e+06,1.596e+06,,,,,,,,,,,8.5036e+06,80.3922,85.8586,60.6061,36.6337,55,58.5859
911140,,,,,,,,,,,,,,,,,,,,,,692,,,,,,,
911192,,,,,,,,,,,,,,,,,,,,,,451,,,,,,,
911725,,,,,,,,,,,,,,,,,,,,,,543,,,,,,,
911863,,,,,,,,,,,,,,,,,,,,,,714,,,,,,,
911932,,,,,,,,,,,,,,,,,,,,,,581,,,,,,,
911995,60300,62100,61100,59100,58900,70000,1.2e+06,1.2e+06,1.2e+06,1.2e+06,1.596e+06,1.596e+06,,,,,,,,,,,8.1568e+06,79.798,89.1089,61.3861,35.7143,61.2245,62.6263
912099,,,,,,,,,,,,,,,,,,,,,,376,,,,,,,
912217,,,,,,,,,,,,,,,,,,,,,,721,,,,,,,
912258,,,,,,,,,,,,,,,,,,,,,,693,,,,,,,
912591,,,,,,,,,,,,,,65.89,60.28,,,,,,,,,,,,,,
912976,,,,,,,,,,,,,,,,,,,,,,514,,,,,,,
912995,59900,61900,61100,59100,58500,70000,1.2e+06,1.2e+06,1.2e+06,1.2e+06,1.596e+06,1.596e+06,,,,,,,,,,,8.567e+06,79.4118,85.8586,60.6061,37.6238,62,62
913168,,,,,,,,,,,,,,,,,,,,,,460,,,,,,,
913326,,,,,,,,,,,,,,,,,,,,,,722,,,,,,,
913331,,,,,,,,,,,,,,,,,,,,,,452,,,,,,,
913348,,,,,,,,,,,,,,,,,,,,,,544,,,,,,,
913375,,,,,,,,,,,,,,,,,,,,,,694,,,,,,,
913420,,,,,,,,,,,,,,,,,,,,,,715,,,,,,,
913544,,,,,,,,,,,,,,,,,,,,,,582,,,,,,,
913699,,,,,,,,,,,,,,,,,,,,,,454,,,,,,,
913995,59900,62100,61100,59100,58500,70000,1.2e+06,1.2e+06,1.2e+06,1.2e+06,1.596e+06,1.596e+06,,,,,,,,,,,8.8798e+06,84.1584,86,58.8235,35.3535,60.396,60.6061
914439,,,,,,,,,,,,,,,,,,,,,,723,,,,,,,
914531,,,,,,,,,,,,,,,,,,,,,,716,,,,,,,
914612,,,,,,,,,,,,,,,,,,,,,,515,,,,,,,
914769,,,,,,,,,,,,,,,,,,,,,,377,,,,,,,
914944,,,,,,,,,,,,,,,,,,,,,,695,,,,,,,
914973,,,,,,,,,,,,,,,,,,,,,,545,,,,,,,
914995,59500,61700,60700,58900,58900,70000,1.2e+06,1.2e+06,1.2e+06,1.2e+06,1.596e+06,1.596e+06,,,,,,,,,,,9.3442e+06,81,84.8485,56.5657,29.703,58.1633,58
915156,,,,,,,,,,,,,,,,,,,,,,583,,,,,,,
915304,,,,,,,,,,,,,,,,,,,,,,461,,,,,,,
915473,,,,,,,,,,,,,,,,,,,,,,453,,,,,,,
915551,,,,,,,,,,,,,,,,,,,,,,724,,,,,,,
915642,,,,,,,,,,,,,,,,,,,,,,717,,,,,,,
915838,,,,,,,,,,,,,,,,,,,,,,455,,,,,,,
915995,59700,61300,61100,59100,58700,70000,1.2e+06,1.2e+06,1.2e+06,1.2e+06,1.596e+06,1.596e+06,,,,,,,,,,,8.7302e+06,81.5534,85.8586,56.3107,29,58.4158,59
916063,,,,,,,,,,,,,,,,,,,,,,696,,,,,,,
916250,,,,,,,,,,,,,,,,,,,,,,516,,,,,,,
916952,,,,,,,,,,,,,,,,,,,,,,378,,,,,,,
916962,,,,,,,,,,,,,,,,,,,,,,462,,,,,,,
916995,59900,62100,60900,58900,58500,70000,1.2e+06,1.2e+06,1.2e+06,1.2e+06,1.596e+06,1.596e+06,,,,,,,,,,,8.489e+06,80.198,88.8889,63.6364,35.3535,59,57.732
917080,,,,,,,,,,,,,,,,,,,,,,546,,,,,,,
917106,,,,,,,,,,,,,,,,,,,,,,725,,,,,,,
917201,,,,,,,,,,,,,,,,,,,,,,718,,,,,,,
917499,,,,,,,,,,,,,,,,,,,,,,456,,,,,,,
917619,,,,,,,,,,,,,,,,,,,,,,454,,,,,,,
917629,,,,,,,,,,,,,,,,,,,,,,697,,,,,,,
917886,,,,,,,,,,,,,,,,,,,,,,517,,,,,,,
917996,59900,61300,61100,58900,58300,70000,1.2e+06,1.2e+06,1.2e+06,1.2e+06,1.596e+06,1.596e+06,,,,,,,,,,,9.351e+06,80.8081,85,58,36.3636,56,58
918217,,,,,,,,,,,,,,,,,,,,,,726,,,,,,,
918312,,,,,,,,,,,,,,,,,,,,,,719,,,,,,,
918381,,,,,,,,,,,,,,,,,,,,,,585,,,,,,,
918707,,,,,,,,,,,,,,,,,,,,,,547,,,,,,,
918748,,,,,,,,,,,,,,,,,,,,,,698,,,,,,,
918995,59900,62100,60900,58900,58700,70000,1.2e+06,1.2e+06,1.2e+06,1.2e+06,1.596e+06,1.596e+06,,,,,,,,,,,9.0914e+06,80.198,89.7959,64,37,63.2653,64.6465
919098,,,,,,,,,,,,,,,,,,,,,,463,,,,,,,
919274,,,,,,,,,,,,,,,,,,,,,,455,,,,,,,
919326,,,,,,,,,,,,,,,,,,,,,,727,,,,,,,
919424,,,,,,,,,,,,,,,,,,,,,,720,,,,,,,
919621,,,,,,,,,,,,,,,,,,,,,,379,,,,,,,
919637,,,,,,,,,,,,,,,,,,,,,,457,,,,,,,
919867,,,,,,,,,,,,,,,,,,,,,,699,,,,,,,
919993,,,,,,,,,,,,,,,,,,,,,,586,,,,,,,
919995,59900,61300,61100,59100,58700,70000,1.2e+06,1.2e+06,1.2e+06,1.2e+06,1.596e+06,1.596e+06,,,,,,,,,,,8.6338e+06,79.2079,85.1485,58.4158,36,58.4158,59.596
919998,,,,,,,,,,,,,,,,,,,,,,518,,,,,,,
920112,,,,,,,,,,,,,24.203,,,,,,,,,,,,,,,,
920329,,,,,,,,,,,,,,,,,,,,,,548,,,,,,,
920877,,,,,,,,,,,,,,,,,,,,,,728,,,,,,,
920981,,,,,,,,,,,,,,,,,,,,,,721,,,,,,,
920995,59700,61300,60700,59100,58500,70000,1.2e+06,1.2e+06,1.2e+06,1.2e+06,1.596e+06,1.596e+06,,,,,,,,,,,8.333e+06,85,85.7143,58,33.3333,60.396,60.6061
921234,,,,,,,,,,,,,,,,,,,,,,464,,,,,,,
921412,,,,,,,,,,,,,,,,,,,,,,456,,,,,,,
921430,,,,,,,,,,,,,,,,,,,,,,700,,,,,,,
921611,,,,,,,,,,,,,,,,,,,,,,587,,,,,,,
921632,,,,,,,,,,,,,,,,,,,,,,519,,,,,,,
921777,,,,,,,,,,,,,,,,,,,,,,458,,,,,,,
921800,,,,,,,,,,,,,,,,,,,,,,380,,,,,,,
921951,,,,,,,,,,,,,,,,,,,,,,549,,,,,,,
921986,,,,,,,,,,,,,,,,,,,,,,729,,,,,,,
921995,59900,61500,61100,58900,58700,70000,1.2e+06,1.2e+06,1.2e+06,1.2e+06,1.596e+06,1.596e+06,,,,,,,,,,,8.2122e+06,83.1683,86,57.4257,28.4314,60.2041,60.6061
922093,,,,,,,,,,,,,,,,,,,,,,722,,,,,,,
922548,,,,,,,,,,,,,,,,,,,,,,701,,,,,,,
922720,,,,,,,,,,,,,,65.84,60.24,,,,,,,,,,,,,,
922740,,,,,,,,,,,,,,,,,,,,,,588,,,,,,,
922893,,,,,,,,,,,,,,,,,,,,,,465,,,,,,,
922996,59500,61700,61100,58900,58500,70000,1.2e+06,1.2e+06,1.2e+06,1.2e+06,1.596e+06,1.596e+06,,,,,,,,,,,9.197e+06,80,87,57.5758,32,59.4059,57.5758
923072,,,,,,,,,,,,,,,,,,,,,,457,,,,,,,
923099,,,,,,,,,,,,,,,,,,,,,,730,,,,,,,
923206,,,,,,,,,,,,,,,,,,,,,,723,,,,,,,
923269,,,,,,,,,,,,,,,,,,,,,,520,,,,,,,
923438,,,,,,,,,,,,,,,,,,,,,,459,,,,,,,
923573,,,,,,,,,,,,,,,,,,,,,,550,,,,,,,
923982,,,,,,,,,,,,,,,,,,,,,,381,,,,,,,
923995,59900,61700,61100,59100,58500,70000,1.2e+06,1.2e+06,1.2e+06,1.2e+06,1.596e+06,1.596e+06,,,,,,,,,,,8.5302e+06,80.198,86.8687,64,36.7347,57.5758,57.1429
924112,,,,,,,,,,,,,,,,,,,,,,702,,,,,,,
924352,,,,,,,,,,,,,,,,,,,,,,589,,,,,,,
924651,,,,,,,,,,,,,,,,,,,,,,731,,,,,,,
924764,,,,,,,,,,,,,,,,,,,,,,724,,,,,,,
924905,,,,,,,,,,,,,,,,,,,,,,521,,,,,,,
924995,59900,61300,61100,59100,58500,70000,1.2e+06,1.2e+06,1.2e+06,1.2e+06,1.596e+06,1.596e+06,,,,,,,,,,,8.7042e+06,81,86.8687,58.4158,34.3434,57.1429,59
925030,,,,,,,,,,,,,,,,,,,,,,466,,,,,,,
925195,,,,,,,,,,,,,,,,,,,,,,551,,,,,,,
925210,,,,,,,,,,,,,,,,,,,,,,458,,,,,,,
925229,,,,,,,,,,,,,,,,,,,,,,703,,,,,,,
925577,,,,,,,,,,,,,,,,,,,,,,460,,,,,,,
925760,,,,,,,,,,,,,,,,,,,,,,732,,,,,,,
925875,,,,,,,,,,,,,,,,,,,,,,725,,,,,,,
925964,,,,,,,,,,,,,,,,,,,,,,590,,,,,,,
925995,59900,61900,61100,59100,58900,70000,1.2e+06,1.2e+06,1.2e+06,1.2e+06,1.596e+06,1.596e+06,,,,,,,,,,,8.2888e+06,79.4118,88,64.3564,36,63.6364,65
926347,,,,,,,,,,,,,,,,,,,,,,704,,,,,,,
926648,,,,,,,,,,,,,,,,,,,,,,382,,,,,,,
926687,,,,,,,,,,,,,,,,,,,,,,467,,,,,,,
926816,,,,,,,,,,,,,,,,,,,,,,552,,,,,,,
926872,,,,,,,,,,,,,,,,,,,,,,733,,,,,,,
926987,,,,,,,,,,,,,,,,,,,,,,726,,,,,,,
926995,59900,61900,61100,58900,58900,70000,1.2e+06,1.2e+06,1.2e+06,1.2e+06,1.596e+06,1.596e+06,,,,,,,,,,,9.8086e+06,80.3922,85.7143,57.1429,35.7143,58.8235,58.5859
927014,,,,,,,,,,,,,,,,,,,,,,522,,,,,,,
927348,,,,,,,,,,,,,,,,,,,,,,459,,,,,,,
927716,,,,,,,,,,,,,,,,,,,,,,461,,,,,,,
927910,,,,,,,,,,,,,,,,,,,,,,705,,,,,,,
927995,59900,61500,61100,59100,58900,70000,1.2e+06,1.2e+06,1.2e+06,1.2e+06,1.596e+06,1.596e+06,,,,,,,,,,,8.7602e+06,83,85.1485,56.8627,32,59,59.596
928422,,,,,,,,,,,,,,,,,,,,,,734,,,,,,,
928438,,,,,,,,,,,,,,,,,,,,,,553,,,,,,,
928546,,,,,,,,,,,,,,,,,,,,,,727,,,,,,,
928650,,,,,,,,,,,,,,,,,,,,,,523,,,,,,,
928828,,,,,,,,,,,,,,,,,,,,,,383,,,,,,,
928995,59700,61700,61100,58900,58700,70000,1.2e+06,1.2e+06,1.2e+06,1.2e+06,1.596e+06,1.596e+06,,,,,,,,,,,8.8554e+06,84,85.8586,57,29,59.596,60.6061
929028,,,,,,,,,,,,,,,,,,,,,,706,,,,,,,
929189,,,,,,,,,,,,,,,,,,,,,,592,,,,,,,
929377,,,,,,,,,,,,,,,,,,,,,,462,,,,,,,
929536,,,,,,,,,,,,,,,,,,,,,,735,,,,,,,
929657,,,,,,,,,,,,,,,,,,,,,,728,,,,,,,
929995,59900,62100,60900,58900,58500,70000,1.2e+06,1.2e+06,1.2e+06,1.2e+06,1.596e+06,1.596e+06,,,,,,,,,,,9.114e+06,80.198,87.8788,59.596,30.6122,59.596,58.1633
930062,,,,,,,,,,,,,,,,,,,,,,554,,,,,,,
930175,,,,,,,,,,,,,24.203,,,,,,,,,,,,,,,,
930286,,,,,,,,,,,,,,,,,,,,,,524,,,,,,,
930596,,,,,,,,,,,,,,,,,,,,,,707,,,,,,,
930646,,,,,,,,,,,,,,,,,,,,,,736,,,,,,,
930768,,,,,,,,,,,,,,,,,,,,,,729,,,,,,,
930801,,,,,,,,,,,,,,,,,,,,,,593,,,,,,,
930959,,,,,,,,,,,,,,,,,,,,,,469,,,,,,,
930995,59500,61300,60700,58900,58300,70000,1.2e+06,1.2e+06,1.2e+06,1.2e+06,1.596e+06,1.596e+06,,,,,,,,,,,8.5248e+06,81.3725,86.7347,62.7451,36.2745,55.5556,58
931150,,,,,,,,,,,,,,,,,,,,,,461,,,,,,,
931499,,,,,,,,,,,,,,,,,,,,,,384,,,,,,,
931516,,,,,,,,,,,,,,,,,,,,,,463,,,,,,,
931688,,,,,,,,,,,,,,,,,,,,,,555,,,,,,,
931714,,,,,,,,,,,,,,,,,,,,,,708,,,,,,,
931923,,,,,,,,,,,,,,,,,,,,,,525,,,,,,,
931995,59900,61300,60900,59100,58300,70000,1.2e+06,1.2e+06,1.2e+06,1.2e+06,1.596e+06,1.596e+06,,,,,,,,,,,8.9088e+06,79,89,60.396,35,59.1837,60.2041
932203,,,,,,,,,,,,,,,,,,,,,,737,,,,,,,
932326,,,,,,,,,,,,,,,,,,,,,,730,,,,,,,
932414,,,,,,,,,,,,,,,,,,,,,,594,,,,,,,
932617,,,,,,,,,,,,,,,,,,,,,,470,,,,,,,
932852,,,,,,,,,,,,,,65.89,60.20,,,,,,,,,,,,,,
932995,59700,61300,60900,58900,58500,70000,1.2e+06,1.2e+06,1.2e+06,1.2e+06,1.596e+06,1.596e+06,,,,,,,,,,,8.7316e+06,80.3922,85.8586,62,36.6337,62.7451,66.3366
933292,,,,,,,,,,,,,,,,,,,,,,462,,,,,,,
933294,,,,,,,,,,,,,,,,,,,,,,709,,,,,,,
933308,,,,,,,,,,,,,,,,,,,,,,738,,,,,,,
933315,,,,,,,,,,,,,,,,,,,,,,556,,,,,,,
933438,,,,,,,,,,,,,,,,,,,,,,731,,,,,,,
933656,,,,,,,,,,,,,,,,,,,,,,464,,,,,,,
933679,,,,,,,,,,,,,,,,,,,,,,385,,,,,,,
933995,59900,62100,60900,58900,58500,70000,1.2e+06,1.2e+06,1.2e+06,1.2e+06,1.596e+06,1.596e+06,,,,,,,,,,,9.0366e+06,82.3529,84.8485,57.4257,35.3535,58.1633,59.596
934026,,,,,,,,,,,,,,,,,,,,,,595,,,,,,,
934031,,,,,,,,,,,,,,,,,,,,,,526,,,,,,,
934413,,,,,,,,,,,,,,,,,,,,,,710,,,,,,,
934427,,,,,,,,,,,,,,,,,,,,,,739,,,,,,,
934753,,,,,,,,,,,,,,,,,,,,,,471,,,,,,,
934937,,,,,,,,,,,,,,,,,,,,,,557,,,,,,,
934955,,,,,,,,,,,,,,,,,,,,,,463,,,,,,,
935007,59900,61900,61100,59100,58700,70000,1.2e+06,1.2e+06,1.2e+06,1.2e+06,1.596e+06,1.596e+06,,,,,,,,,,,9.2306e+06,81.1881,86.1386,56.8627,29,58.2524,58
935010,,,,,,,,,,,,,,,,,,,,,,732,,,,,,,
935160,,,,,,,,,,,,,,,,,,,,,,596,,,,,,,
935317,,,,,,,,,,,,,,,,,,,,,,465,,,,,,,
935857,,,,,,,,,,,,,,,,,,,,,,386,,,,,,,
935983,,,,,,,,,,,,,,,,,,,,,,711,,,,,,,
935986,,,,,,,,,,,,,,,,,,,,,,740,,,,,,,
935995,59900,62100,61100,59100,58700,70000,1.2e+06,1.2e+06,1.2e+06,1.2e+06,1.596e+06,1.596e+06,,,,,,,,,,,8.501e+06,83,85.567,56.1224,26.0417,58.7629,59.7938
936109,,,,,,,,,,,,,,,,,,,,,,733,,,,,,,
936410,,,,,,,,,,,,,,,,,,,,,,472,,,,,,,
936560,,,,,,,,,,,,,,,,,,,,,,558,,,,,,,
936772,,,,,,,,,,,,,,,,,,,,,,597,,,,,,,
936995,59700,62100,60900,58900,58700,70000,1.2e+06,1.2e+06,1.2e+06,1.2e+06,1.596e+06,1.596e+06,,,,,,,,,,,9.385e+06,81.1881,88.8889,62,34,59.596,58.5859
937093,,,,,,,,,,,,,,,,,,,,,,464,,,,,,,
937093,,,,,,,,,,,,,,,,,,,,,,712,,,,,,,
937100,,,,,,,,,,,,,,,,,,,,,,741,,,,,,,
937220,,,,,,,,,,,,,,,,,,,,,,734,,,,,,,
937303,,,,,,,,,,,,,,,,,,,,,,528,,,,,,,
937456,,,,,,,,,,,,,,,,,,,,,,466,,,,,,,
937995,59700,60900,61100,58900,58500,70000,1.2e+06,1.2e+06,1.2e+06,1.2e+06,1.596e+06,1.596e+06,,,,,,,,,,,9.1374e+06,80.198,86,60.396,34.6939,57.4257,58.5859
938186,,,,,,,,,,,,,,,,,,,,,,559,,,,,,,
938213,,,,,,,,,,,,,,,,,,,,,,742,,,,,,,
938213,,,,,,,,,,,,,,,,,,,,,,713,,,,,,,
938385,,,,,,,,,,,,,,,,,,,,,,598,,,,,,,
938526,,,,,,,,,,,,,,,,,,,,,,387,,,,,,,
938547,,,,,,,,,,,,,,,,,,,,,,473,,,,,,,
938778,,,,,,,,,,,,,,,,,,,,,,735,,,,,,,
938940,,,,,,,,,,,,,,,,,,,,,,529,,,,,,,
938996,59900,62300,60900,59100,58500,70000,1.2e+06,1.2e+06,1.2e+06,1.2e+06,1.596e+06,1.596e+06,,,,,,,,,,,8.779e+06,79.4118,88.8889,62.7451,35,61,62
939235,,,,,,,,,,,,,,,,,,,,,,465,,,,,,,
939595,,,,,,,,,,,,,,,,,,,,,,467,,,,,,,
939765,,,,,,,,,,,,,,,,,,,,,,743,,,,,,,
939777,,,,,,,,,,,,,,,,,,,,,,714,,,,,,,
939813,,,,,,,,,,,,,,,,,,,,,,560,,,,,,,
939889,,,,,,,,,,,,,,,,,,,,,,736,,,,,,,
939995,59900,62100,61100,59300,58700,70000,1.2e+06,1.2e+06,1.2e+06,1.2e+06,1.596e+06,1.596e+06,,,,,,,,,,,8.1918e+06,79.798,85,61,35,60,61.6162
939998,,,,,,,,,,,,,,,,,,,,,,599,,,,,,,
940239,,,,,,,,,,,,,24.214,,,,,,,,,,,,,,,,
940683,,,,,,,,,,,,,,,,,,,,,,474,,,,,,,
940705,,,,,,,,,,,,,,,,,,,,,,388,,,,,,,
940874,,,,,,,,,,,,,,,,,,,,,,744,,,,,,,
940895,,,,,,,,,,,,,,,,,,,,,,715,,,,,,,
940895,,,,,,,,,,,,,,,,,,,,,,466,,,,,,,
940995,59900,62300,61100,59300,58700,70000,1.2e+06,1.2e+06,1.2e+06,1.2e+06,1.596e+06,1.596e+06,,,,,,,,,,,8.339e+06,84.466,86,58,35.3535,60,60.6061
941000,,,,,,,,,,,,,,,,,,,,,,737,,,,,,,
941048,,,,,,,,,,,,,,,,,,,,,,530,,,,,,,
941256,,,,,,,,,,,,,,,,,,,,,,468,,,,,,,
941609,,,,,,,,,,,,,,,,,,,,,,600,,,,,,,
941918,,,,,,,,,,,,,,,,,,,,,,561,,,,,,,
941986,,,,,,,,,,,,,,,,,,,,,,745,,,,,,,
941995,60100,62100,61100,59100,58900,70000,1.2e+06,1.2e+06,1.2e+06,1.2e+06,1.596e+06,1.596e+06,,,,,,,,,,,9.1728e+06,81,85.7143,57,28.2828,57.5758,59
942342,,,,,,,,,,,,,,,,,,,,,,475,,,,,,,
942459,,,,,,,,,,,,,,,,,,,,,,716,,,,,,,
942560,,,,,,,,,,,,,,,,,,,,,,738,,,,,,,
942684,,,,,,,,,,,,,,,,,,,,,,531,,,,,,,
942987,,,,,,,,,,,,,,66.05,60.20,,,,,,,,,,,,,,
942995,59900,62100,61100,59100,58500,70000,1.2e+06,1.2e+06,1.2e+06,1.2e+06,1.596e+06,1.596e+06,,,,,,,,,,,8.7858e+06,81.1881,85,59,30.3922,58,58.5859
943037,,,,,,,,,,,,,,,,,,,,,,467,,,,,,,
943373,,,,,,,,,,,,,,,,,,,,,,389,,,,,,,
943395,,,,,,,,,,,,,,,,,,,,,,469,,,,,,,
943540,,,,,,,,,,,,,,,,,,,,,,746,,,,,,,
943541,,,,,,,,,,,,,,,,,,,,,,562,,,,,,,
943576,,,,,,,,,,,,,,,,,,,,,,717,,,,,,,
943671,,,,,,,,,,,,,,,,,,,,,,739,,,,,,,
943996,59900,61900,60900,58900,58700,70000,1.2e+06,1.2e+06,1.2e+06,1.2e+06,1.596e+06,1.596e+06,,,,,,,,,,,8.5578e+06,80.3922,89,64.2857,34,59.596,57.5758
944320,,,,,,,,,,,,,,,,,,,,,,532,,,,,,,
944480,,,,,,,,,,,,,,,,,,,,,,476,,,,,,,
944650,,,,,,,,,,,,,,,,,,,,,,747,,,,,,,
944693,,,,,,,,,,,,,,,,,,,,,,718,,,,,,,
944782,,,,,,,,,,,,,,,,,,,,,,740,,,,,,,
944834,,,,,,,,,,,,,,,,,,,,,,602,,,,,,,
944996,59700,61100,60900,58900,58500,70000,1.2e+06,1.2e+06,1.2e+06,1.2e+06,1.596e+06,1.596e+06,,,,,,,,,,,8.634e+06,80.8081,85.8586,58.8235,35.3535,56,58.5859
945163,,,,,,,,,,,,,,,,,,,,,,563,,,,,,,
945175,,,,,,,,,,,,,,,,,,,,,,468,,,,,,,
945534,,,,,,,,,,,,,,,,,,,,,,470,,,,,,,
945553,,,,,,,,,,,,,,,,,,,,,,390,,,,,,,
945762,,,,,,,,,,,,,,,,,,,,,,748,,,,,,,
945956,,,,,,,,,,,,,,,,,,,,,,533,,,,,,,
945996,59900,62300,61100,59300,58900,70000,1.2e+06,1.2e+06,1.2e+06,1.2e+06,1.596e+06,1.596e+06,,,,,,,,,,,9.159e+06,79.6117,88.8889,64,36.3636,63.6364,64
946340,,,,,,,,,,,,,,,,,,,,,,741,,,,,,,
946447,,,,,,,,,,,,,,,,,,,,,,603,,,,,,,
946615,,,,,,,,,,,,,,,,,,,,,,477,,,,,,,
946789,,,,,,,,,,,,,,,,,,,,,,564,,,,,,,
946870,,,,,,,,,,,,,,,,,,,,,,749,,,,,,,
946995,59900,62500,61100,59300,58700,70000,1.2e+06,1.2e+06,1.2e+06,1.2e+06,1.596e+06,1.596e+06,,,,,,,,,,,8.4266e+06,80,86.8687,59.4059,34.3434,58,60.2041
947196,,,,,,,,,,,,,,,,,,,,,,471,,,,,,,
947323,,,,,,,,,,,,,,,,,,,,,,469,,,,,,,
947375,,,,,,,,,,,,,,,,,,,,,,720,,,,,,,
947451,,,,,,,,,,,,,,,,,,,,,,742,,,,,,,
947581,,,,,,,,,,,,,,,,,,,,,,604,,,,,,,
947733,,,,,,,,,,,,,,,,,,,,,,391,,,,,,,
947995,59900,62100,60900,58900,58900,70000,1.2e+06,1.2e+06,1.2e+06,1.2e+06,1.596e+06,1.596e+06,,,,,,,,,,,8.0094e+06,83.1683,85,58.4158,34,60,60
948064,,,,,,,,,,,,,,,,,,,,,,534,,,,,,,
948273,,,,,,,,,,,,,,,,,,,,,,478,,,,,,,
948420,,,,,,,,,,,,,,,,,,,,,,750,,,,,,,
948563,,,,,,,,,,,,,,,,,,,,,,743,,,,,,,
948937,,,,,,,,,,,,,,,,,,,,,,721,,,,,,,
948976,,,,,,,,,,,,,,,,,,,,,,470,,,,,,,
948996,59700,62100,60900,59100,58500,70000,1.2e+06,1.2e+06,1.2e+06,1.2e+06,1.596e+06,1.596e+06,,,,,,,,,,,9.9898e+06,84,85.7143,57,27,60.2041,60.6061
949193,,,,,,,,,,,,,,,,,,,,,,605,,,,,,,
949335,,,,,,,,,,,,,,,,,,,,,,472,,,,,,,
949530,,,,,,,,,,,,,,,,,,,,,,751,,,,,,,
949702,,,,,,,,,,,,,,,,,,,,,,535,,,,,,,
949995,59700,61900,60900,58900,58500,70000,1.2e+06,1.2e+06,1.2e+06,1.2e+06,1.596e+06,1.596e+06,,,,,,,,,,,8.4974e+06,80.198,87,57.5758,28.5714,57,58.1633
950038,,,,,,,,,,,,,,,,,,,,,,566,,,,,,,
950059,,,,,,,,,,,,,,,,,,,,,,722,,,,,,,
950122,,,,,,,,,,,,,,,,,,,,,,744,,,,,,,
950302,,,,,,,,,,,,,24.214,,,,,,,,,,,,,,,,
950399,,,,,,,,,,,,,,,,,,,,,,392,,,,,,,
950409,,,,,,,,,,,,,,,,,,,,,,479,,,,,,,
950640,,,,,,,,,,,,,,,,,,,,,,752,,,,,,,
950805,,,,,,,,,,,,,,,,,,,,,,606,,,,,,,
950995,59900,62100,61100,58900,58700,70000,1.2e+06,1.2e+06,1.2e+06,1.2e+06,1.596e+06,1.596e+06,,,,,,,,,,,7.4582e+06,80,86.8687,64.7059,35.6436,57.5758,56.5657
951116,,,,,,,,,,,,,,,,,,,,,,471,,,,,,,
951178,,,,,,,,,,,,,,,,,,,,,,723,,,,,,,
951233,,,,,,,,,,,,,,,,,,,,,,745,,,,,,,
951339,,,,,,,,,,,,,,,,,,,,,,536,,,,,,,
951479,,,,,,,,,,,,,,,,,,,,,,473,,,,,,,
951665,,,,,,,,,,,,,,,,,,,,,,567,,,,,,,
951995,59900,61300,60900,59100,58300,70000,1.2e+06,1.2e+06,1.2e+06,1.2e+06,1.596e+06,1.596e+06,,,,,,,,,,,9.5222e+06,80.3922,87.8788,58.5859,36,58,60
952067,,,,,,,,,,,,,,,,,,,,,,480,,,,,,,
952190,,,,,,,,,,,,,,,,,,,,,,753,,,,,,,
952345,,,,,,,,,,,,,,,,,,,,,,746,,,,,,,
952417,,,,,,,,,,,,,,,,,,,,,,607,,,,,,,
952578,,,,,,,,,,,,,,,,,,,,,,393,,,,,,,
952741,,,,,,,,,,,,,,,,,,,,,,724,,,,,,,
952975,,,,,,,,,,,,,,,,,,,,,,537,,,,,,,
952995,59900,62100,61100,59100,58700,70000,1.2e+06,1.2e+06,1.2e+06,1.2e+06,1.596e+06,1.596e+06,,,,,,,,,,,9.5658e+06,79,87,63,34.6939,63.6364,65
953105,,,,,,,,,,,,,,65.93,60.16,,,,,,,,,,,,,,
953135,,,,,,,,,,,,,,,,,,,,,,474,,,,,,,
953259,,,,,,,,,,,,,,,,,,,,,,472,,,,,,,
953288,,,,,,,,,,,,,,,,,,,,,,568,,,,,,,
953302,,,,,,,,,,,,,,,,,,,,,,754,,,,,,,
953903,,,,,,,,,,,,,,,,,,,,,,747,,,,,,,
953995,59900,62100,61100,59100,58900,70000,1.2e+06,1.2e+06,1.2e+06,1.2e+06,1.596e+06,1.596e+06,,,,,,,,,,,7.9876e+06,80.5825,86,58.8235,36,59,59
954030,,,,,,,,,,,,,,,,,,,,,,608,,,,,,,
954203,,,,,,,,,,,,,,,,,,,,,,481,,,,,,,
954412,,,,,,,,,,,,,,,,,,,,,,755,,,,,,,
954611,,,,,,,,,,,,,,,,,,,,,,538,,,,,,,
954759,,,,,,,,,,,,,,,,,,,,,,394,,,,,,,
954909,,,,,,,,,,,,,,,,,,,,,,569,,,,,,,
954914,,,,,,,,,,,,,,,,,,,,,,473,,,,,,,
954995,59900,61700,61100,59100,58700,70000,1.2e+06,1.2e+06,1.2e+06,1.2e+06,1.596e+06,1.596e+06,,,,,,,,,,,8.6484e+06,83.1683,85.7143,57.4257,32.6733,60,59.596
955016,,,,,,,,,,,,,,,,,,,,,,748,,,,,,,
955274,,,,,,,,,,,,,,,,,,,,,,475,,,,,,,
955422,,,,,,,,,,,,,,,,,,,,,,726,,,,,,,
955643,,,,,,,,,,,,,,,,,,,,,,609,,,,,,,
955964,,,,,,,,,,,,,,,,,,,,,,756,,,,,,,
955995,59500,61700,61100,59100,58700,70000,1.2e+06,1.2e+06,1.2e+06,1.2e+06,1.596e+06,1.596e+06,,,,,,,,,,,9.0918e+06,83.1683,85.1485,56,26.5306,59.596,60.6061
956129,,,,,,,,,,,,,,,,,,,,,,749,,,,,,,
956339,,,,,,,,,,,,,,,,,,,,,,482,,,,,,,
956531,,,,,,,,,,,,,,,,,,,,,,570,,,,,,,
956539,,,,,,,,,,,,,,,,,,,,,,727,,,,,,,
956719,,,,,,,,,,,,,,,,,,,,,,539,,,,,,,
956995,59700,61700,61100,58900,58500,70000,1.2e+06,1.2e+06,1.2e+06,1.2e+06,1.596e+06,1.596e+06,,,,,,,,,,,8.6562e+06,80,88.7755,59.596,31,59.4059,58.1633
957054,,,,,,,,,,,,,,,,,,,,,,474,,,,,,,
957077,,,,,,,,,,,,,,,,,,,,,,757,,,,,,,
957255,,,,,,,,,,,,,,,,,,,,,,610,,,,,,,
957423,,,,,,,,,,,,,,,,,,,,,,476,,,,,,,
957426,,,,,,,,,,,,,,,,,,,,,,395,,,,,,,
957659,,,,,,,,,,,,,,,,,,,,,,728,,,,,,,
957688,,,,,,,,,,,,,,,,,,,,,,750,,,,,,,
957995,59900,61700,61100,58900,58700,70000,1.2e+06,1.2e+06,1.2e+06,1.2e+06,1.596e+06,1.596e+06,,,,,,,,,,,8.479e+06,81,85.8586,62.7451,35.3535,56.4356,58
957998,,,,,,,,,,,,,,,,,,,,,,483,,,,,,,
958164,,,,,,,,,,,,,,,,,,,,,,571,,,,,,,
958189,,,,,,,,,,,,,,,,,,,,,,758,,,,,,,
958355,,,,,,,,,,,,,,,,,,,,,,540,,,,,,,
958799,,,,,,,,,,,,,,,,,,,,,,751,,,,,,,
958868,,,,,,,,,,,,,,,,,,,,,,611,,,,,,,
958995,60100,61300,61100,59100,58700,70000,1.2e+06,1.2e+06,1.2e+06,1.2e+06,1.596e+06,1.596e+06,,,,,,,,,,,8.948e+06,79.4118,89,60,36,59.596,60.6061
959074,,,,,,,,,,,,,,,,,,,,,,477,,,,,,,
959203,,,,,,,,,,,,,,,,,,,,,,475,,,,,,,
959222,,,,,,,,,,,,,,,,,,,,,,729,,,,,,,
959740,,,,,,,,,,,,,,,,,,,,,,759,,,,,,,
959786,,,,,,,,,,,,,,,,,,,,,,572,,,,,,,
959910,,,,,,,,,,,,,,,,,,,,,,752,,,,,,,
959992,,,,,,,,,,,,,,,,,,,,,,541,,,,,,,
959995,59700,61500,60700,59100,58900,70000,1.2e+06,1.2e+06,1.2e+06,1.2e+06,1.596e+06,1.596e+06,,,,,,,,,,,8.8412e+06,80.3922,85.8586,62.6263,36.3636,63,63.6364
960002,,,,,,,,,,,,,,,,,,,,,,612,,,,,,,
960133,,,,,,,,,,,,,,,,,,,,,,484,,,,,,,
960340,,,,,,,,,,,,,,,,,,,,,,730,,,,,,,
960379,,,,,,,,,,,,,24.214,,,,,,,,,,,,,,,,
960851,,,,,,,,,,,,,,,,,,,,,,760,,,,,,,
960855,,,,,,,,,,,,,,,,,,,,,,476,,,,,,,
960996,60100,62100,61100,59100,58900,70000,1.2e+06,1.2e+06,1.2e+06,1.2e+06,1.596e+06,1.596e+06,,,,,,,,,,,8.394e+06,82.1782,85.7143,57.8431,35,58.5859,59
961214,,,,,,,,,,,,,,,,,,,,,,478,,,,,,,
961468,,,,,,,,,,,,,,,,,,,,,,753,,,,,,,
961614,,,,,,,,,,,,,,,,,,,,,,613,,,,,,,
961628,,,,,,,,,,,,,,,,,,,,,,542,,,,,,,
961791,,,,,,,,,,,,,,,,,,,,,,485,,,,,,,
961903,,,,,,,,,,,,,,,,,,,,,,573,,,,,,,
961904,,,,,,,,,,,,,,,,,,,,,,731,,,,,,,
961964,,,,,,,,,,,,,,,,,,,,,,761,,,,,,,
962003,59700,61500,61100,59100,58900,70000,1.2e+06,1.2e+06,1.2e+06,1.2e+06,1.596e+06,1.596e+06,,,,,,,,,,,9.4916e+06,81.1881,85.2941,56,29.2929,57.8431,58
962280,,,,,,,,,,,,,,,,,,,,,,397,,,,,,,
962579,,,,,,,,,,,,,,,,,,,,,,754,,,,,,,
962996,59900,61700,61100,59300,58700,70000,1.2e+06,1.2e+06,1.2e+06,1.2e+06,1.596e+06,1.596e+06,,,,,,,,,,,8.0208e+06,83.8384,85.567,56,29,59.7938,60.2041
963004,,,,,,,,,,,,,,,,,,,,,,477,,,,,,,
963024,,,,,,,,,,,,,,,,,,,,,,732,,,,,,,
963226,,,,,,,,,,,,,,,,,,,,,,614,,,,,,,
963241,,,,,,,,,,,,,,66.01,60.28,,,,,,,,,,,,,,
963353,,,,,,,,,,,,,,,,,,,,,,479,,,,,,,
963523,,,,,,,,,,,,,,,,,,,,,,762,,,,,,,
963525,,,,,,,,,,,,,,,,,,,,,,574,,,,,,,
963690,,,,,,,,,,,,,,,,,,,,,,755,,,,,,,
963738,,,,,,,,,,,,,,,,,,,,,,543,,,,,,,
963927,,,,,,,,,,,,,,,,,,,,,,486,,,,,,,
963996,59900,62100,61100,59100,58500,70000,1.2e+06,1.2e+06,1.2e+06,1.2e+06,1.596e+06,1.596e+06,,,,,,,,,,,9.5288e+06,80.198,88,62,37.6238,60,58.5859
964142,,,,,,,,,,,,,,,,,,,,,,733,,,,,,,
964465,,,,,,,,,,,,,,,,,,,,,,398,,,,,,,
964634,,,,,,,,,,,,,,,,,,,,,,763,,,,,,,
964839,,,,,,,,,,,,,,,,,,,,,,615,,,,,,,
964995,59700,61700,60900,59100,58500,70000,1.2e+06,1.2e+06,1.2e+06,1.2e+06,1.596e+06,1.596e+06,,,,,,,,,,,8.702e+06,81,86,59.8039,36.6337,56.5657,58
965014,,,,,,,,,,,,,,,,,,,,,,480,,,,,,,
965148,,,,,,,,,,,,,,,,,,,,,,478,,,,,,,
965152,,,,,,,,,,,,,,,,,,,,,,575,,,,,,,
965248,,,,,,,,,,,,,,,,,,,,,,756,,,,,,,
965374,,,,,,,,,,,,,,,,,,,,,,544,,,,,,,
965706,,,,,,,,,,,,,,,,,,,,,,734,,,,,,,
965745,,,,,,,,,,,,,,,,,,,,,,764,,,,,,,
965996,59900,61700,61100,59100,59100,70000,1.2e+06,1.2e+06,1.2e+06,1.2e+06,1.596e+06,1.596e+06,,,,,,,,,,,9.1568e+06,79.4118,89.7959,61.6162,36.3636,61.3861,62.6263
966064,,,,,,,,,,,,,,,,,,,,,,487,,,,,,,
966359,,,,,,,,,,,,,,,,,,,,,,757,,,,,,,
966451,,,,,,,,,,,,,,,,,,,,,,616,,,,,,,
966774,,,,,,,,,,,,,,,,,,,,,,576,,,,,,,
966808,,,,,,,,,,,,,,,,,,,,,,479,,,,,,,
966823,,,,,,,,,,,,,,,,,,,,,,735,,,,,,,
966995,59900,61700,61100,59300,58700,70000,1.2e+06,1.2e+06,1.2e+06,1.2e+06,1.596e+06,1.596e+06,,,,,,,,,,,8.8772e+06,80.198,85,60,35,60.6061,61.6162
967010,,,,,,,,,,,,,,,,,,,,,,545,,,,,,,
967135,,,,,,,,,,,,,,,,,,,,,,399,,,,,,,
967153,,,,,,,,,,,,,,,,,,,,,,481,,,,,,,
967471,,,,,,,,,,,,,,,,,,,,,,758,,,,,,,
967722,,,,,,,,,,,,,,,,,,,,,,488,,,,,,,
967995,59900,61300,61100,59100,58700,70000,1.2e+06,1.2e+06,1.2e+06,1.2e+06,1.596e+06,1.596e+06,,,,,,,,,,,8.3986e+06,84.1584,86,57.4257,36.3636,61,60.6061
968063,,,,,,,,,,,,,,,,,,,,,,617,,,,,,,
968386,,,,,,,,,,,,,,,,,,,,,,736,,,,,,,
968396,,,,,,,,,,,,,,,,,,,,,,577,,,,,,,
968406,,,,,,,,,,,,,,,,,,,,,,766,,,,,,,
968646,,,,,,,,,,,,,,,,,,,,,,546,,,,,,,
968814,,,,,,,,,,,,,,,,,,,,,,482,,,,,,,
968945,,,,,,,,,,,,,,,,,,,,,,480,,,,,,,
968995,59900,61900,61100,59100,58700,70000,1.2e+06,1.2e+06,1.2e+06,1.2e+06,1.596e+06,1.596e+06,,,,,,,,,,,9.4946e+06,82.1782,84.8485,57,28.2828,57.5758,58.1633
969029,,,,,,,,,,,,,,,,,,,,,,759,,,,,,,
969316,,,,,,,,,,,,,,,,,,,,,,400,,,,,,,
969505,,,,,,,,,,,,,,,,,,,,,,737,,,,,,,
969518,,,,,,,,,,,,,,,,,,,,,,767,,,,,,,
969676,,,,,,,,,,,,,,,,,,,,,,618,,,,,,,
969859,,,,,,,,,,,,,,,,,,,,,,489,,,,,,,
969995,59900,62100,61100,59100,58900,70000,1.2e+06,1.2e+06,1.2e+06,1.2e+06,1.596e+06,1.596e+06,,,,,,,,,,,9.767e+06,82,85.8586,56,28.7129,58.8235,59.4059
970018,,,,,,,,,,,,,,,,,,,,,,578,,,,,,,
970140,,,,,,,,,,,,,,,,,,,,,,760,,,,,,,
970448,,,,,,,,,,,,,24.225,,,,,,,,,,,,,,,,
970624,,,,,,,,,,,,,,,,,,,,,,738,,,,,,,
970755,,,,,,,,,,,,,,,,,,,,,,547,,,,,,,
970954,,,,,,,,,,,,,,,,,,,,,,483,,,,,,,
970995,59900,62100,61100,59300,58900,70000,1.2e+06,1.2e+06,1.2e+06,1.2e+06,1.596e+06,1.596e+06,,,,,,,,,,,9.0838e+06,80.198,89,63.3663,34.6939,60,58.1633
971083,,,,,,,,,,,,,,,,,,,,,,768,,,,,,,
971086,,,,,,,,,,,,,,,,,,,,,,481,,,,,,,
971251,,,,,,,,,,,,,,,,,,,,,,761,,,,,,,
971288,,,,,,,,,,,,,,,,,,,,,,619,,,,,,,
971497,,,,,,,,,,,,,,,,,,,,,,401,,,,,,,
971640,,,,,,,,,,,,,,,,,,,,,,579,,,,,,,
971994,,,,,,,,,,,,,,,,,,,,,,490,,,,,,,
971996,59900,61100,60900,58900,58700,70000,1.2e+06,1.2e+06,1.2e+06,1.2e+06,1.596e+06,1.596e+06,,,,,,,,,,,9.5738e+06,81,85.8586,58.4158,34.3434,56,58
972185,,,,,,,,,,,,,,,,,,,,,,769,,,,,,,
972188,,,,,,,,,,,,,,,,,,,,,,739,,,,,,,
972391,,,,,,,,,,,,,,,,,,,,,,548,,,,,,,
972422,,,,,,,,,,,,,,,,,,,,,,620,,,,,,,
972809,,,,,,,,,,,,,,,,,,,,,,762,,,,,,,
972995,60100,62500,61100,59300,58700,70000,1.2e+06,1.2e+06,1.2e+06,1.2e+06,1.596e+06,1.596e+06,,,,,,,,,,,8.2976e+06,80.198,89.7959,64,36.3636,63.2653,64.6465
973094,,,,,,,,,,,,,,,,,,,,,,484,,,,,,,
973271,,,,,,,,,,,,,,,,,,,,,,580,,,,,,,
973303,,,,,,,,,,,,,,,,,,,,,,770,,,,,,,
973309,,,,,,,,,,,,,,,,,,,,,,740,,,,,,,
973436,,,,,,,,,,,,,,65.93,60.36,,,,,,,,,,,,,,
973653,,,,,,,,,,,,,,,,,,,,,,491,,,,,,,
973922,,,,,,,,,,,,,,,,,,,,,,763,,,,,,,
973995,59900,62100,60900,58900,58500,70000,1.2e+06,1.2e+06,1.2e+06,1.2e+06,1.596e+06,1.596e+06,,,,,,,,,,,8.883e+06,80,85.1485,58,36,60.7843,60.396
974028,,,,,,,,,,,,,,,,,,,,,,549,,,,,,,
974034,,,,,,,,,,,,,,,,,,,,,,621,,,,,,,
974167,,,,,,,,,,,,,,,,,,,,,,402,,,,,,,
974412,,,,,,,,,,,,,,,,,,,,,,771,,,,,,,
974874,,,,,,,,,,,,,,,,,,,,,,741,,,,,,,
974892,,,,,,,,,,,,,,,,,,,,,,483,,,,,,,
974900,,,,,,,,,,,,,,,,,,,,,,581,,,,,,,
974995,60100,61900,61100,59300,58700,70000,1.2e+06,1.2e+06,1.2e+06,1.2e+06,1.596e+06,1.596e+06,,,,,,,,,,,9.5294e+06,83.4951,85.8586,58.4158,34.6535,59.596,60.6061
975036,,,,,,,,,,,,,,,,,,,,,,764,,,,,,,
975234,,,,,,,,,,,,,,,,,,,,,,485,,,,,,,
975665,,,,,,,,,,,,,,,,,,,,,,550,,,,,,,
975789,,,,,,,,,,,,,,,,,,,,,,492,,,,,,,
975963,,,,,,,,,,,,,,,,,,,,,,772,,,,,,,
975992,,,,,,,,,,,,,,,,,,,,,,742,,,,,,,
975995,60100,62600,61300,59300,58900,70000,1.2e+06,1.2e+06,1.2e+06,1.2e+06,1.596e+06,1.596e+06,,,,,,,,,,,8.4208e+06,83,84.8485,56.5657,26.8041,60.396,60.2041
976348,,,,,,,,,,,,,,,,,,,,,,403,,,,,,,
976522,,,,,,,,,,,,,,,,,,,,,,582,,,,,,,
976593,,,,,,,,,,,,,,,,,,,,,,765,,,,,,,
976895,,,,,,,,,,,,,,,,,,,,,,486,,,,,,,
976995,60100,62100,61100,59100,58900,70000,1.2e+06,1.2e+06,1.2e+06,1.2e+06,1.596e+06,1.596e+06,,,,,,,,,,,9.5898e+06,81,87.7551,58,29.2929,57.5758,58
977031,,,,,,,,,,,,,,,,,,,,,,484,,,,,,,
977075,,,,,,,,,,,,,,,,,,,,,,773,,,,,,,
977259,,,,,,,,,,,,,,,,,,,,,,623,,,,,,,
977447,,,,,,,,,,,,,,,,,,,,,,493,,,,,,,
977559,,,,,,,,,,,,,,,,,,,,,,743,,,,,,,
977709,,,,,,,,,,,,,,,,,,,,,,766,,,,,,,
977773,,,,,,,,,,,,,,,,,,,,,,551,,,,,,,
977995,60100,61700,61100,59100,58900,70000,1.2e+06,1.2e+06,1.2e+06,1.2e+06,1.596e+06,1.596e+06,,,,,,,,,,,9.5226e+06,79.2079,87,64.3564,36,58,57.1429
978144,,,,,,,,,,,,,,,,,,,,,,583,,,,,,,
978184,,,,,,,,,,,,,,,,,,,,,,774,,,,,,,
978672,,,,,,,,,,,,,,,,,,,,,,744,,,,,,,
978690,,,,,,,,,,,,,,,,,,,,,,485,,,,,,,
978822,,,,,,,,,,,,,,,,,,,,,,767,,,,,,,
978872,,,,,,,,,,,,,,,,,,,,,,624,,,,,,,
978995,60300,61300,61100,59300,58700,70000,1.2e+06,1.2e+06,1.2e+06,1.2e+06,1.596e+06,1.596e+06,,,,,,,,,,,9.5798e+06,80.3922,87,58,35.3535,56.5657,60
979014,,,,,,,,,,,,,,,,,,,,,,404,,,,,,,
979034,,,,,,,,,,,,,,,,,,,,,,487,,,,,,,
979409,,,,,,,,,,,,,,,,,,,,,,552,,,,,,,
979583,,,,,,,,,,,,,,,,,,,,,,494,,,,,,,
979734,,,,,,,,,,,,,,,,,,,,,,775,,,,,,,
979767,,,,,,,,,,,,,,,,,,,,,,584,,,,,,,
979791,,,,,,,,,,,,,,,,,,,,,,745,,,,,,,
979995,60100,62500,61100,59300,58900,70000,1.2e+06,1.2e+06,1.2e+06,1.2e+06,1.596e+06,1.596e+06,,,,,,,,,,,9.497e+06,80.198,87.7551,64.3564,36,64,64.6465
980379,,,,,,,,,,,,,,,,,,,,,,768,,,,,,,
980484,,,,,,,,,,,,,,,,,,,,,,625,,,,,,,
980513,,,,,,,,,,,,,24.225,,,,,,,,,,,,,,,,
980695,,,,,,,,,,,,,,,,,,,,,,488,,,,,,,
980831,,,,,,,,,,,,,,,,,,,,,,486,,,,,,,
980849,,,,,,,,,,,,,,,,,,,,,,776,,,,,,,
980995,60100,62500,61500,59100,58900,70000,1.2e+06,1.2e+06,1.2e+06,1.2e+06,1.596e+06,1.596e+06,,,,,,,,,,,9.3002e+06,80.198,85.2941,57,36.3636,56.5657,58
981045,,,,,,,,,,,,,,,,,,,,,,553,,,,,,,
981195,,,,,,,,,,,,,,,,,,,,,,405,,,,,,,
981491,,,,,,,,,,,,,,,,,,,,,,769,,,,,,,
981719,,,,,,,,,,,,,,,,,,,,,,495,,,,,,,
981880,,,,,,,,,,,,,,,,,,,,,,585,,,,,,,
981961,,,,,,,,,,,,,,,,,,,,,,777,,,,,,,
981995,60100,62500,61100,59100,58900,70000,1.2e+06,1.2e+06,1.2e+06,1.2e+06,1.596e+06,1.596e+06,,,,,,,,,,,8.8238e+06,83.1683,85.7143,57,33,60,59.596
982097,,,,,,,,,,,,,,,,,,,,,,626,,,,,,,
982475,,,,,,,,,,,,,,,,,,,,,,747,,,,,,,
982602,,,,,,,,,,,,,,,,,,,,,,770,,,,,,,
982682,,,,,,,,,,,,,,,,,,,,,,554,,,,,,,
982834,,,,,,,,,,,,,,,,,,,,,,489,,,,,,,
982972,,,,,,,,,,,,,,,,,,,,,,487,,,,,,,
982995,59900,62100,61100,59100,58700,70000,1.2e+06,1.2e+06,1.2e+06,1.2e+06,1.596e+06,1.596e+06,,,,,,,,,,,8.4522e+06,84.3137,85,56,28.2828,59,61.2245
983377,,,,,,,,,,,,,,,,,,,,,,496,,,,,,,
983380,,,,,,,,,,,,,,,,,,,,,,406,,,,,,,
983503,,,,,,,,,,,,,,,,,,,,,,586,,,,,,,
983514,,,,,,,,,,,,,,,,,,,,,,778,,,,,,,
983579,,,,,,,,,,,,,,65.93,60.20,,,,,,,,,,,,,,
983709,,,,,,,,,,,,,,,,,,,,,,627,,,,,,,
983995,59900,62500,61100,59100,58700,70000,1.2e+06,1.2e+06,1.2e+06,1.2e+06,1.596e+06,1.596e+06,,,,,,,,,,,9.1012e+06,80.8081,89,59.596,33,60.6061,58.5859
984040,,,,,,,,,,,,,,,,,,,,,,748,,,,,,,
984160,,,,,,,,,,,,,,,,,,,,,,771,,,,,,,
984623,,,,,,,,,,,,,,,,,,,,,,779,,,,,,,
984635,,,,,,,,,,,,,,,,,,,,,,488,,,,,,,
984791,,,,,,,,,,,,,,,,,,,,,,555,,,,,,,
984844,,,,,,,,,,,,,,,,,,,,,,628,,,,,,,
984973,,,,,,,,,,,,,,,,,,,,,,490,,,,,,,
984996,59900,61300,61100,58900,58700,70000,1.2e+06,1.2e+06,1.2e+06,1.2e+06,1.596e+06,1.596e+06,,,,,,,,,,,8.434e+06,80.3922,85.8586,62.3762,36.6337,56,57.5758
985125,,,,,,,,,,,,,,,,,,,,,,587,,,,,,,
985159,,,,,,,,,,,,,,,,,,,,,,749,,,,,,,
985271,,,,,,,,,,,,,,,,,,,,,,772,,,,,,,
985514,,,,,,,,,,,,,,,,,,,,,,497,,,,,,,
985735,,,,,,,,,,,,,,,,,,,,,,780,,,,,,,
985995,60100,61500,61300,59300,59100,70000,1.2e+06,1.2e+06,1.2e+06,1.2e+06,1.596e+06,1.596e+06,,,,,,,,,,,9.1484e+06,79.2079,89.7959,60.396,35.3535,59.596,61
986049,,,,,,,,,,,,,,,,,,,,,,407,,,,,,,
986383,,,,,,,,,,,,,,,,,,,,,,773,,,,,,,
986428,,,,,,,,,,,,,,,,,,,,,,556,,,,,,,
986456,,,,,,,,,,,,,,,,,,,,,,629,,,,,,,
986634,,,,,,,,,,,,,,,,,,,,,,491,,,,,,,
986752,,,,,,,,,,,,,,,,,,,,,,588,,,,,,,
986775,,,,,,,,,,,,,,,,,,,,,,489,,,,,,,
986995,59900,62100,61100,58900,58700,70000,1.2e+06,1.2e+06,1.2e+06,1.2e+06,1.596e+06,1.596e+06,,,,,,,,,,,9.6966e+06,79.798,86,62.6263,34.6939,61.6162,63.6364
987172,,,,,,,,,,,,,,,,,,,,,,498,,,,,,,
987286,,,,,,,,,,,,,,,,,,,,,,781,,,,,,,
987841,,,,,,,,,,,,,,,,,,,,,,751,,,,,,,
987940,,,,,,,,,,,,,,,,,,,,,,774,,,,,,,
987995,60300,62300,61100,59300,58700,70000,1.2e+06,1.2e+06,1.2e+06,1.2e+06,1.596e+06,1.596e+06,,,,,,,,,,,8.174e+06,82.5243,84.8485,57.8431,35.6436,58.4158,59.596
988064,,,,,,,,,,,,,,,,,,,,,,557,,,,,,,
988068,,,,,,,,,,,,,,,,,,,,,,630,,,,,,,
988229,,,,,,,,,,,,,,,,,,,,,,408,,,,,,,
988382,,,,,,,,,,,,,,,,,,,,,,589,,,,,,,
988396,,,,,,,,,,,,,,,,,,,,,,782,,,,,,,
988774,,,,,,,,,,,,,,,,,,,,,,492,,,,,,,
988916,,,,,,,,,,,,,,,,,,,,,,490,,,,,,,
988959,,,,,,,,,,,,,,,,,,,,,,752,,,,,,,
989003,59900,61700,61300,58900,58900,70000,1.2e+06,1.2e+06,1.2e+06,1.2e+06,1.596e+06,1.596e+06,,,,,,,,,,,8.3846e+06,81.1881,86,56.4356,30,58,58
989055,,,,,,,,,,,,,,,,,,,,,,775,,,,,,,
989309,,,,,,,,,,,,,,,,,,,,,,499,,,,,,,
989506,,,,,,,,,,,,,,,,,,,,,,783,,,,,,,
989680,,,,,,,,,,,,,,,,,,,,,,631,,,,,,,
989701,,,,,,,,,,,,,,,,,,,,,,558,,,,,,,
989995,59900,61700,61100,59100,58700,70000,1.2e+06,1.2e+06,1.2e+06,1.2e+06,1.596e+06,1.596e+06,,,,,,,,,,,9.5492e+06,83,85.7143,56.1224,26.8041,59.1837,60.2041
990004,,,,,,,,,,,,,,,,,,,,,,590,,,,,,,
990166,,,,,,,,,,,,,,,,,,,,,,776,,,,,,,
990522,,,,,,,,,,,,,,,,,,,,,,753,,,,,,,
990575,,,,,,,,,,,,,,,,,,,,,,491,,,,,,,
990578,,,,,,,,,,,,,24.214,,,,,,,,,,,,,,,,
990898,,,,,,,,,,,,,,,,,,,,,,409,,,,,,,
990912,,,,,,,,,,,,,,,,,,,,,,493,,,,,,,
990996,59900,61900,61100,59100,58700,70000,1.2e+06,1.2e+06,1.2e+06,1.2e+06,1.596e+06,1.596e+06,,,,,,,,,,,9.3586e+06,80.198,88,62.1359,35.9223,59,57.5758
991059,,,,,,,,,,,,,,,,,,,,,,784,,,,,,,
991444,,,,,,,,,,,,,,,,,,,,,,500,,,,,,,
991626,,,,,,,,,,,,,,,,,,,,,,591,,,,,,,
991639,,,,,,,,,,,,,,,,,,,,,,754,,,,,,,
991724,,,,,,,,,,,,,,,,,,,,,,777,,,,,,,
991809,,,,,,,,,,,,,,,,,,,,,,559,,,,,,,
991995,60100,61300,61100,58900,58500,70000,1.2e+06,1.2e+06,1.2e+06,1.2e+06,1.596e+06,1.596e+06,,,,,,,,,,,9.0912e+06,81,85.8586,60,36.3636,56.1224,58.5859
992167,,,,,,,,,,,,,,,,,,,,,,785,,,,,,,
992573,,,,,,,,,,,,,,,,,,,,,,494,,,,,,,
992714,,,,,,,,,,,,,,,,,,,,,,492,,,,,,,
992756,,,,,,,,,,,,,,,,,,,,,,755,,,,,,,
992835,,,,,,,,,,,,,,,,,,,,,,778,,,,,,,
992905,,,,,,,,,,,,,,,,,,,,,,633,,,,,,,
992995,60100,61300,61300,59300,58900,70000,1.2e+06,1.2e+06,1.2e+06,1.2e+06,1.596e+06,1.596e+06,,,,,,,,,,,8.8416e+06,79.6117,89,61.6162,36.3636,61,62
993079,,,,,,,,,,,,,,,,,,,,,,410,,,,,,,
993102,,,,,,,,,,,,,,,,,,,,,,501,,,,,,,
993248,,,,,,,,,,,,,,,,,,,,,,592,,,,,,,
993280,,,,,,,,,,,,,,,,,,,,,,786,,,,,,,
993445,,,,,,,,,,,,,,,,,,,,,,560,,,,,,,
993697,,,,,,,,,,,,,,66.09,60.28,,,,,,,,,,,,,,
993947,,,,,,,,,,,,,,,,,,,,,,779,,,,,,,
993995,59900,62100,61500,59300,58900,70000,1.2e+06,1.2e+06,1.2e+06,1.2e+06,1.596e+06,1.596e+06,,,,,,,,,,,9.6878e+06,80,85.7143,61,40,60.6061,61.6162
994320,,,,,,,,,,,,,,,,,,,,,,756,,,,,,,
994389,,,,,,,,,,,,,,,,,,,,,,787,,,,,,,
994517,,,,,,,,,,,,,,,,,,,,,,634,,,,,,,
994713,,,,,,,,,,,,,,,,,,,,,,495,,,,,,,
994851,,,,,,,,,,,,,,,,,,,,,,493,,,,,,,
994869,,,,,,,,,,,,,,,,,,,,,,593,,,,,,,
994995,59900,62300,61100,59300,59100,70000,1.2e+06,1.2e+06,1.2e+06,1.2e+06,1.596e+06,1.596e+06,,,,,,,,,,,8.5084e+06,84.3137,86.1386,57.5758,35.3535,61.3861,60.6061
995083,,,,,,,,,,,,,,,,,,,,,,561,,,,,,,
995238,,,,,,,,,,,,,,,,,,,,,,502,,,,,,,
995264,,,,,,,,,,,,,,,,,,,,,,411,,,,,,,
995438,,,,,,,,,,,,,,,,,,,,,,757,,,,,,,
995505,,,,,,,,,,,,,,,,,,,,,,780,,,,,,,
995943,,,,,,,,,,,,,,,,,,,,,,788,,,,,,,
995995,59900,61900,61100,59100,58700,70000,1.2e+06,1.2e+06,1.2e+06,1.2e+06,1.596e+06,1.596e+06,,,,,,,,,,,9.0678e+06,81.8182,84.8485,56,29,58,58.1633
996129,,,,,,,,,,,,,,,,,,,,,,635,,,,,,,
996495,,,,,,,,,,,,,,,,,,,,,,594,,,,,,,
996514,,,,,,,,,,,,,,,,,,,,,,494,,,,,,,
996616,,,,,,,,,,,,,,,,,,,,,,781,,,,,,,
996720,,,,,,,,,,,,,,,,,,,,,,562,,,,,,,
996853,,,,,,,,,,,,,,,,,,,,,,496,,,,,,,
996999,59700,61900,61100,59100,58700,70000,1.2e+06,1.2e+06,1.2e+06,1.2e+06,1.596e+06,1.596e+06,,,,,,,,,,,7.7782e+06,81.1881,85.8586,58.6538,28,57.5758,59
997002,,,,,,,,,,,,,,,,,,,,,,758,,,,,,,
997057,,,,,,,,,,,,,,,,,,,,,,789,,,,,,,
997263,,,,,,,,,,,,,,,,,,,,,,636,,,,,,,
997374,,,,,,,,,,,,,,,,,,,,,,503,,,,,,,
997727,,,,,,,,,,,,,,,,,,,,,,782,,,,,,,
997932,,,,,,,,,,,,,,,,,,,,,,412,,,,,,,
997995,60100,62100,61100,59100,58900,70000,1.2e+06,1.2e+06,1.2e+06,1.2e+06,1.596e+06,1.596e+06,,,,,,,,,,,8.5404e+06,80.5825,88,63.6364,35,59,57.5758
998117,,,,,,,,,,,,,,,,,,,,,,595,,,,,,,
998118,,,,,,,,,,,,,,,,,,,,,,759,,,,,,,
998166,,,,,,,,,,,,,,,,,,,,,,790,,,,,,,
998651,,,,,,,,,,,,,,,,,,,,,,495,,,,,,,
998828,,,,,,,,,,,,,,,,,,,,,,563,,,,,,,
998876,,,,,,,,,,,,,,,,,,,,,,637,,,,,,,
998995,60100,61500,61300,59300,58500,70000,1.2e+06,1.2e+06,1.2e+06,1.2e+06,1.596e+06,1.596e+06,,,,,,,,,,,9.1376e+06,80.8081,85.8586,58.8235,37.2549,56,58.5859
999032,,,,,,,,,,,,,,,,,,,,,,504,,,,,,,
999236,,,,,,,,,,,,,,,,,,,,,,760,,,,,,,
999287,,,,,,,,,,,,,,,,,,,,,,783,,,,,,,
999716,,,,,,,,,,,,,,,,,,,,,,791,,,,,,,
999741,,,,,,,,,,,,,,,,,,,,,,596,,,,,,,
999995,60100,61700,61300,59300,58900,70000,1.2e+06,1.2e+06,1.2e+06,1.2e+06,1.596e+06,1.596e+06,,,,,,,,,,,8.7782e+06,79.6117,89.7959,63,38,63.2653,65
1.00011e+06,,,,,,,,,,,,,,,,,,,,,,413,,,,,,,
1.0004e+06,,,,,,,,,,,,,,,,,,,,,,784,,,,,,,
1.00047e+06,,,,,,,,,,,,,,,,,,,,,,564,,,,,,,
1.00049e+06,,,,,,,,,,,,,,,,,,,,,,638,,,,,,,
1.00065e+06,,,,,,,,,,,,,24.203,,,,,,,,,,,,,,,,
1.00065e+06,,,,,,,,,,,,,,,,,,,,,,498,,,,,,,
1.00079e+06,,,,,,,,,,,,,,,,,,,,,,496,,,,,,,
1.0008e+06,,,,,,,,,,,,,,,,,,,,,,761,,,,,,,
1.00083e+06,,,,,,,,,,,,,,,,,,,,,,792,,,,,,,
1.001e+06,60100,61700,61300,58900,58700,70000,1.2e+06,1.2e+06,1.2e+06,1.2e+06,1.596e+06,1.596e+06,,,,,,,,,,,9.6598e+06,79.798,85.1485,58.4158,35.3535,58.4158,59.596
1.00117e+06,,,,,,,,,,,,,,,,,,,,,,505,,,,,,,
1.00137e+06,,,,,,,,,,,,,,,,,,,,,,597,,,,,,,
1.00192e+06,,,,,,,,,,,,,,,,,,,,,,762,,,,,,,
1.00194e+06,,,,,,,,,,,,,,,,,,,,,,793,,,,,,,
1.00196e+06,,,,,,,,,,,,,,,,,,,,,,785,,,,,,,
1.002e+06,60100,61500,61300,59100,58900,70000,1.2e+06,1.2e+06,1.2e+06,1.2e+06,1.596e+06,1.596e+06,,,,,,,,,,,8.9494e+06,83.3333,85.8586,59,33,60,60.6061
1.0021e+06,,,,,,,,,,,,,,,,,,,,,,639,,,,,,,
1.0021e+06,,,,,,,,,,,,,,,,,,,,,,565,,,,,,,
1.00245e+06,,,,,,,,,,,,,,,,,,,,,,497,,,,,,,
1.00278e+06,,,,,,,,,,,,,,,,,,,,,,414,,,,,,,
1.00279e+06,,,,,,,,,,,,,,,,,,,,,,499,,,,,,,
1.00283e+06,,,,,,,,,,,,,,,,,,,,,,506,,,,,,,
1.00299e+06,,,,,,,,,,,,,,,,,,,,,,598,,,,,,,
1.00299e+06,60300,61700,61100,59100,58900,70000,1.2e+06,1.2e+06,1.2e+06,1.2e+06,1.596e+06,1.596e+06,,,,,,,,,,,1.01038e+07,83.1683,84.8485,56.5657,29,59.596,60.2041
1.00307e+06,,,,,,,,,,,,,,,,,,,,,,786,,,,,,,
1.00348e+06,,,,,,,,,,,,,,,,,,,,,,763,,,,,,,
1.00349e+06,,,,,,,,,,,,,,,,,,,,,,794,,,,,,,
1.00371e+06,,,,,,,,,,,,,,,,,,,,,,640,,,,,,,
1.00374e+06,,,,,,,,,,,,,,,,,,,,,,566,,,,,,,
1.00381e+06,,,,,,,,,,,,,,65.84,60.12,,,,,,,,,,,,,,
1.004e+06,60100,62100,61300,59300,58900,70000,1.2e+06,1.2e+06,1.2e+06,1.2e+06,1.596e+06,1.596e+06,,,,,,,,,,,9.1262e+06,80.198,87.8788,61,31.6832,57.1429,58
1.00418e+06,,,,,,,,,,,,,,,,,,,,,,787,,,,,,,
1.00445e+06,,,,,,,,,,,,,,,,,,,,,,500,,,,,,,
1.00459e+06,,,,,,,,,,,,,,,,,,,,,,498,,,,,,,
1.0046e+06,,,,,,,,,,,,,,,,,,,,,,795,,,,,,,
1.0046e+06,,,,,,,,,,,,,,,,,,,,,,764,,,,,,,
1.00496e+06,,,,,,,,,,,,,,,,,,,,,,415,,,,,,,
1.00496e+06,,,,,,,,,,,,,,,,,,,,,,507,,,,,,,
1.005e+06,59900,62100,61100,59300,58700,70000,1.2e+06,1.2e+06,1.2e+06,1.2e+06,1.596e+06,1.596e+06,,,,,,,,,,,9.0968e+06,79.4118,86.8687,65.3465,35,57.4257,57
1.00532e+06,,,,,,,,,,,,,,,,,,,,,,641,,,,,,,
1.00571e+06,,,,,,,,,,,,,,,,,,,,,,796,,,,,,,
1.00572e+06,,,,,,,,,,,,,,,,,,,,,,765,,,,,,,
1.00574e+06,,,,,,,,,,,,,,,,,,,,,,788,,,,,,,
1.00585e+06,,,,,,,,,,,,,,,,,,,,,,567,,,,,,,
1.006e+06,60300,61700,61300,59300,58900,70000,1.2e+06,1.2e+06,1.2e+06,1.2e+06,1.596e+06,1.596e+06,,,,,,,,,,,9.9694e+06,81,87.8788,58,34.6939,57.5758,60
1.00659e+06,,,,,,,,,,,,,,,,,,,,,,501,,,,,,,
1.00672e+06,,,,,,,,,,,,,,,,,,,,,,600,,,,,,,
1.00673e+06,,,,,,,,,,,,,,,,,,,,,,499,,,,,,,
1.00685e+06,,,,,,,,,,,,,,,,,,,,,,789,,,,,,,
1.00694e+06,,,,,,,,,,,,,,,,,,,,,,642,,,,,,,
1.00699e+06,60300,62300,61500,59300,58900,70000,1.2e+06,1.2e+06,1.2e+06,1.2e+06,1.596e+06,1.596e+06,,,,,,,,,,,8.904e+06,79.2079,87.1287,64.3564,36.3636,64.3564,65.3061
1.0071e+06,,,,,,,,,,,,,,,,,,,,,,508,,,,,,,
1.00714e+06,,,,,,,,,,,,,,,,,,,,,,416,,,,,,,
1.00726e+06,,,,,,,,,,,,,,,,,,,,,,797,,,,,,,
1.00728e+06,,,,,,,,,,,,,,,,,,,,,,766,,,,,,,
1.00797e+06,,,,,,,,,,,,,,,,,,,,,,790,,,,,,,
1.008e+06,60100,62100,61300,59500,58900,70000,1.2e+06,1.2e+06,1.2e+06,1.2e+06,1.596e+06,1.596e+06,,,,,,,,,,,9.8474e+06,80.3922,85.7143,57,35.6436,56.5657,58
1.00834e+06,,,,,,,,,,,,,,,,,,,,,,601,,,,,,,
1.00837e+06,,,,,,,,,,,,,,,,,,,,,,798,,,,,,,
1.00839e+06,,,,,,,,,,,,,,,,,,,,,,500,,,,,,,
1.0084e+06,,,,,,,,,,,,,,,,,,,,,,767,,,,,,,
1.00855e+06,,,,,,,,,,,,,,,,,,,,,,643,,,,,,,
1.00873e+06,,,,,,,,,,,,,,,,,,,,,,502,,,,,,,
1.00876e+06,,,,,,,,,,,,,,,,,,,,,,509,,,,,,,
1.009e+06,60100,61900,61300,59300,59100,70000,1.2e+06,1.2e+06,1.2e+06,1.2e+06,1.596e+06,1.596e+06,,,,,,,,,,,9.453e+06,83.1683,85.8586,56.5657,31.3131,59,60
1.00912e+06,,,,,,,,,,,,,,,,,,,,,,569,,,,,,,
1.00948e+06,,,,,,,,,,,,,,,,,,,,,,799,,,,,,,
1.00952e+06,,,,,,,,,,,,,,,,,,,,,,791,,,,,,,
1.00968e+06,,,,,,,,,,,,,,,,,,,,,,644,,,,,,,
1.00981e+06,,,,,,,,,,,,,,,,,,,,,,417,,,,,,,
1.00996e+06,,,,,,,,,,,,,,,,,,,,,,768,,,,,,,
1.00997e+06,,,,,,,,,,,,,,,,,,,,,,602,,,,,,,
1.00999e+06,60300,61900,61100,59300,58900,70000,1.2e+06,1.2e+06,1.2e+06,1.2e+06,1.596e+06,1.596e+06,,,,,,,,,,,9.371e+06,83,85.1485,56.8627,28.2828,60,60.6061
1.01053e+06,,,,,,,,,,,,,,,,,,,,,,501,,,,,,,
1.01059e+06,,,,,,,,,,,,,,,,,,,,,,800,,,,,,,
1.01063e+06,,,,,,,,,,,,,,,,,,,,,,792,,,,,,,
1.01071e+06,,,,,,,,,,,,,24.203,,,,,,,,,,,,,,,,
1.01076e+06,,,,,,,,,,,,,,,,,,,,,,570,,,,,,,
1.01089e+06,,,,,,,,,,,,,,,,,,,,,,510,,,,,,,
1.011e+06,60300,62500,61300,59500,58900,70000,1.2e+06,1.2e+06,1.2e+06,1.2e+06,1.596e+06,1.596e+06,,,,,,,,,,,9.3604e+06,80.3922,88.7755,60,31.6832,59.1837,58.1633
1.01108e+06,,,,,,,,,,,,,,,,,,,,,,769,,,,,,,
1.0113e+06,,,,,,,,,,,,,,,,,,,,,,645,,,,,,,
1.01159e+06,,,,,,,,,,,,,,,,,,,,,,603,,,,,,,
1.01175e+06,,,,,,,,,,,,,,,,,,,,,,793,,,,,,,
1.01199e+06,,,,,,,,,,,,,,,,,,,,,,418,,,,,,,
1.012e+06,59900,61500,61100,59100,58700,70000,1.2e+06,1.2e+06,1.2e+06,1.2e+06,1.596e+06,1.596e+06,,,,,,,,,,,8.6682e+06,80.8081,85.8586,62,34.6939,55.5556,57.5758
1.01214e+06,,,,,,,,,,,,,,,,,,,,,,801,,,,,,,
1.0122e+06,,,,,,,,,,,,,,,,,,,,,,770,,,,,,,
1.01253e+06,,,,,,,,,,,,,,,,,,,,,,504,,,,,,,
1.01255e+06,,,,,,,,,,,,,,,,,,,,,,511,,,,,,,
1.01267e+06,,,,,,,,,,,,,,,,,,,,,,502,,,,,,,
1.01286e+06,,,,,,,,,,,,,,,,,,,,,,571,,,,,,,
1.01291e+06,,,,,,,,,,,,,,,,,,,,,,646,,,,,,,
1.01299e+06,60100,62100,61100,59300,58900,70000,1.2e+06,1.2e+06,1.2e+06,1.2e+06,1.596e+06,1.596e+06,,,,,,,,,,,1.01628e+07,79.6117,89,60.396,35.3535,59.4059,61
1.01322e+06,,,,,,,,,,,,,,,,,,,,,,604,,,,,,,
1.01325e+06,,,,,,,,,,,,,,,,,,,,,,802,,,,,,,
1.01331e+06,,,,,,,,,,,,,,,,,,,,,,794,,,,,,,
1.01376e+06,,,,,,,,,,,,,,,,,,,,,,771,,,,,,,
1.01393e+06,,,,,,,,,,,,,,65.89,60.08,,,,,,,,,,,,,,
1.014e+06,60300,62500,61500,59300,58900,70000,1.2e+06,1.2e+06,1.2e+06,1.2e+06,1.596e+06,1.596e+06,,,,,,,,,,,9.1082e+06,80,85.8586,62.3762,36.3636,64.3564,63.6364
1.01433e+06,,,,,,,,,,,,,,,,,,,,,,503,,,,,,,
1.01436e+06,,,,,,,,,,,,,,,,,,,,,,803,,,,,,,
1.01442e+06,,,,,,,,,,,,,,,,,,,,,,795,,,,,,,
1.0145e+06,,,,,,,,,,,,,,,,,,,,,,572,,,,,,,
1.01452e+06,,,,,,,,,,,,,,,,,,,,,,647,,,,,,,
1.01466e+06,,,,,,,,,,,,,,,,,,,,,,419,,,,,,,
1.01467e+06,,,,,,,,,,,,,,,,,,,,,,505,,,,,,,
1.01469e+06,,,,,,,,,,,,,,,,,,,,,,512,,,,,,,
1.01484e+06,,,,,,,,,,,,,,,,,,,,,,605,,,,,,,
1.01488e+06,,,,,,,,,,,,,,,,,,,,,,772,,,,,,,
1.015e+06,60300,62500,61500,59100,58900,70000,1.2e+06,1.2e+06,1.2e+06,1.2e+06,1.596e+06,1.596e+06,,,,,,,,,,,9.0514e+06,82,85,57.5758,35.6436,59.4059,59.596
1.01553e+06,,,,,,,,,,,,,,,,,,,,,,796,,,,,,,
1.01591e+06,,,,,,,,,,,,,,,,,,,,,,804,,,,,,,
1.016e+06,60300,62100,61300,59500,58900,70000,1.2e+06,1.2e+06,1.2e+06,1.2e+06,1.596e+06,1.596e+06,,,,,,,,,,,8.7862e+06,81.5534,86.1386,56.4356,30,57.5758,58
1.01613e+06,,,,,,,,,,,,,,,,,,,,,,648,,,,,,,
1.01614e+06,,,,,,,,,,,,,,,,,,,,,,573,,,,,,,
1.01644e+06,,,,,,,,,,,,,,,,,,,,,,773,,,,,,,
1.01646e+06,,,,,,,,,,,,,,,,,,,,,,606,,,,,,,
1.01647e+06,,,,,,,,,,,,,,,,,,,,,,504,,,,,,,
1.01682e+06,,,,,,,,,,,,,,,,,,,,,,513,,,,,,,
1.01684e+06,,,,,,,,,,,,,,,,,,,,,,420,,,,,,,
1.017e+06,59900,62500,61100,59500,58700,70000,1.2e+06,1.2e+06,1.2e+06,1.2e+06,1.596e+06,1.596e+06,,,,,,,,,,,8.738e+06,82.8283,85.567,57,26.5306,59.596,60.2041
1.01702e+06,,,,,,,,,,,,,,,,,,,,,,805,,,,,,,
1.01709e+06,,,,,,,,,,,,,,,,,,,,,,797,,,,,,,
1.01756e+06,,,,,,,,,,,,,,,,,,,,,,774,,,,,,,
1.01774e+06,,,,,,,,,,,,,,,,,,,,,,649,,,,,,,
1.01777e+06,,,,,,,,,,,,,,,,,,,,,,574,,,,,,,
1.018e+06,59900,62300,61500,59100,58900,70000,1.2e+06,1.2e+06,1.2e+06,1.2e+06,1.596e+06,1.596e+06,,,,,,,,,,,9.1938e+06,80.198,88,62.6263,32,58.5859,58.1633
1.01808e+06,,,,,,,,,,,,,,,,,,,,,,607,,,,,,,
1.01813e+06,,,,,,,,,,,,,,,,,,,,,,806,,,,,,,
1.0182e+06,,,,,,,,,,,,,,,,,,,,,,798,,,,,,,
1.01847e+06,,,,,,,,,,,,,,,,,,,,,,507,,,,,,,
1.01848e+06,,,,,,,,,,,,,,,,,,,,,,514,,,,,,,
1.01861e+06,,,,,,,,,,,,,,,,,,,,,,505,,,,,,,
1.01868e+06,,,,,,,,,,,,,,,,,,,,,,775,,,,,,,
1.019e+06,59900,61300,61100,59300,58700,70000,1.2e+06,1.2e+06,1.2e+06,1.2e+06,1.596e+06,1.596e+06,,,,,,,,,,,9.0626e+06,81.1881,85.8586,60,36,56.4356,58
1.01902e+06,,,,,,,,,,,,,,,,,,,,,,421,,,,,,,
1.01931e+06,,,,,,,,,,,,,,,,,,,,,,799,,,,,,,
1.01936e+06,,,,,,,,,,,,,,,,,,,,,,650,,,,,,,
1.01941e+06,,,,,,,,,,,,,,,,,,,,,,575,,,,,,,
1.01968e+06,,,,,,,,,,,,,,,,,,,,,,807,,,,,,,
1.01971e+06,,,,,,,,,,,,,,,,,,,,,,608,,,,,,,
1.02e+06,60300,62500,61300,59300,58900,70000,1.2e+06,1.2e+06,1.2e+06,1.2e+06,1.596e+06,1.596e+06,,,,,,,,,,,8.553e+06,80,89.7959,61.3861,36.6337,62,62.6263
1.02024e+06,,,,,,,,,,,,,,,,,,,,,,776,,,,,,,
1.02027e+06,,,,,,,,,,,,,,,,,,,,,,506,,,,,,,
1.02061e+06,,,,,,,,,,,,,,,,,,,,,,508,,,,,,,
1.02062e+06,,,,,,,,,,,,,,,,,,,,,,515,,,,,,,
1.02077e+06,,,,,,,,,,,,,24.225,,,,,,,,,,,,,,,,
1.0208e+06,,,,,,,,,,,,,,,,,,,,,,808,,,,,,,
1.02087e+06,,,,,,,,,,,,,,,,,,,,,,800,,,,,,,
1.02097e+06,,,,,,,,,,,,,,,,,,,,,,651,,,,,,,
1.02099e+06,60100,62500,61100,59300,59100,70000,1.2e+06,1.2e+06,1.2e+06,1.2e+06,1.596e+06,1.596e+06,,,,,,,,,,,9.4826e+06,79.4118,85.1485,61.3861,34.6939,59.596,61.6162
1.02133e+06,,,,,,,,,,,,,,,,,,,,,,609,,,,,,,
1.02136e+06,,,,,,,,,,,,,,,,,,,,,,777,,,,,,,
1.02152e+06,,,,,,,,,,,,,,,,,,,,,,576,,,,,,,
1.02168e+06,,,,,,,,,,,,,,,,,,,,,,422,,,,,,,
1.02191e+06,,,,,,,,,,,,,,,,,,,,,,809,,,,,,,
1.02198e+06,,,,,,,,,,,,,,,,,,,,,,801,,,,,,,
1.022e+06,60100,62500,61100,59300,58900,70000,1.2e+06,1.2e+06,1.2e+06,1.2e+06,1.596e+06,1.596e+06,,,,,,,,,,,8.7236e+06,83.1683,85.8586,57,35,60,60.6061
1.0221e+06,,,,,,,,,,,,,,,,,,,,,,652,,,,,,,
1.02227e+06,,,,,,,,,,,,,,,,,,,,,,509,,,,,,,
1.02227e+06,,,,,,,,,,,,,,,,,,,,,,516,,,,,,,
1.02241e+06,,,,,,,,,,,,,,,,,,,,,,507,,,,,,,
1.02293e+06,,,,,,,,,,,,,,,,,,,,,,778,,,,,,,
1.02296e+06,,,,,,,,,,,,,,,,,,,,,,610,,,,,,,
1.02299e+06,60100,62300,61100,59100,59100,70000,1.2e+06,1.2e+06,1.2e+06,1.2e+06,1.596e+06,1.596e+06,,,,,,,,,,,9.6224e+06,81.1881,86,56,27.551,57.5758,58.5859
1.0231e+06,,,,,,,,,,,,,,,,,,,,,,802,,,,,,,
1.02316e+06,,,,,,,,,,,,,,,,,,,,,,577,,,,,,,
1.02347e+06,,,,,,,,,,,,,,,,,,,,,,810,,,,,,,
1.02386e+06,,,,,,,,,,,,,,,,,,,,,,423,,,,,,,
1.024e+06,59900,62300,61100,59100,58900,70000,1.2e+06,1.2e+06,1.2e+06,1.2e+06,1.596e+06,1.596e+06,,,,,,,,,,,9.0994e+06,82.1782,85,57.4257,28.7129,58,59
1.02408e+06,,,,,,,,,,,,,,66.42,60.61,,,,,,,,,,,,,,
1.02441e+06,,,,,,,,,,,,,,,,,,,,,,517,,,,,,,
1.02441e+06,,,,,,,,,,,,,,,,,,,,,,510,,,,,,,
1.02455e+06,,,,,,,,,,,,,,,,,,,,,,508,,,,,,,
1.02458e+06,,,,,,,,,,,,,,,,,,,,,,611,,,,,,,
1.02458e+06,,,,,,,,,,,,,,,,,,,,,,811,,,,,,,
1.02465e+06,,,,,,,,,,,,,,,,,,,,,,803,,,,,,,
1.02479e+06,,,,,,,,,,,,,,,,,,,,,,578,,,,,,,
1.025e+06,59900,62100,61100,59100,58700,70000,1.2e+06,1.2e+06,1.2e+06,1.2e+06,1.596e+06,1.596e+06,,,,,,,,,,,8.7878e+06,81,88.8889,63.2653,35.3535,59,58.1633
1.02533e+06,,,,,,,,,,,,,,,,,,,,,,654,,,,,,,
1.02563e+06,,,,,,,,,,,,,,,,,,,,,,780,,,,,,,
1.02569e+06,,,,,,,,,,,,,,,,,,,,,,812,,,,,,,
1.02576e+06,,,,,,,,,,,,,,,,,,,,,,804,,,,,,,
1.026e+06,60300,61300,61500,59300,58900,70000,1.2e+06,1.2e+06,1.2e+06,1.2e+06,1.596e+06,1.596e+06,,,,,,,,,,,8.987e+06,80.198,85.8586,58,35,56.4356,58.4158
1.02604e+06,,,,,,,,,,,,,,,,,,,,,,424,,,,,,,
1.0262e+06,,,,,,,,,,,,,,,,,,,,,,612,,,,,,,
1.02621e+06,,,,,,,,,,,,,,,,,,,,,,509,,,,,,,
1.02643e+06,,,,,,,,,,,,,,,,,,,,,,579,,,,,,,
1.02655e+06,,,,,,,,,,,,,,,,,,,,,,518,,,,,,,
1.02655e+06,,,,,,,,,,,,,,,,,,,,,,511,,,,,,,
1.02675e+06,,,,,,,,,,,,,,,,,,,,,,781,,,,,,,
1.02688e+06,,,,,,,,,,,,,,,,,,,,,,805,,,,,,,
1.02694e+06,,,,,,,,,,,,,,,,,,,,,,655,,,,,,,
1.027e+06,60300,62500,61300,59500,59300,70000,1.2e+06,1.2e+06,1.2e+06,1.2e+06,1.596e+06,1.596e+06,,,,,,,,,,,8.807e+06,80.198,88.8889,63.7255,35.3535,63.2653,64.6465
1.02724e+06,,,,,,,,,,,,,,,,,,,,,,813,,,,,,,
1.02783e+06,,,,,,,,,,,,,,,,,,,,,,613,,,,,,,
1.028e+06,59900,62100,61100,59300,58900,70000,1.2e+06,1.2e+06,1.2e+06,1.2e+06,1.596e+06,1.596e+06,,,,,,,,,,,9.6558e+06,79.4118,86,58.5859,35.3535,57.5758,59.596
1.0282e+06,,,,,,,,,,,,,,,,,,,,,,519,,,,,,,
1.02821e+06,,,,,,,,,,,,,,,,,,,,,,512,,,,,,,
1.02832e+06,,,,,,,,,,,,,,,,,,,,,,782,,,,,,,
1.02835e+06,,,,,,,,,,,,,,,,,,,,,,814,,,,,,,
1.02835e+06,,,,,,,,,,,,,,,,,,,,,,510,,,,,,,
1.02843e+06,,,,,,,,,,,,,,,,,,,,,,806,,,,,,,
1.02854e+06,,,,,,,,,,,,,,,,,,,,,,580,,,,,,,
1.02855e+06,,,,,,,,,,,,,,,,,,,,,,656,,,,,,,
1.02871e+06,,,,,,,,,,,,,,,,,,,,,,425,,,,,,,
1.029e+06,59900,62100,61100,59100,58900,70000,1.2e+06,1.2e+06,1.2e+06,1.2e+06,1.596e+06,1.596e+06,,,,,,,,,,,1.02678e+07,83.1683,85.7143,57.4257,33.3333,60,59.596
1.02943e+06,,,,,,,,,,,,,,,,,,,,,,783,,,,,,,
1.02945e+06,,,,,,,,,,,,,,,,,,,,,,614,,,,,,,
1.02946e+06,,,,,,,,,,,,,,,,,,,,,,815,,,,,,,
1.02955e+06,,,,,,,,,,,,,,,,,,,,,,807,,,,,,,
1.02999e+06,59900,62100,61100,59100,59100,70000,1.2e+06,1.2e+06,1.2e+06,1.2e+06,1.596e+06,1.596e+06,,,,,,,,,,,9.1832e+06,84.1584,85,57,26.5306,60,60.6061
1.03016e+06,,,,,,,,,,,,,,,,,,,,,,657,,,,,,,
1.03017e+06,,,,,,,,,,,,,,,,,,,,,,581,,,,,,,
1.03034e+06,,,,,,,,,,,,,,,,,,,,,,520,,,,,,,
1.03035e+06,,,,,,,,,,,,,,,,,,,,,,513,,,,,,,
1.03049e+06,,,,,,,,,,,,,,,,,,,,,,511,,,,,,,
1.03055e+06,,,,,,,,,,,,,,,,,,,,,,784,,,,,,,
1.03057e+06,,,,,,,,,,,,,,,,,,,,,,816,,,,,,,
1.03066e+06,,,,,,,,,,,,,,,,,,,,,,808,,,,,,,
1.03085e+06,,,,,,,,,,,,,24.225,,,,,,,,,,,,,,,,
1.03089e+06,,,,,,,,,,,,,,,,,,,,,,426,,,,,,,
1.031e+06,59900,62500,61100,59300,58900,70000,1.2e+06,1.2e+06,1.2e+06,1.2e+06,1.596e+06,1.596e+06,,,,,,,,,,,8.5756e+06,80,87,58,30.6931,57.5758,58.5859
1.03156e+06,,,,,,,,,,,,,,,,,,,,,,615,,,,,,,
1.03178e+06,,,,,,,,,,,,,,,,,,,,,,658,,,,,,,
1.03181e+06,,,,,,,,,,,,,,,,,,,,,,582,,,,,,,
1.032e+06,60100,62500,61300,59100,58700,70000,1.2e+06,1.2e+06,1.2e+06,1.2e+06,1.596e+06,1.596e+06,,,,,,,,,,,9.646e+06,80,87.7551,64,35.3535,58,56.5657
1.03211e+06,,,,,,,,,,,,,,,,,,,,,,785,,,,,,,
1.03212e+06,,,,,,,,,,,,,,,,,,,,,,817,,,,,,,
1.03215e+06,,,,,,,,,,,,,,,,,,,,,,512,,,,,,,
1.03222e+06,,,,,,,,,,,,,,,,,,,,,,809,,,,,,,
1.03248e+06,,,,,,,,,,,,,,,,,,,,,,521,,,,,,,
1.03249e+06,,,,,,,,,,,,,,,,,,,,,,514,,,,,,,
1.033e+06,60100,61500,61300,59300,58900,70000,1.2e+06,1.2e+06,1.2e+06,1.2e+06,1.596e+06,1.596e+06,,,,,,,,,,,9.2262e+06,80.3922,87,57.4257,35.3535,57.5758,60
1.03318e+06,,,,,,,,,,,,,,,,,,,,,,616,,,,,,,
1.03323e+06,,,,,,,,,,,,,,,,,,,,,,786,,,,,,,
1.03323e+06,,,,,,,,,,,,,,,,,,,,,,818,,,,,,,
1.03333e+06,,,,,,,,,,,,,,,,,,,,,,810,,,,,,,
1.03339e+06,,,,,,,,,,,,,,,,,,,,,,659,,,,,,,
1.03345e+06,,,,,,,,,,,,,,,,,,,,,,583,,,,,,,
1.03356e+06,,,,,,,,,,,,,,,,,,,,,,427,,,,,,,
1.03399e+06,59900,62500,61100,59100,59100,70000,1.2e+06,1.2e+06,1.2e+06,1.2e+06,1.596e+06,1.596e+06,,,,,,,,,,,9.462e+06,80,88,64.3564,36,64,64.6465
1.03415e+06,,,,,,,,,,,,,,,,,,,,,,515,,,,,,,
1.03425e+06,,,,,,,,,,,,,,66.29,60.57,,,,,,,,,,,,,,
1.03429e+06,,,,,,,,,,,,,,,,,,,,,,513,,,,,,,
1.03435e+06,,,,,,,,,,,,,,,,,,,,,,819,,,,,,,
1.03444e+06,,,,,,,,,,,,,,,,,,,,,,811,,,,,,,
1.03452e+06,,,,,,,,,,,,,,,,,,,,,,660,,,,,,,
1.0348e+06,,,,,,,,,,,,,,,,,,,,,,787,,,,,,,
1.0348e+06,,,,,,,,,,,,,,,,,,,,,,617,,,,,,,
1.035e+06,60100,61700,61100,59300,58900,70000,1.2e+06,1.2e+06,1.2e+06,1.2e+06,1.596e+06,1.596e+06,,,,,,,,,,,8.6764e+06,80.3922,86.1386,60.6061,35.7143,58,59
1.03555e+06,,,,,,,,,,,,,,,,,,,,,,584,,,,,,,
1.03575e+06,,,,,,,,,,,,,,,,,,,,,,428,,,,,,,
1.0359e+06,,,,,,,,,,,,,,,,,,,,,,820,,,,,,,
1.03591e+06,,,,,,,,,,,,,,,,,,,,,,788,,,,,,,
1.03599e+06,60300,61700,61300,59300,59100,70000,1.2e+06,1.2e+06,1.2e+06,1.2e+06,1.596e+06,1.596e+06,,,,,,,,,,,9.3608e+06,83.1683,85.7143,56,33.6634,60.396,59.596
1.036e+06,,,,,,,,,,,,,,,,,,,,,,812,,,,,,,
1.03614e+06,,,,,,,,,,,,,,,,,,,,,,661,,,,,,,
1.03627e+06,,,,,,,,,,,,,,,,,,,,,,523,,,,,,,
1.03629e+06,,,,,,,,,,,,,,,,,,,,,,516,,,,,,,
1.03642e+06,,,,,,,,,,,,,,,,,,,,,,618,,,,,,,
1.03643e+06,,,,,,,,,,,,,,,,,,,,,,514,,,,,,,
1.03699e+06,60100,61700,61100,59500,59300,70000,1.2e+06,1.2e+06,1.2e+06,1.2e+06,1.596e+06,1.596e+06,,,,,,,,,,,9.5612e+06,83.1683,85,57.8431,29,59.596,61
1.03701e+06,,,,,,,,,,,,,,,,,,,,,,821,,,,,,,
1.03703e+06,,,,,,,,,,,,,,,,,,,,,,789,,,,,,,
1.03711e+06,,,,,,,,,,,,,,,,,,,,,,813,,,,,,,
1.03719e+06,,,,,,,,,,,,,,,,,,,,,,585,,,,,,,
1.03775e+06,,,,,,,,,,,,,,,,,,,,,,662,,,,,,,
1.03793e+06,,,,,,,,,,,,,,,,,,,,,,524,,,,,,,
1.038e+06,60100,62100,61100,59500,58900,70000,1.2e+06,1.2e+06,1.2e+06,1.2e+06,1.596e+06,1.596e+06,,,,,,,,,,,8.5528e+06,81.1881,88.8889,59,31.9588,59,58.1633
1.03804e+06,,,,,,,,,,,,,,,,,,,,,,619,,,,,,,
1.03809e+06,,,,,,,,,,,,,,,,,,,,,,515,,,,,,,
1.03812e+06,,,,,,,,,,,,,,,,,,,,,,822,,,,,,,
1.03822e+06,,,,,,,,,,,,,,,,,,,,,,814,,,,,,,
1.03842e+06,,,,,,,,,,,,,,,,,,,,,,429,,,,,,,
1.03843e+06,,,,,,,,,,,,,,,,,,,,,,517,,,,,,,
1.0386e+06,,,,,,,,,,,,,,,,,,,,,,790,,,,,,,
1.03883e+06,,,,,,,,,,,,,,,,,,,,,,586,,,,,,,
1.039e+06,60100,62100,61300,59100,58900,70000,1.2e+06,1.2e+06,1.2e+06,1.2e+06,1.596e+06,1.596e+06,,,,,,,,,,,9.6024e+06,81,85.8586,62,37,57,58.4158
1.03967e+06,,,,,,,,,,,,,,,,,,,,,,620,,,,,,,
1.03967e+06,,,,,,,,,,,,,,,,,,,,,,823,,,,,,,
1.03972e+06,,,,,,,,,,,,,,,,,,,,,,791,,,,,,,
1.03978e+06,,,,,,,,,,,,,,,,,,,,,,815,,,,,,,
1.04e+06,60300,61900,61500,59500,59100,70000,1.2e+06,1.2e+06,1.2e+06,1.2e+06,1.596e+06,1.596e+06,,,,,,,,,,,9.9086e+06,80.3922,89,60.396,36,59.4059,60.2041
1.04007e+06,,,,,,,,,,,,,,,,,,,,,,525,,,,,,,
1.04009e+06,,,,,,,,,,,,,,,,,,,,,,518,,,,,,,
1.04023e+06,,,,,,,,,,,,,,,,,,,,,,516,,,,,,,
1.04046e+06,,,,,,,,,,,,,,,,,,,,,,587,,,,,,,
1.0406e+06,,,,,,,,,,,,,,,,,,,,,,430,,,,,,,
1.04078e+06,,,,,,,,,,,,,,,,,,,,,,824,,,,,,,
1.04089e+06,,,,,,,,,,,,,,,,,,,,,,816,,,,,,,
1.04092e+06,,,,,,,,,,,,,24.214,,,,,,,,,,,,,,,,
1.04097e+06,,,,,,,,,,,,,,,,,,,,,,664,,,,,,,
1.04099e+06,59900,61700,61100,59500,59100,70000,1.2e+06,1.2e+06,1.2e+06,1.2e+06,1.596e+06,1.596e+06,,,,,,,,,,,9.3224e+06,79.2079,85.8586,62,37,62.6263,63.6364
1.04128e+06,,,,,,,,,,,,,,,,,,,,,,792,,,,,,,
1.04129e+06,,,,,,,,,,,,,,,,,,,,,,621,,,,,,,
1.04189e+06,,,,,,,,,,,,,,,,,,,,,,825,,,,,,,
1.042e+06,60300,62100,61300,59300,59100,70000,1.2e+06,1.2e+06,1.2e+06,1.2e+06,1.596e+06,1.596e+06,,,,,,,,,,,8.7232e+06,82.8283,84.8485,57.5758,36,58.1633,59
1.042e+06,,,,,,,,,,,,,,,,,,,,,,817,,,,,,,
1.0422e+06,,,,,,,,,,,,,,,,,,,,,,526,,,,,,,
1.04223e+06,,,,,,,,,,,,,,,,,,,,,,519,,,,,,,
1.04237e+06,,,,,,,,,,,,,,,,,,,,,,517,,,,,,,
1.0424e+06,,,,,,,,,,,,,,,,,,,,,,793,,,,,,,
1.04257e+06,,,,,,,,,,,,,,,,,,,,,,588,,,,,,,
1.04258e+06,,,,,,,,,,,,,,,,,,,,,,665,,,,,,,
1.04278e+06,,,,,,,,,,,,,,,,,,,,,,431,,,,,,,
1.04291e+06,,,,,,,,,,,,,,,,,,,,,,622,,,,,,,
1.043e+06,60100,61700,61500,59300,59100,70000,1.2e+06,1.2e+06,1.2e+06,1.2e+06,1.596e+06,1.596e+06,,,,,,,,,,,8.4456e+06,81.5534,86,56.4356,28.2828,58,58
1.04344e+06,,,,,,,,,,,,,,,,,,,,,,826,,,,,,,
1.04351e+06,,,,,,,,,,,,,,,,,,,,,,794,,,,,,,
1.04356e+06,,,,,,,,,,,,,,,,,,,,,,818,,,,,,,
1.04386e+06,,,,,,,,,,,,,,,,,,,,,,527,,,,,,,
1.044e+06,60100,61900,61300,59300,58900,70000,1.2e+06,1.2e+06,1.2e+06,1.2e+06,1.596e+06,1.596e+06,,,,,,,,,,,9.2152e+06,82.8283,85.7143,56.5657,28,58.5859,60.2041
1.04403e+06,,,,,,,,,,,,,,,,,,,,,,518,,,,,,,
1.0442e+06,,,,,,,,,,,,,,,,,,,,,,666,,,,,,,
1.04421e+06,,,,,,,,,,,,,,,,,,,,,,589,,,,,,,
1.04437e+06,,,,,,,,,,,,,,,,,,,,,,520,,,,,,,
1.04437e+06,,,,,,,,,,,,,,66.38,60.61,,,,,,,,,,,,,,
1.04453e+06,,,,,,,,,,,,,,,,,,,,,,623,,,,,,,
1.04455e+06,,,,,,,,,,,,,,,,,,,,,,827,,,,,,,
1.04467e+06,,,,,,,,,,,,,,,,,,,,,,819,,,,,,,
1.045e+06,60100,62100,61300,59300,58700,70000,1.2e+06,1.2e+06,1.2e+06,1.2e+06,1.596e+06,1.596e+06,,,,,,,,,,,8.9322e+06,80.5825,88,62.6263,37.3737,60,58.1633
1.04508e+06,,,,,,,,,,,,,,,,,,,,,,795,,,,,,,
1.04545e+06,,,,,,,,,,,,,,,,,,,,,,432,,,,,,,
1.04567e+06,,,,,,,,,,,,,,,,,,,,,,828,,,,,,,
1.04578e+06,,,,,,,,,,,,,,,,,,,,,,820,,,,,,,
1.04581e+06,,,,,,,,,,,,,,,,,,,,,,667,,,,,,,
1.04584e+06,,,,,,,,,,,,,,,,,,,,,,590,,,,,,,
1.046e+06,60300,62100,61500,59300,58900,70000,1.2e+06,1.2e+06,1.2e+06,1.2e+06,1.596e+06,1.596e+06,,,,,,,,,,,8.539e+06,80.8081,85.8586,60.7843,36,55,59
1.046e+06,,,,,,,,,,,,,,,,,,,,,,528,,,,,,,
1.04603e+06,,,,,,,,,,,,,,,,,,,,,,521,,,,,,,
1.04616e+06,,,,,,,,,,,,,,,,,,,,,,624,,,,,,,
1.04617e+06,,,,,,,,,,,,,,,,,,,,,,519,,,,,,,
1.04619e+06,,,,,,,,,,,,,,,,,,,,,,796,,,,,,,
1.04694e+06,,,,,,,,,,,,,,,,,,,,,,668,,,,,,,
1.047e+06,60300,62100,61500,59300,59100,70000,1.2e+06,1.2e+06,1.2e+06,1.2e+06,1.596e+06,1.596e+06,,,,,,,,,,,8.8122e+06,79.2079,89.899,61.3861,35.7143,62.3762,61.6162
1.04722e+06,,,,,,,,,,,,,,,,,,,,,,829,,,,,,,
1.04748e+06,,,,,,,,,,,,,,,,,,,,,,591,,,,,,,
1.04763e+06,,,,,,,,,,,,,,,,,,,,,,433,,,,,,,
1.04776e+06,,,,,,,,,,,,,,,,,,,,,,797,,,,,,,
1.04779e+06,,,,,,,,,,,,,,,,,,,,,,625,,,,,,,
1.048e+06,60100,62100,61100,59300,58700,70000,1.2e+06,1.2e+06,1.2e+06,1.2e+06,1.596e+06,1.596e+06,,,,,,,,,,,9.4804e+06,80.3922,84.8485,60,36.2745,60.6061,61.6162
1.04813e+06,,,,,,,,,,,,,,,,,,,,,,529,,,,,,,
1.04817e+06,,,,,,,,,,,,,,,,,,,,,,522,,,,,,,
1.04831e+06,,,,,,,,,,,,,,,,,,,,,,520,,,,,,,
1.04834e+06,,,,,,,,,,,,,,,,,,,,,,830,,,,,,,
1.04845e+06,,,,,,,,,,,,,,,,,,,,,,822,,,,,,,
1.04856e+06,,,,,,,,,,,,,,,,,,,,,,669,,,,,,,
1.04888e+06,,,,,,,,,,,,,,,,,,,,,,798,,,,,,,
1.04899e+06,60300,62500,61300,59300,58900,70000,1.2e+06,1.2e+06,1.2e+06,1.2e+06,1.596e+06,1.596e+06,,,,,,,,,,,9.0554e+06,83.3333,86.1386,57.5758,35,60,60.6061
1.04941e+06,,,,,,,,,,,,,,,,,,,,,,626,,,,,,,
1.04945e+06,,,,,,,,,,,,,,,,,,,,,,831,,,,,,,
1.04956e+06,,,,,,,,,,,,,,,,,,,,,,823,,,,,,,
1.04959e+06,,,,,,,,,,,,,,,,,,,,,,592,,,,,,,
1.04979e+06,,,,,,,,,,,,,,,,,,,,,,530,,,,,,,
1.04997e+06,,,,,,,,,,,,,,,,,,,,,,521,,,,,,,
1.04999e+06,,,,,,,,,,,,,,,,,,,,,,799,,,,,,,
1.04999e+06,60100,62300,61100,59300,58700,70000,1.2e+06,1.2e+06,1.2e+06,1.2e+06,1.596e+06,1.596e+06,,,,,,,,,,,8.2142e+06,81.8182,84.8485,56.4356,27.551,58,58.1633
1.05017e+06,,,,,,,,,,,,,,,,,,,,,,670,,,,,,,
1.0503e+06,,,,,,,,,,,,,,,,,,,,,,434,,,,,,,
1.05031e+06,,,,,,,,,,,,,,,,,,,,,,523,,,,,,,
1.05098e+06,,,,,,,,,,,,,24.225,,,,,,,,,,,,,,,,
1.051e+06,59900,62300,61100,59100,58700,70000,1.2e+06,1.2e+06,1.2e+06,1.2e+06,1.596e+06,1.596e+06,,,,,,,,,,,9.2586e+06,81.3725,85.8586,56.4356,31.3725,59.4059,59
1.051e+06,,,,,,,,,,,,,,,,,,,,,,832,,,,,,,
1.05104e+06,,,,,,,,,,,,,,,,,,,,,,627,,,,,,,
1.05112e+06,,,,,,,,,,,,,,,,,,,,,,824,,,,,,,
1.05123e+06,,,,,,,,,,,,,,,,,,,,,,593,,,,,,,
1.05178e+06,,,,,,,,,,,,,,,,,,,,,,671,,,,,,,
1.05193e+06,,,,,,,,,,,,,,,,,,,,,,531,,,,,,,
1.05197e+06,,,,,,,,,,,,,,,,,,,,,,524,,,,,,,
1.05199e+06,59900,61900,61100,59100,58900,70000,1.2e+06,1.2e+06,1.2e+06,1.2e+06,1.596e+06,1.596e+06,,,,,,,,,,,1.0018e+07,80,88.8889,63.6364,36.3636,58.5859,57.5758
1.05211e+06,,,,,,,,,,,,,,,,,,,,,,522,,,,,,,
1.05212e+06,,,,,,,,,,,,,,,,,,,,,,833,,,,,,,
1.05223e+06,,,,,,,,,,,,,,,,,,,,,,825,,,,,,,
1.05249e+06,,,,,,,,,,,,,,,,,,,,,,435,,,,,,,
1.05267e+06,,,,,,,,,,,,,,,,,,,,,,628,,,,,,,
1.05268e+06,,,,,,,,,,,,,,,,,,,,,,801,,,,,,,
1.05286e+06,,,,,,,,,,,,,,,,,,,,,,594,,,,,,,
1.053e+06,60100,61100,61100,59500,58900,70000,1.2e+06,1.2e+06,1.2e+06,1.2e+06,1.596e+06,1.596e+06,,,,,,,,,,,8.2788e+06,81.1881,85.8586,58.4158,33.3333,55.5556,59.4059
1.05323e+06,,,,,,,,,,,,,,,,,,,,,,834,,,,,,,
1.05334e+06,,,,,,,,,,,,,,,,,,,,,,826,,,,,,,
1.05339e+06,,,,,,,,,,,,,,,,,,,,,,672,,,,,,,
1.05359e+06,,,,,,,,,,,,,,,,,,,,,,532,,,,,,,
1.054e+06,60100,62600,61300,59300,59100,70000,1.2e+06,1.2e+06,1.2e+06,1.2e+06,1.596e+06,1.596e+06,,,,,,,,,,,9.016e+06,80,88.8889,63.3663,36,63.3663,64.2857
1.05411e+06,,,,,,,,,,,,,,,,,,,,,,525,,,,,,,
1.05424e+06,,,,,,,,,,,,,,,,,,,,,,802,,,,,,,
1.05425e+06,,,,,,,,,,,,,,,,,,,,,,523,,,,,,,
1.0545e+06,,,,,,,,,,,,,,,,,,,,,,595,,,,,,,
1.05451e+06,,,,,,,,,,,,,,66.17,60.32,,,,,,,,,,,,,,
1.05478e+06,,,,,,,,,,,,,,,,,,,,,,629,,,,,,,
1.05478e+06,,,,,,,,,,,,,,,,,,,,,,835,,,,,,,
1.0549e+06,,,,,,,,,,,,,,,,,,,,,,827,,,,,,,
1.05499e+06,60300,62500,61300,59300,59100,70000,1.2e+06,1.2e+06,1.2e+06,1.2e+06,1.596e+06,1.596e+06,,,,,,,,,,,9.1416e+06,79.2079,85.1485,60,39.3939,59,59.596
1.055e+06,,,,,,,,,,,,,,,,,,,,,,673,,,,,,,
1.05515e+06,,,,,,,,,,,,,,,,,,,,,,436,,,,,,,
1.05536e+06,,,,,,,,,,,,,,,,,,,,,,803,,,,,,,
1.05572e+06,,,,,,,,,,,,,,,,,,,,,,533,,,,,,,
1.05589e+06,,,,,,,,,,,,,,,,,,,,,,836,,,,,,,
1.05591e+06,,,,,,,,,,,,,,,,,,,,,,524,,,,,,,
1.056e+06,59900,62100,61100,59100,59100,70000,1.2e+06,1.2e+06,1.2e+06,1.2e+06,1.596e+06,1.596e+06,,,,,,,,,,,8.7532e+06,84.1584,85.7143,57.4257,34.6535,59.596,60.6061
1.05602e+06,,,,,,,,,,,,,,,,,,,,,,828,,,,,,,
1.05625e+06,,,,,,,,,,,,,,,,,,,,,,526,,,,,,,
1.0564e+06,,,,,,,,,,,,,,,,,,,,,,630,,,,,,,
1.05648e+06,,,,,,,,,,,,,,,,,,,,,,804,,,,,,,
1.05661e+06,,,,,,,,,,,,,,,,,,,,,,596,,,,,,,
1.05662e+06,,,,,,,,,,,,,,,,,,,,,,674,,,,,,,
1.05699e+06,60100,62500,61300,59300,58700,70000,1.2e+06,1.2e+06,1.2e+06,1.2e+06,1.596e+06,1.596e+06,,,,,,,,,,,9.3608e+06,83.1683,85.8586,57,26.2626,60.396,60.2041
1.05701e+06,,,,,,,,,,,,,,,,,,,,,,837,,,,,,,
1.05733e+06,,,,,,,,,,,,,,,,,,,,,,437,,,,,,,
1.05758e+06,,,,,,,,,,,,,,,,,,,,,,829,,,,,,,
1.05786e+06,,,,,,,,,,,,,,,,,,,,,,534,,,,,,,
1.05791e+06,,,,,,,,,,,,,,,,,,,,,,527,,,,,,,
1.058e+06,60100,62300,61500,59300,58700,70000,1.2e+06,1.2e+06,1.2e+06,1.2e+06,1.596e+06,1.596e+06,,,,,,,,,,,9.2408e+06,80.3922,87,58,28.2828,58.5859,58.5859
1.05803e+06,,,,,,,,,,,,,,,,,,,,,,631,,,,,,,
1.05804e+06,,,,,,,,,,,,,,,,,,,,,,805,,,,,,,
1.05805e+06,,,,,,,,,,,,,,,,,,,,,,525,,,,,,,
1.05823e+06,,,,,,,,,,,,,,,,,,,,,,675,,,,,,,
1.05825e+06,,,,,,,,,,,,,,,,,,,,,,597,,,,,,,
1.05856e+06,,,,,,,,,,,,,,,,,,,,,,838,,,,,,,
1.05869e+06,,,,,,,,,,,,,,,,,,,,,,830,,,,,,,
1.059e+06,59900,61300,61100,59300,58900,70000,1.2e+06,1.2e+06,1.2e+06,1.2e+06,1.596e+06,1.596e+06,,,,,,,,,,,9.3096e+06,80,86.8687,64,36.6337,57,57
1.05916e+06,,,,,,,,,,,,,,,,,,,,,,806,,,,,,,
1.05936e+06,,,,,,,,,,,,,,,,,,,,,,676,,,,,,,
1.05951e+06,,,,,,,,,,,,,,,,,,,,,,438,,,,,,,
1.05952e+06,,,,,,,,,,,,,,,,,,,,,,535,,,,,,,
1.05965e+06,,,,,,,,,,,,,,,,,,,,,,632,,,,,,,
1.05966e+06,,,,,,,,,,,,,,,,,,,,,,839,,,,,,,
1.0598e+06,,,,,,,,,,,,,,,,,,,,,,831,,,,,,,
1.05988e+06,,,,,,,,,,,,,,,,,,,,,,598,,,,,,,
1.06e+06,60300,61500,61300,59300,58700,70000,1.2e+06,1.2e+06,1.2e+06,1.2e+06,1.596e+06,1.596e+06,,,,,,,,,,,9.4576e+06,80.3922,86.8687,59.4059,35.3535,57.5758,59.596
1.06005e+06,,,,,,,,,,,,,,,,,,,,,,528,,,,,,,
1.06019e+06,,,,,,,,,,,,,,,,,,,,,,526,,,,,,,
1.06072e+06,,,,,,,,,,,,,,,,,,,,,,807,,,,,,,
1.06077e+06,,,,,,,,,,,,,,,,,,,,,,840,,,,,,,
1.06098e+06,,,,,,,,,,,,,,,,,,,,,,677,,,,,,,
1.06099e+06,60300,62500,61100,59300,59100,70000,1.2e+06,1.2e+06,1.2e+06,1.2e+06,1.596e+06,1.596e+06,,,,,,,,,,,9.5464e+06,80,88,65,35,64,64.6465
1.06105e+06,,,,,,,,,,,,,24.214,,,,,,,,,,,,,,,,
1.06127e+06,,,,,,,,,,,,,,,,,,,,,,633,,,,,,,
1.06136e+06,,,,,,,,,,,,,,,,,,,,,,832,,,,,,,
1.06152e+06,,,,,,,,,,,,,,,,,,,,,,599,,,,,,,
1.06165e+06,,,,,,,,,,,,,,,,,,,,,,536,,,,,,,
1.06185e+06,,,,,,,,,,,,,,,,,,,,,,527,,,,,,,
1.06188e+06,,,,,,,,,,,,,,,,,,,,,,841,,,,,,,
1.062e+06,60300,62600,61300,59300,59100,70000,1.2e+06,1.2e+06,1.2e+06,1.2e+06,1.596e+06,1.596e+06,,,,,,,,,,,9.099e+06,80,85.8586,57,35,58,58
1.06218e+06,,,,,,,,,,,,,,,,,,,,,,439,,,,,,,
1.06219e+06,,,,,,,,,,,,,,,,,,,,,,529,,,,,,,
1.06247e+06,,,,,,,,,,,,,,,,,,,,,,833,,,,,,,
1.06259e+06,,,,,,,,,,,,,,,,,,,,,,678,,,,,,,
1.0629e+06,,,,,,,,,,,,,,,,,,,,,,634,,,,,,,
1.06296e+06,,,,,,,,,,,,,,,,,,,,,,809,,,,,,,
1.063e+06,60300,62300,61500,59700,59100,70000,1.2e+06,1.2e+06,1.2e+06,1.2e+06,1.596e+06,1.596e+06,,,,,,,,,,,8.3786e+06,84.1584,85.1485,57.4257,31.6327,60,59.596
1.06331e+06,,,,,,,,,,,,,,,,,,,,,,537,,,,,,,
1.06343e+06,,,,,,,,,,,,,,,,,,,,,,842,,,,,,,
1.06358e+06,,,,,,,,,,,,,,,,,,,,,,834,,,,,,,
1.06363e+06,,,,,,,,,,,,,,,,,,,,,,600,,,,,,,
1.06385e+06,,,,,,,,,,,,,,,,,,,,,,530,,,,,,,
1.06399e+06,,,,,,,,,,,,,,,,,,,,,,528,,,,,,,
1.064e+06,60100,62100,61100,59100,58700,70000,1.2e+06,1.2e+06,1.2e+06,1.2e+06,1.596e+06,1.596e+06,,,,,,,,,,,9.1242e+06,83,85.8586,56.5657,27.2727,59,60.6061
1.0642e+06,,,,,,,,,,,,,,,,,,,,,,679,,,,,,,
1.06436e+06,,,,,,,,,,,,,,,,,,,,,,440,,,,,,,
1.06452e+06,,,,,,,,,,,,,,,,,,,,,,635,,,,,,,
1.06453e+06,,,,,,,,,,,,,,,,,,,,,,810,,,,,,,
1.06455e+06,,,,,,,,,,,,,,,,,,,,,,843,,,,,,,
1.06465e+06,,,,,,,,,,,,,,66.21,60.53,,,,,,,,,,,,,,
1.06499e+06,60100,62500,61100,59300,58900,70000,1.2e+06,1.2e+06,1.2e+06,1.2e+06,1.596e+06,1.596e+06,,,,,,,,,,,8.9474e+06,80.3922,88.8889,60,32.3529,61.6162,58.1633
1.06514e+06,,,,,,,,,,,,,,,,,,,,,,835,,,,,,,
1.06526e+06,,,,,,,,,,,,,,,,,,,,,,601,,,,,,,
1.06545e+06,,,,,,,,,,,,,,,,,,,,,,538,,,,,,,
1.06564e+06,,,,,,,,,,,,,,,,,,,,,,811,,,,,,,
1.06566e+06,,,,,,,,,,,,,,,,,,,,,,844,,,,,,,
1.06581e+06,,,,,,,,,,,,,,,,,,,,,,680,,,,,,,
1.06599e+06,,,,,,,,,,,,,,,,,,,,,,531,,,,,,,
1.066e+06,60100,61300,61300,59300,58900,70000,1.2e+06,1.2e+06,1.2e+06,1.2e+06,1.596e+06,1.596e+06,,,,,,,,,,,9.4078e+06,81,85.8586,61.7647,36,55.5556,58
1.06613e+06,,,,,,,,,,,,,,,,,,,,,,529,,,,,,,
1.06625e+06,,,,,,,,,,,,,,,,,,,,,,836,,,,,,,
1.06654e+06,,,,,,,,,,,,,,,,,,,,,,441,,,,,,,
1.0669e+06,,,,,,,,,,,,,,,,,,,,,,602,,,,,,,
1.06699e+06,60300,61700,61300,59500,58900,70000,1.2e+06,1.2e+06,1.2e+06,1.2e+06,1.596e+06,1.596e+06,,,,,,,,,,,8.7296e+06,79.2079,89,61,35,59.4059,61
1.06721e+06,,,,,,,,,,,,,,,,,,,,,,845,,,,,,,
1.06721e+06,,,,,,,,,,,,,,,,,,,,,,812,,,,,,,
1.06736e+06,,,,,,,,,,,,,,,,,,,,,,837,,,,,,,
1.06742e+06,,,,,,,,,,,,,,,,,,,,,,681,,,,,,,
1.06759e+06,,,,,,,,,,,,,,,,,,,,,,539,,,,,,,
1.06778e+06,,,,,,,,,,,,,,,,,,,,,,637,,,,,,,
1.068e+06,60100,62300,61100,59500,59100,70000,1.2e+06,1.2e+06,1.2e+06,1.2e+06,1.596e+06,1.596e+06,,,,,,,,,,,8.2106e+06,79.4118,85.7143,62,35.6436,61.2245,64
1.06813e+06,,,,,,,,,,,,,,,,,,,,,,532,,,,,,,
1.06827e+06,,,,,,,,,,,,,,,,,,,,,,530,,,,,,,
1.06832e+06,,,,,,,,,,,,,,,,,,,,,,846,,,,,,,
1.06833e+06,,,,,,,,,,,,,,,,,,,,,,813,,,,,,,
1.06853e+06,,,,,,,,,,,,,,,,,,,,,,603,,,,,,,
1.06899e+06,60500,62500,61500,59500,59300,70000,1.2e+06,1.2e+06,1.2e+06,1.2e+06,1.596e+06,1.596e+06,,,,,,,,,,,8.4108e+06,82.1782,85,57.5758,34.3434,60.396,59.1837
1.06904e+06,,,,,,,,,,,,,,,,,,,,,,682,,,,,,,
1.06921e+06,,,,,,,,,,,,,,,,,,,,,,442,,,,,,,
1.06925e+06,,,,,,,,,,,,,,,,,,,,,,540,,,,,,,
1.0694e+06,,,,,,,,,,,,,,,,,,,,,,638,,,,,,,
1.06943e+06,,,,,,,,,,,,,,,,,,,,,,847,,,,,,,
1.06944e+06,,,,,,,,,,,,,,,,,,,,,,814,,,,,,,
1.06979e+06,,,,,,,,,,,,,,,,,,,,,,533,,,,,,,
1.06993e+06,,,,,,,,,,,,,,,,,,,,,,531,,,,,,,
1.07e+06,60100,61700,61100,59300,58900,70000,1.2e+06,1.2e+06,1.2e+06,1.2e+06,1.596e+06,1.596e+06,,,,,,,,,,,8.9098e+06,81.3725,86,57.2816,29.2929,57.4257,58
1.07003e+06,,,,,,,,,,,,,,,,,,,,,,839,,,,,,,
1.07017e+06,,,,,,,,,,,,,,,,,,,,,,604,,,,,,,
1.07065e+06,,,,,,,,,,,,,,,,,,,,,,683,,,,,,,
1.07098e+06,,,,,,,,,,,,,,,,,,,,,,848,,,,,,,
1.071e+06,60100,61700,61100,59100,59100,70000,1.2e+06,1.2e+06,1.2e+06,1.2e+06,1.596e+06,1.596e+06,,,,,,,,,,,9.0772e+06,83,84.8485,57,27.551,59.1837,60.2041
1.07101e+06,,,,,,,,,,,,,,,,,,,,,,815,,,,,,,
1.07102e+06,,,,,,,,,,,,,,,,,,,,,,639,,,,,,,
1.07112e+06,,,,,,,,,,,,,24.235,,,,,,,,,,,,,,,,
1.07138e+06,,,,,,,,,,,,,,,,,,,,,,541,,,,,,,
1.07139e+06,,,,,,,,,,,,,,,,,,,,,,443,,,,,,,
1.07178e+06,,,,,,,,,,,,,,,,,,,,,,684,,,,,,,
1.07193e+06,,,,,,,,,,,,,,,,,,,,,,534,,,,,,,
1.072e+06,60300,62300,61300,59500,58900,70000,1.2e+06,1.2e+06,1.2e+06,1.2e+06,1.596e+06,1.596e+06,,,,,,,,,,,9.3128e+06,80.8081,88.7755,62.2449,33,60.396,58.5859
1.07207e+06,,,,,,,,,,,,,,,,,,,,,,532,,,,,,,
1.0721e+06,,,,,,,,,,,,,,,,,,,,,,849,,,,,,,
1.07212e+06,,,,,,,,,,,,,,,,,,,,,,816,,,,,,,
1.07228e+06,,,,,,,,,,,,,,,,,,,,,,605,,,,,,,
1.07265e+06,,,,,,,,,,,,,,,,,,,,,,640,,,,,,,
1.0727e+06,,,,,,,,,,,,,,,,,,,,,,841,,,,,,,
1.073e+06,59900,61700,61300,59500,59100,70000,1.2e+06,1.2e+06,1.2e+06,1.2e+06,1.596e+06,1.596e+06,,,,,,,,,,,9.4368e+06,80.5825,86,60.7843,34.3434,56,58
1.07321e+06,,,,,,,,,,,,,,,,,,,,,,850,,,,,,,
1.07339e+06,,,,,,,,,,,,,,,,,,,,,,685,,,,,,,
1.07352e+06,,,,,,,,,,,,,,,,,,,,,,542,,,,,,,
1.07369e+06,,,,,,,,,,,,,,,,,,,,,,817,,,,,,,
1.07373e+06,,,,,,,,,,,,,,,,,,,,,,533,,,,,,,
1.07382e+06,,,,,,,,,,,,,,,,,,,,,,842,,,,,,,
1.07392e+06,,,,,,,,,,,,,,,,,,,,,,606,,,,,,,
1.07399e+06,60300,61500,61500,59300,59100,70000,1.2e+06,1.2e+06,1.2e+06,1.2e+06,1.596e+06,1.596e+06,,,,,,,,,,,8.2166e+06,78.7879,89,62,35.7143,61,62.6263
1.07405e+06,,,,,,,,,,,,,,,,,,,,,,444,,,,,,,
1.07407e+06,,,,,,,,,,,,,,,,,,,,,,535,,,,,,,
1.07427e+06,,,,,,,,,,,,,,,,,,,,,,641,,,,,,,
1.07475e+06,,,,,,,,,,,,,,,,,,,,,,851,,,,,,,
1.07478e+06,,,,,,,,,,,,,,66.17,60.49,,,,,,,,,,,,,,
1.0748e+06,,,,,,,,,,,,,,,,,,,,,,818,,,,,,,
1.07493e+06,,,,,,,,,,,,,,,,,,,,,,843,,,,,,,
1.075e+06,60300,61900,61300,59300,59100,70000,1.2e+06,1.2e+06,1.2e+06,1.2e+06,1.596e+06,1.596e+06,,,,,,,,,,,9.4018e+06,80.198,85.7143,63.6364,35.3535,61,61.6162
1.07501e+06,,,,,,,,,,,,,,,,,,,,,,686,,,,,,,
1.07518e+06,,,,,,,,,,,,,,,,,,,,,,543,,,,,,,
1.07555e+06,,,,,,,,,,,,,,,,,,,,,,607,,,,,,,
1.07573e+06,,,,,,,,,,,,,,,,,,,,,,536,,,,,,,
1.07587e+06,,,,,,,,,,,,,,,,,,,,,,852,,,,,,,
1.07587e+06,,,,,,,,,,,,,,,,,,,,,,534,,,,,,,
1.07589e+06,,,,,,,,,,,,,,,,,,,,,,642,,,,,,,
1.07592e+06,,,,,,,,,,,,,,,,,,,,,,819,,,,,,,
1.07599e+06,60300,62100,61500,59500,59100,70000,1.2e+06,1.2e+06,1.2e+06,1.2e+06,1.596e+06,1.596e+06,,,,,,,,,,,8.6648e+06,84.1584,85.7143,58.8235,34.3434,61,60
1.07623e+06,,,,,,,,,,,,,,,,,,,,,,445,,,,,,,
1.07649e+06,,,,,,,,,,,,,,,,,,,,,,844,,,,,,,
1.07662e+06,,,,,,,,,,,,,,,,,,,,,,687,,,,,,,
1.07698e+06,,,,,,,,,,,,,,,,,,,,,,853,,,,,,,
1.077e+06,60300,62300,61500,59500,59300,70000,1.2e+06,1.2e+06,1.2e+06,1.2e+06,1.596e+06,1.596e+06,,,,,,,,,,,8.8196e+06,81,85.2941,57,28.7129,56.5657,58.1633
1.07719e+06,,,,,,,,,,,,,,,,,,,,,,608,,,,,,,
1.07731e+06,,,,,,,,,,,,,,,,,,,,,,544,,,,,,,
1.07749e+06,,,,,,,,,,,,,,,,,,,,,,820,,,,,,,
1.0776e+06,,,,,,,,,,,,,,,,,,,,,,845,,,,,,,
1.07787e+06,,,,,,,,,,,,,,,,,,,,,,537,,,,,,,
1.078e+06,60300,62100,61500,59700,59100,70000,1.2e+06,1.2e+06,1.2e+06,1.2e+06,1.596e+06,1.596e+06,,,,,,,,,,,8.3728e+06,81.5534,85.8586,56.4356,28.2828,58,59.596
1.078e+06,,,,,,,,,,,,,,,,,,,,,,643,,,,,,,
1.07801e+06,,,,,,,,,,,,,,,,,,,,,,535,,,,,,,
1.07809e+06,,,,,,,,,,,,,,,,,,,,,,854,,,,,,,
1.07823e+06,,,,,,,,,,,,,,,,,,,,,,688,,,,,,,
1.07841e+06,,,,,,,,,,,,,,,,,,,,,,446,,,,,,,
1.07861e+06,,,,,,,,,,,,,,,,,,,,,,821,,,,,,,
1.07871e+06,,,,,,,,,,,,,,,,,,,,,,846,,,,,,,
1.07897e+06,,,,,,,,,,,,,,,,,,,,,,545,,,,,,,
1.07899e+06,60300,62500,61500,59500,59100,70000,1.2e+06,1.2e+06,1.2e+06,1.2e+06,1.596e+06,1.596e+06,,,,,,,,,,,9.0598e+06,79.798,88.8889,64.3564,35,60,58
1.0793e+06,,,,,,,,,,,,,,,,,,,,,,609,,,,,,,
1.07962e+06,,,,,,,,,,,,,,,,,,,,,,644,,,,,,,
1.07964e+06,,,,,,,,,,,,,,,,,,,,,,855,,,,,,,
1.07967e+06,,,,,,,,,,,,,,,,,,,,,,536,,,,,,,
1.07984e+06,,,,,,,,,,,,,,,,,,,,,,689,,,,,,,
1.08e+06,60300,61700,61500,59700,59100,70000,1.2e+06,1.2e+06,1.2e+06,1.2e+06,1.596e+06,1.596e+06,,,,,,,,,,,9.117e+06,81.3725,85.8586,59,36.6337,55.5556,58.5859
1.08001e+06,,,,,,,,,,,,,,,,,,,,,,538,,,,,,,
1.08017e+06,,,,,,,,,,,,,,,,,,,,,,822,,,,,,,
1.08027e+06,,,,,,,,,,,,,,,,,,,,,,847,,,,,,,
1.08093e+06,,,,,,,,,,,,,,,,,,,,,,610,,,,,,,
1.081e+06,60500,62100,61500,59500,59300,70000,1.2e+06,1.2e+06,1.2e+06,1.2e+06,1.596e+06,1.596e+06,,,,,,,,,,,9.1338e+06,79,88.8889,63,34.0206,63.6364,64
1.08108e+06,,,,,,,,,,,,,,,,,,,,,,447,,,,,,,
1.0811e+06,,,,,,,,,,,,,,,,,,,,,,546,,,,,,,
1.08118e+06,,,,,,,,,,,,,24.235,,,,,,,,,,,,,,,,
1.08124e+06,,,,,,,,,,,,,,,,,,,,,,645,,,,,,,
1.08129e+06,,,,,,,,,,,,,,,,,,,,,,823,,,,,,,
1.08138e+06,,,,,,,,,,,,,,,,,,,,,,848,,,,,,,
1.08146e+06,,,,,,,,,,,,,,,,,,,,,,690,,,,,,,
1.08167e+06,,,,,,,,,,,,,,,,,,,,,,539,,,,,,,
1.08181e+06,,,,,,,,,,,,,,,,,,,,,,537,,,,,,,
1.08186e+06,,,,,,,,,,,,,,,,,,,,,,857,,,,,,,
1.082e+06,60100,62100,61500,59300,59100,70000,1.2e+06,1.2e+06,1.2e+06,1.2e+06,1.596e+06,1.596e+06,,,,,,,,,,,9.479e+06,80,85.8586,59,37.2549,59.4059,59.596
1.08241e+06,,,,,,,,,,,,,,,,,,,,,,824,,,,,,,
1.08249e+06,,,,,,,,,,,,,,,,,,,,,,849,,,,,,,
1.08257e+06,,,,,,,,,,,,,,,,,,,,,,611,,,,,,,
1.08287e+06,,,,,,,,,,,,,,,,,,,,,,646,,,,,,,
1.083e+06,60300,61700,61100,59300,59100,70000,1.2e+06,1.2e+06,1.2e+06,1.2e+06,1.596e+06,1.596e+06,,,,,,,,,,,8.6572e+06,84.3137,85.8586,58.2524,33.6634,61,60.6061
1.08307e+06,,,,,,,,,,,,,,,,,,,,,,691,,,,,,,
1.08324e+06,,,,,,,,,,,,,,,,,,,,,,547,,,,,,,
1.08326e+06,,,,,,,,,,,,,,,,,,,,,,448,,,,,,,
1.08341e+06,,,,,,,,,,,,,,,,,,,,,,858,,,,,,,
1.08381e+06,,,,,,,,,,,,,,,,,,,,,,540,,,,,,,
1.08395e+06,,,,,,,,,,,,,,,,,,,,,,538,,,,,,,
1.08397e+06,,,,,,,,,,,,,,,,,,,,,,825,,,,,,,
1.084e+06,60500,61900,61300,59100,58900,70000,1.2e+06,1.2e+06,1.2e+06,1.2e+06,1.596e+06,1.596e+06,,,,,,,,,,,9.3352e+06,83,85,56,27.551,59,60.2041
1.08405e+06,,,,,,,,,,,,,,,,,,,,,,850,,,,,,,
1.0842e+06,,,,,,,,,,,,,,,,,,,,,,692,,,,,,,
1.08421e+06,,,,,,,,,,,,,,,,,,,,,,612,,,,,,,
1.08449e+06,,,,,,,,,,,,,,,,,,,,,,647,,,,,,,
1.08452e+06,,,,,,,,,,,,,,,,,,,,,,859,,,,,,,
1.0849e+06,,,,,,,,,,,,,,,,,,,,,,548,,,,,,,
1.08492e+06,,,,,,,,,,,,,,66.13,60.32,,,,,,,,,,,,,,
1.085e+06,60100,62600,61300,59300,58900,70000,1.2e+06,1.2e+06,1.2e+06,1.2e+06,1.596e+06,1.596e+06,,,,,,,,,,,9.4398e+06,80.3922,88,57.5758,34,58.1633,59
1.08516e+06,,,,,,,,,,,,,,,,,,,,,,851,,,,,,,
1.08563e+06,,,,,,,,,,,,,,,,,,,,,,860,,,,,,,
1.08582e+06,,,,,,,,,,,,,,,,,,,,,,693,,,,,,,
1.08594e+06,,,,,,,,,,,,,,,,,,,,,,449,,,,,,,
1.08595e+06,,,,,,,,,,,,,,,,,,,,,,541,,,,,,,
1.08599e+06,60100,62100,61500,59300,58900,70000,1.2e+06,1.2e+06,1.2e+06,1.2e+06,1.596e+06,1.596e+06,,,,,,,,,,,9.9548e+06,79.798,86.8687,64.7059,37.6238,57,57
1.08612e+06,,,,,,,,,,,,,,,,,,,,,,648,,,,,,,
1.08627e+06,,,,,,,,,,,,,,,,,,,,,,852,,,,,,,
1.08631e+06,,,,,,,,,,,,,,,,,,,,,,613,,,,,,,
1.08666e+06,,,,,,,,,,,,,,,,,,,,,,827,,,,,,,
1.087e+06,60300,61900,61500,59500,58900,70000,1.2e+06,1.2e+06,1.2e+06,1.2e+06,1.596e+06,1.596e+06,,,,,,,,,,,9.234e+06,81.1881,86.8687,57.5758,34.3434,57.5758,59.596
1.08704e+06,,,,,,,,,,,,,,,,,,,,,,549,,,,,,,
1.08718e+06,,,,,,,,,,,,,,,,,,,,,,861,,,,,,,
1.08761e+06,,,,,,,,,,,,,,,,,,,,,,542,,,,,,,
1.08774e+06,,,,,,,,,,,,,,,,,,,,,,649,,,,,,,
1.08776e+06,,,,,,,,,,,,,,,,,,,,,,540,,,,,,,
1.08777e+06,,,,,,,,,,,,,,,,,,,,,,828,,,,,,,
1.08783e+06,,,,,,,,,,,,,,,,,,,,,,853,,,,,,,
1.08795e+06,,,,,,,,,,,,,,,,,,,,,,614,,,,,,,
1.08799e+06,60500,62600,61300,59300,59100,70000,1.2e+06,1.2e+06,1.2e+06,1.2e+06,1.596e+06,1.596e+06,,,,,,,,,,,8.7178e+06,80.198,88.1188,64,35.6436,64,64.6465
1.08812e+06,,,,,,,,,,,,,,,,,,,,,,450,,,,,,,
1.08829e+06,,,,,,,,,,,,,,,,,,,,,,862,,,,,,,
1.08894e+06,,,,,,,,,,,,,,,,,,,,,,854,,,,,,,
1.089e+06,60300,62500,61500,59300,59300,70000,1.2e+06,1.2e+06,1.2e+06,1.2e+06,1.596e+06,1.596e+06,,,,,,,,,,,8.5168e+06,80,85.8586,57.8431,35.7143,57,58.1633
1.08904e+06,,,,,,,,,,,,,,,,,,,,,,695,,,,,,,
1.08918e+06,,,,,,,,,,,,,,,,,,,,,,550,,,,,,,
1.08934e+06,,,,,,,,,,,,,,,,,,,,,,829,,,,,,,
1.08937e+06,,,,,,,,,,,,,,,,,,,,,,650,,,,,,,
1.0894e+06,,,,,,,,,,,,,,,,,,,,,,863,,,,,,,
1.08959e+06,,,,,,,,,,,,,,,,,,,,,,615,,,,,,,
1.08975e+06,,,,,,,,,,,,,,,,,,,,,,543,,,,,,,
1.08989e+06,,,,,,,,,,,,,,,,,,,,,,541,,,,,,,
1.09e+06,60300,62100,61500,59300,59300,70000,1.2e+06,1.2e+06,1.2e+06,1.2e+06,1.596e+06,1.596e+06,,,,,,,,,,,8.687e+06,84.3137,84.8485,57,31,60.6061,60.396
1.09005e+06,,,,,,,,,,,,,,,,,,,,,,855,,,,,,,
1.0903e+06,,,,,,,,,,,,,,,,,,,,,,451,,,,,,,
1.09045e+06,,,,,,,,,,,,,,,,,,,,,,830,,,,,,,
1.09051e+06,,,,,,,,,,,,,,,,,,,,,,864,,,,,,,
1.09065e+06,,,,,,,,,,,,,,,,,,,,,,696,,,,,,,
1.09083e+06,,,,,,,,,,,,,,,,,,,,,,551,,,,,,,
1.09099e+06,,,,,,,,,,,,,,,,,,,,,,651,,,,,,,
1.09099e+06,60100,62300,61500,59300,58900,70000,1.2e+06,1.2e+06,1.2e+06,1.2e+06,1.596e+06,1.596e+06,,,,,,,,,,,1.02326e+07,83,86,57.5758,28.7129,60,60.2041
1.09122e+06,,,,,,,,,,,,,,,,,,,,,,616,,,,,,,
1.09125e+06,,,,,,,,,,,,,24.235,,,,,,,,,,,,,,,,
1.09155e+06,,,,,,,,,,,,,,,,,,,,,,542,,,,,,,
1.09157e+06,,,,,,,,,,,,,,,,,,,,,,831,,,,,,,
1.09161e+06,,,,,,,,,,,,,,,,,,,,,,856,,,,,,,
1.09189e+06,,,,,,,,,,,,,,,,,,,,,,544,,,,,,,
1.092e+06,59900,62500,61300,59300,58900,70000,1.2e+06,1.2e+06,1.2e+06,1.2e+06,1.596e+06,1.596e+06,,,,,,,,,,,9.1158e+06,81.3725,88.7755,60.396,30.6122,59.4059,58
1.09206e+06,,,,,,,,,,,,,,,,,,,,,,865,,,,,,,
1.09226e+06,,,,,,,,,,,,,,,,,,,,,,697,,,,,,,
1.09261e+06,,,,,,,,,,,,,,,,,,,,,,652,,,,,,,
1.09272e+06,,,,,,,,,,,,,,,,,,,,,,857,,,,,,,
1.09296e+06,,,,,,,,,,,,,,,,,,,,,,452,,,,,,,
1.09297e+06,,,,,,,,,,,,,,,,,,,,,,552,,,,,,,
1.093e+06,60300,61500,61500,59300,59100,70000,1.2e+06,1.2e+06,1.2e+06,1.2e+06,1.596e+06,1.596e+06,,,,,,,,,,,9.5514e+06,81,85,62.3762,37.8641,55.5556,58.5859
1.09314e+06,,,,,,,,,,,,,,,,,,,,,,832,,,,,,,
1.09318e+06,,,,,,,,,,,,,,,,,,,,,,866,,,,,,,
1.09333e+06,,,,,,,,,,,,,,,,,,,,,,617,,,,,,,
1.09355e+06,,,,,,,,,,,,,,,,,,,,,,545,,,,,,,
1.09369e+06,,,,,,,,,,,,,,,,,,,,,,543,,,,,,,
1.09383e+06,,,,,,,,,,,,,,,,,,,,,,858,,,,,,,
1.09388e+06,,,,,,,,,,,,,,,,,,,,,,698,,,,,,,
1.094e+06,60500,62500,61300,59500,59100,70000,1.2e+06,1.2e+06,1.2e+06,1.2e+06,1.596e+06,1.596e+06,,,,,,,,,,,9.1588e+06,79.4118,89.7959,59,35.3535,60,60.6061
1.09424e+06,,,,,,,,,,,,,,,,,,,,,,653,,,,,,,
1.09425e+06,,,,,,,,,,,,,,,,,,,,,,833,,,,,,,
1.09463e+06,,,,,,,,,,,,,,,,,,,,,,553,,,,,,,
1.09474e+06,,,,,,,,,,,,,,,,,,,,,,867,,,,,,,
1.09497e+06,,,,,,,,,,,,,,,,,,,,,,618,,,,,,,
1.095e+06,60300,62600,61100,59300,59100,70000,1.2e+06,1.2e+06,1.2e+06,1.2e+06,1.596e+06,1.596e+06,,,,,,,,,,,9.8612e+06,80.198,86,62.3762,36.3636,62,63.6364
1.09508e+06,,,,,,,,,,,,,,66.13,60.32,,,,,,,,,,,,,,
1.09514e+06,,,,,,,,,,,,,,,,,,,,,,453,,,,,,,
1.09539e+06,,,,,,,,,,,,,,,,,,,,,,859,,,,,,,
1.09549e+06,,,,,,,,,,,,,,,,,,,,,,699,,,,,,,
1.09569e+06,,,,,,,,,,,,,,,,,,,,,,546,,,,,,,
1.09582e+06,,,,,,,,,,,,,,,,,,,,,,834,,,,,,,
1.09584e+06,,,,,,,,,,,,,,,,,,,,,,544,,,,,,,
1.09585e+06,,,,,,,,,,,,,,,,,,,,,,868,,,,,,,
1.09587e+06,,,,,,,,,,,,,,,,,,,,,,654,,,,,,,
1.096e+06,60500,62500,61500,59500,59300,70000,1.2e+06,1.2e+06,1.2e+06,1.2e+06,1.596e+06,1.596e+06,,,,,,,,,,,9.031e+06,82,85,62,36,59,58.5859
1.0965e+06,,,,,,,,,,,,,,,,,,,,,,860,,,,,,,
1.09661e+06,,,,,,,,,,,,,,,,,,,,,,619,,,,,,,
1.09662e+06,,,,,,,,,,,,,,,,,,,,,,700,,,,,,,
1.09676e+06,,,,,,,,,,,,,,,,,,,,,,554,,,,,,,
1.09694e+06,,,,,,,,,,,,,,,,,,,,,,835,,,,,,,
1.09696e+06,,,,,,,,,,,,,,,,,,,,,,869,,,,,,,
1.097e+06,60500,62500,61500,59500,59300,70000,1.2e+06,1.2e+06,1.2e+06,1.2e+06,1.596e+06,1.596e+06,,,,,,,,,,,9.1386e+06,81.3725,86,56,30,58.4158,59
1.09762e+06,,,,,,,,,,,,,,,,,,,,,,861,,,,,,,
1.09781e+06,,,,,,,,,,,,,,,,,,,,,,454,,,,,,,
1.09783e+06,,,,,,,,,,,,,,,,,,,,,,547,,,,,,,
1.09798e+06,,,,,,,,,,,,,,,,,,,,,,545,,,,,,,
1.09798e+06,,,,,,,,,,,,,,,,,,,,,,655,,,,,,,
1.098e+06,60300,62500,61500,59700,59100,70000,1.2e+06,1.2e+06,1.2e+06,1.2e+06,1.596e+06,1.596e+06,,,,,,,,,,,9.329e+06,82.1782,84.8485,56.5657,29.2929,59.1837,60
1.09806e+06,,,,,,,,,,,,,,,,,,,,,,836,,,,,,,
1.09824e+06,,,,,,,,,,,,,,,,,,,,,,701,,,,,,,
1.09824e+06,,,,,,,,,,,,,,,,,,,,,,620,,,,,,,
1.09852e+06,,,,,,,,,,,,,,,,,,,,,,870,,,,,,,
1.0989e+06,,,,,,,,,,,,,,,,,,,,,,555,,,,,,,
1.09899e+06,60100,62300,61300,59300,59300,70000,1.2e+06,1.2e+06,1.2e+06,1.2e+06,1.596e+06,1.596e+06,,,,,,,,,,,9.5564e+06,80.8081,88.7755,61.3861,32.3232,58.5859,58.1633
1.09917e+06,,,,,,,,,,,,,,,,,,,,,,862,,,,,,,
1.09949e+06,,,,,,,,,,,,,,,,,,,,,,548,,,,,,,
1.09962e+06,,,,,,,,,,,,,,,,,,,,,,837,,,,,,,
1.09963e+06,,,,,,,,,,,,,,,,,,,,,,871,,,,,,,
1.09964e+06,,,,,,,,,,,,,,,,,,,,,,546,,,,,,,
1.09985e+06,,,,,,,,,,,,,,,,,,,,,,702,,,,,,,
1.09999e+06,,,,,,,,,,,,,,,,,,,,,,455,,,,,,,
1.1e+06,60300,61500,61500,59700,59300,70000,1.2e+06,1.2e+06,1.2e+06,1.2e+06,1.596e+06,1.596e+06,,,,,,,,,,,7.999e+06,80.5825,85.8586,61,35.3535,57.4257,59
1.10028e+06,,,,,,,,,,,,,,,,,,,,,,863,,,,,,,
1.10035e+06,,,,,,,,,,,,,,,,,,,,,,621,,,,,,,
1.10056e+06,,,,,,,,,,,,,,,,,,,,,,556,,,,,,,
1.10074e+06,,,,,,,,,,,,,,,,,,,,,,872,,,,,,,
1.10074e+06,,,,,,,,,,,,,,,,,,,,,,838,,,,,,,
1.101e+06,60500,62800,61500,59500,59100,70000,1.2e+06,1.2e+06,1.2e+06,1.2e+06,1.596e+06,1.596e+06,,,,,,,,,,,9.3108e+06,79.798,89.1089,61,34.6939,61,61.6162
1.10123e+06,,,,,,,,,,,,,,,,,,,,,,657,,,,,,,
1.10132e+06,,,,,,,,,,,,,24.235,,,,,,,,,,,,,,,,
1.1014e+06,,,,,,,,,,,,,,,,,,,,,,864,,,,,,,
1.10146e+06,,,,,,,,,,,,,,,,,,,,,,703,,,,,,,
1.10163e+06,,,,,,,,,,,,,,,,,,,,,,549,,,,,,,
1.10178e+06,,,,,,,,,,,,,,,,,,,,,,547,,,,,,,
1.10185e+06,,,,,,,,,,,,,,,,,,,,,,873,,,,,,,
1.10199e+06,,,,,,,,,,,,,,,,,,,,,,622,,,,,,,
1.102e+06,60300,62500,61500,59500,59300,70000,1.2e+06,1.2e+06,1.2e+06,1.2e+06,1.596e+06,1.596e+06,,,,,,,,,,,8.0956e+06,80.198,85.8586,60.7843,37.6238,61,61.6162
1.10218e+06,,,,,,,,,,,,,,,,,,,,,,456,,,,,,,
1.1023e+06,,,,,,,,,,,,,,,,,,,,,,839,,,,,,,
1.10269e+06,,,,,,,,,,,,,,,,,,,,,,557,,,,,,,
1.10285e+06,,,,,,,,,,,,,,,,,,,,,,658,,,,,,,
1.10295e+06,,,,,,,,,,,,,,,,,,,,,,865,,,,,,,
1.10299e+06,60500,62600,61900,59500,59300,70000,1.2e+06,1.2e+06,1.2e+06,1.2e+06,1.596e+06,1.596e+06,,,,,,,,,,,9.5206e+06,84.1584,85.8586,57.4257,37,60.6061,60.6061
1.10307e+06,,,,,,,,,,,,,,,,,,,,,,704,,,,,,,
1.1034e+06,,,,,,,,,,,,,,,,,,,,,,874,,,,,,,
1.10377e+06,,,,,,,,,,,,,,,,,,,,,,550,,,,,,,
1.104e+06,60500,62800,61500,59900,59300,70000,1.2e+06,1.2e+06,1.2e+06,1.2e+06,1.596e+06,1.596e+06,,,,,,,,,,,8.9412e+06,81.3725,84.8485,56.5657,28.7129,56.5657,58.5859
1.10407e+06,,,,,,,,,,,,,,,,,,,,,,866,,,,,,,
1.10435e+06,,,,,,,,,,,,,,,,,,,,,,558,,,,,,,
1.10447e+06,,,,,,,,,,,,,,,,,,,,,,659,,,,,,,
1.10451e+06,,,,,,,,,,,,,,,,,,,,,,875,,,,,,,
1.10454e+06,,,,,,,,,,,,,,,,,,,,,,841,,,,,,,
1.10468e+06,,,,,,,,,,,,,,,,,,,,,,705,,,,,,,
1.10485e+06,,,,,,,,,,,,,,,,,,,,,,457,,,,,,,
1.105e+06,60500,62100,61500,59700,59300,70000,1.2e+06,1.2e+06,1.2e+06,1.2e+06,1.596e+06,1.596e+06,,,,,,,,,,,8.869e+06,81.3725,86,57.8431,29.4118,59.4059,59
1.10518e+06,,,,,,,,,,,,,,,,,,,,,,867,,,,,,,
1.10521e+06,,,,,,,,,,,,,,66.13,60.32,,,,,,,,,,,,,,
1.10526e+06,,,,,,,,,,,,,,,,,,,,,,624,,,,,,,
1.10543e+06,,,,,,,,,,,,,,,,,,,,,,551,,,,,,,
1.10558e+06,,,,,,,,,,,,,,,,,,,,,,549,,,,,,,
1.10562e+06,,,,,,,,,,,,,,,,,,,,,,876,,,,,,,
1.106e+06,60300,62500,61500,59500,59100,70000,1.2e+06,1.2e+06,1.2e+06,1.2e+06,1.596e+06,1.596e+06,,,,,,,,,,,8.405e+06,81,87.8788,63.3663,36.3636,61,58.1633
1.10609e+06,,,,,,,,,,,,,,,,,,,,,,660,,,,,,,
1.1061e+06,,,,,,,,,,,,,,,,,,,,,,842,,,,,,,
1.1063e+06,,,,,,,,,,,,,,,,,,,,,,706,,,,,,,
1.10649e+06,,,,,,,,,,,,,,,,,,,,,,559,,,,,,,
1.10674e+06,,,,,,,,,,,,,,,,,,,,,,868,,,,,,,
1.107e+06,60500,61700,61500,59500,58900,70000,1.2e+06,1.2e+06,1.2e+06,1.2e+06,1.596e+06,1.596e+06,,,,,,,,,,,9.614e+06,81,85.8586,58,35.3535,56,58
1.10703e+06,,,,,,,,,,,,,,,,,,,,,,458,,,,,,,
1.10717e+06,,,,,,,,,,,,,,,,,,,,,,877,,,,,,,
1.10722e+06,,,,,,,,,,,,,,,,,,,,,,843,,,,,,,
1.10737e+06,,,,,,,,,,,,,,,,,,,,,,625,,,,,,,
1.10757e+06,,,,,,,,,,,,,,,,,,,,,,552,,,,,,,
1.10772e+06,,,,,,,,,,,,,,,,,,,,,,661,,,,,,,
1.10772e+06,,,,,,,,,,,,,,,,,,,,,,550,,,,,,,
1.10785e+06,,,,,,,,,,,,,,,,,,,,,,869,,,,,,,
1.10791e+06,,,,,,,,,,,,,,,,,,,,,,707,,,,,,,
1.108e+06,60500,62800,61500,59500,59300,70000,1.2e+06,1.2e+06,1.2e+06,1.2e+06,1.596e+06,1.596e+06,,,,,,,,,,,9.0884e+06,79.2079,89.899,63.6364,37.6238,63.6364,65
1.10828e+06,,,,,,,,,,,,,,,,,,,,,,878,,,,,,,
1.10862e+06,,,,,,,,,,,,,,,,,,,,,,560,,,,,,,
1.10879e+06,,,,,,,,,,,,,,,,,,,,,,844,,,,,,,
1.10896e+06,,,,,,,,,,,,,,,,,,,,,,870,,,,,,,
1.109e+06,60300,62100,61500,59700,59700,70000,1.2e+06,1.2e+06,1.2e+06,1.2e+06,1.596e+06,1.596e+06,,,,,,,,,,,9.2706e+06,80.198,85.8586,58.4158,35.3535,57.5758,59.596
1.10901e+06,,,,,,,,,,,,,,,,,,,,,,626,,,,,,,
1.10904e+06,,,,,,,,,,,,,,,,,,,,,,708,,,,,,,
1.10935e+06,,,,,,,,,,,,,,,,,,,,,,662,,,,,,,
1.10939e+06,,,,,,,,,,,,,,,,,,,,,,879,,,,,,,
1.1097e+06,,,,,,,,,,,,,,,,,,,,,,459,,,,,,,
1.1097e+06,,,,,,,,,,,,,,,,,,,,,,553,,,,,,,
1.10986e+06,,,,,,,,,,,,,,,,,,,,,,551,,,,,,,
1.1099e+06,,,,,,,,,,,,,,,,,,,,,,845,,,,,,,
1.10999e+06,60500,62500,61500,59500,59700,70000,1.2e+06,1.2e+06,1.2e+06,1.2e+06,1.596e+06,1.596e+06,,,,,,,,,,,8.999e+06,83.4951,85,57.4257,32.6531,60,60.6061
1.11028e+06,,,,,,,,,,,,,,,,,,,,,,561,,,,,,,
1.11052e+06,,,,,,,,,,,,,,,,,,,,,,871,,,,,,,
1.11064e+06,,,,,,,,,,,,,,,,,,,,,,627,,,,,,,
1.11066e+06,,,,,,,,,,,,,,,,,,,,,,709,,,,,,,
1.11094e+06,,,,,,,,,,,,,,,,,,,,,,880,,,,,,,
1.11097e+06,,,,,,,,,,,,,,,,,,,,,,663,,,,,,,
1.111e+06,60300,62300,61500,59500,59500,70000,1.2e+06,1.2e+06,1.2e+06,1.2e+06,1.596e+06,1.596e+06,,,,,,,,,,,9.6604e+06,83,85.8586,57.5758,29,59.596,60.6061
1.11102e+06,,,,,,,,,,,,,,,,,,,,,,846,,,,,,,
1.11137e+06,,,,,,,,,,,,,,,,,,,,,,554,,,,,,,
1.11138e+06,,,,,,,,,,,,,24.235,,,,,,,,,,,,,,,,
1.11152e+06,,,,,,,,,,,,,,,,,,,,,,552,,,,,,,
1.11163e+06,,,,,,,,,,,,,,,,,,,,,,872,,,,,,,
1.11188e+06,,,,,,,,,,,,,,,,,,,,,,460,,,,,,,
1.112e+06,60300,62300,61500,59500,59100,70000,1.2e+06,1.2e+06,1.2e+06,1.2e+06,1.596e+06,1.596e+06,,,,,,,,,,,8.594e+06,81.1881,87.7551,57.4257,28.2828,58.4158,58.1633
1.11205e+06,,,,,,,,,,,,,,,,,,,,,,881,,,,,,,
1.11227e+06,,,,,,,,,,,,,,,,,,,,,,710,,,,,,,
1.11228e+06,,,,,,,,,,,,,,,,,,,,,,628,,,,,,,
1.11242e+06,,,,,,,,,,,,,,,,,,,,,,562,,,,,,,
1.11258e+06,,,,,,,,,,,,,,,,,,,,,,847,,,,,,,
1.11259e+06,,,,,,,,,,,,,,,,,,,,,,664,,,,,,,
1.11274e+06,,,,,,,,,,,,,,,,,,,,,,873,,,,,,,
1.11299e+06,60100,62300,61100,59300,59100,70000,1.2e+06,1.2e+06,1.2e+06,1.2e+06,1.596e+06,1.596e+06,,,,,,,,,,,9.5982e+06,80,87.1287,64,36,58,57
1.11316e+06,,,,,,,,,,,,,,,,,,,,,,882,,,,,,,
1.1135e+06,,,,,,,,,,,,,,,,,,,,,,555,,,,,,,
1.11366e+06,,,,,,,,,,,,,,,,,,,,,,553,,,,,,,
1.1137e+06,,,,,,,,,,,,,,,,,,,,,,848,,,,,,,
1.11388e+06,,,,,,,,,,,,,,,,,,,,,,711,,,,,,,
1.114e+06,60500,61700,61300,59500,59100,70000,1.2e+06,1.2e+06,1.2e+06,1.2e+06,1.596e+06,1.596e+06,,,,,,,,,,,8.7724e+06,80.198,86.8687,58,37.2549,57.5758,59.596
1.11406e+06,,,,,,,,,,,,,,,,,,,,,,461,,,,,,,
1.11407e+06,,,,,,,,,,,,,,,,,,,,,,563,,,,,,,
1.11422e+06,,,,,,,,,,,,,,,,,,,,,,665,,,,,,,
1.1143e+06,,,,,,,,,,,,,,,,,,,,,,874,,,,,,,
1.11439e+06,,,,,,,,,,,,,,,,,,,,,,629,,,,,,,
1.11472e+06,,,,,,,,,,,,,,,,,,,,,,883,,,,,,,
1.115e+06,60300,62300,61500,59700,59100,70000,1.2e+06,1.2e+06,1.2e+06,1.2e+06,1.596e+06,1.596e+06,,,,,,,,,,,9.0798e+06,79.4118,88,64.7059,34.6939,63.6364,64.6465
1.11527e+06,,,,,,,,,,,,,,,,,,,,,,849,,,,,,,
1.11534e+06,,,,,,,,,,,,,,66.05,60.41,,,,,,,,,,,,,,
1.11541e+06,,,,,,,,,,,,,,,,,,,,,,875,,,,,,,
1.11549e+06,,,,,,,,,,,,,,,,,,,,,,712,,,,,,,
1.11564e+06,,,,,,,,,,,,,,,,,,,,,,556,,,,,,,
1.1158e+06,,,,,,,,,,,,,,,,,,,,,,554,,,,,,,
1.11583e+06,,,,,,,,,,,,,,,,,,,,,,884,,,,,,,
1.11584e+06,,,,,,,,,,,,,,,,,,,,,,666,,,,,,,
1.116e+06,60300,61900,61500,59700,59300,70000,1.2e+06,1.2e+06,1.2e+06,1.2e+06,1.596e+06,1.596e+06,,,,,,,,,,,8.5172e+06,81,86,57.1429,37.6238,56.5657,60
1.11602e+06,,,,,,,,,,,,,,,,,,,,,,630,,,,,,,
1.11621e+06,,,,,,,,,,,,,,,,,,,,,,564,,,,,,,
1.1164e+06,,,,,,,,,,,,,,,,,,,,,,850,,,,,,,
1.11652e+06,,,,,,,,,,,,,,,,,,,,,,876,,,,,,,
1.11673e+06,,,,,,,,,,,,,,,,,,,,,,462,,,,,,,
1.11694e+06,,,,,,,,,,,,,,,,,,,,,,885,,,,,,,
1.11699e+06,60100,61900,61100,59500,59300,70000,1.2e+06,1.2e+06,1.2e+06,1.2e+06,1.596e+06,1.596e+06,,,,,,,,,,,8.0686e+06,83.3333,85.7143,56.5657,29.5918,59.596,59.596
1.1171e+06,,,,,,,,,,,,,,,,,,,,,,713,,,,,,,
1.11731e+06,,,,,,,,,,,,,,,,,,,,,,557,,,,,,,
1.11746e+06,,,,,,,,,,,,,,,,,,,,,,555,,,,,,,
1.11747e+06,,,,,,,,,,,,,,,,,,,,,,667,,,,,,,
1.11766e+06,,,,,,,,,,,,,,,,,,,,,,631,,,,,,,
1.11796e+06,,,,,,,,,,,,,,,,,,,,,,851,,,,,,,
1.118e+06,60500,62100,61500,59700,59300,70000,1.2e+06,1.2e+06,1.2e+06,1.2e+06,1.596e+06,1.596e+06,,,,,,,,,,,9.6114e+06,82.8283,84.8485,56,28,60.396,60.6061
1.11809e+06,,,,,,,,,,,,,,,,,,,,,,877,,,,,,,
1.11835e+06,,,,,,,,,,,,,,,,,,,,,,565,,,,,,,
1.11872e+06,,,,,,,,,,,,,,,,,,,,,,714,,,,,,,
1.11891e+06,,,,,,,,,,,,,,,,,,,,,,463,,,,,,,
1.119e+06,60700,62300,61500,59700,59100,70000,1.2e+06,1.2e+06,1.2e+06,1.2e+06,1.596e+06,1.596e+06,,,,,,,,,,,8.9222e+06,81.1881,89,60.7843,32.6733,59.596,58.5859
1.11908e+06,,,,,,,,,,,,,,,,,,,,,,852,,,,,,,
1.1193e+06,,,,,,,,,,,,,,,,,,,,,,632,,,,,,,
1.11944e+06,,,,,,,,,,,,,,,,,,,,,,558,,,,,,,
1.11957e+06,,,,,,,,,,,,,,,,,,,,,,668,,,,,,,
1.1196e+06,,,,,,,,,,,,,,,,,,,,,,556,,,,,,,
1.11961e+06,,,,,,,,,,,,,,,,,,,,,,887,,,,,,,
1.12e+06,60300,62500,61300,59700,59100,70000,1.2e+06,1.2e+06,1.2e+06,1.2e+06,1.596e+06,1.596e+06,,,,,,,,,,,8.8122e+06,80.198,86,62.6263,35,55.5556,58.4158
1.12e+06,,,,,,,,,,,,,,,,,,,,,,566,,,,,,,
1.1202e+06,,,,,,,,,,,,,,,,,,,,,,853,,,,,,,
1.12033e+06,,,,,,,,,,,,,,,,,,,,,,715,,,,,,,
1.12072e+06,,,,,,,,,,,,,,,,,,,,,,888,,,,,,,
1.12076e+06,,,,,,,,,,,,,,,,,,,,,,879,,,,,,,
1.121e+06,60300,62100,61500,59300,59300,70000,1.2e+06,1.2e+06,1.2e+06,1.2e+06,1.596e+06,1.596e+06,,,,,,,,,,,9.8878e+06,79.2079,89,59.4059,36.3636,59,60.2041
1.12108e+06,,,,,,,,,,,,,,,,,,,,,,464,,,,,,,
1.1214e+06,,,,,,,,,,,,,,,,,,,,,,633,,,,,,,
1.12145e+06,,,,,,,,,,,,,24.235,,,,,,,,,,,,,,,,
1.12146e+06,,,,,,,,,,,,,,,,,,,,,,716,,,,,,,
1.12158e+06,,,,,,,,,,,,,,,,,,,,,,559,,,,,,,
1.12175e+06,,,,,,,,,,,,,,,,,,,,,,557,,,,,,,
1.12176e+06,,,,,,,,,,,,,,,,,,,,,,854,,,,,,,
1.12183e+06,,,,,,,,,,,,,,,,,,,,,,889,,,,,,,
1.12187e+06,,,,,,,,,,,,,,,,,,,,,,880,,,,,,,
1.122e+06,60300,62100,61500,59500,59300,70000,1.2e+06,1.2e+06,1.2e+06,1.2e+06,1.596e+06,1.596e+06,,,,,,,,,,,9.1856e+06,80.198,85.8586,63.3663,35.3535,61.6162,63.6364
1.12214e+06,,,,,,,,,,,,,,,,,,,,,,567,,,,,,,
1.12288e+06,,,,,,,,,,,,,,,,,,,,,,855,,,,,,,
1.12298e+06,,,,,,,,,,,,,,,,,,,,,,881,,,,,,,
1.123e+06,60500,62500,61500,59700,59100,70000,1.2e+06,1.2e+06,1.2e+06,1.2e+06,1.596e+06,1.596e+06,,,,,,,,,,,8.666e+06,82.1782,84.8485,57,34.6939,58,59.596
1.12304e+06,,,,,,,,,,,,,,,,,,,,,,634,,,,,,,
1.12308e+06,,,,,,,,,,,,,,,,,,,,,,717,,,,,,,
1.12325e+06,,,,,,,,,,,,,,,,,,,,,,560,,,,,,,
1.12338e+06,,,,,,,,,,,,,,,,,,,,,,890,,,,,,,
1.12341e+06,,,,,,,,,,,,,,,,,,,,,,558,,,,,,,
1.12375e+06,,,,,,,,,,,,,,,,,,,,,,465,,,,,,,
1.124e+06,60300,62100,61100,59300,59300,70000,1.2e+06,1.2e+06,1.2e+06,1.2e+06,1.596e+06,1.596e+06,,,,,,,,,,,8.866e+06,81.1881,86,56.4356,31.7308,58.4158,58
1.12428e+06,,,,,,,,,,,,,,,,,,,,,,568,,,,,,,
1.12444e+06,,,,,,,,,,,,,,,,,,,,,,671,,,,,,,
1.12444e+06,,,,,,,,,,,,,,,,,,,,,,856,,,,,,,
1.12449e+06,,,,,,,,,,,,,,,,,,,,,,891,,,,,,,
1.12454e+06,,,,,,,,,,,,,,,,,,,,,,882,,,,,,,
1.12468e+06,,,,,,,,,,,,,,,,,,,,,,635,,,,,,,
1.12469e+06,,,,,,,,,,,,,,,,,,,,,,718,,,,,,,
1.125e+06,60300,62100,61500,59500,58900,70000,1.2e+06,1.2e+06,1.2e+06,1.2e+06,1.596e+06,1.596e+06,,,,,,,,,,,8.6346e+06,83.1683,85.7143,56.5657,25.7732,59.596,60.2041
1.12539e+06,,,,,,,,,,,,,,,,,,,,,,561,,,,,,,
1.12549e+06,,,,,,,,,,,,,,66.17,60.49,,,,,,,,,,,,,,
1.12555e+06,,,,,,,,,,,,,,,,,,,,,,559,,,,,,,
1.12556e+06,,,,,,,,,,,,,,,,,,,,,,857,,,,,,,
1.12561e+06,,,,,,,,,,,,,,,,,,,,,,892,,,,,,,
1.12565e+06,,,,,,,,,,,,,,,,,,,,,,883,,,,,,,
1.12593e+06,,,,,,,,,,,,,,,,,,,,,,569,,,,,,,
1.12594e+06,,,,,,,,,,,,,,,,,,,,,,466,,,,,,,
1.12599e+06,60300,62500,61700,59500,59100,70000,1.2e+06,1.2e+06,1.2e+06,1.2e+06,1.596e+06,1.596e+06,,,,,,,,,,,9.1964e+06,81,88,64,37.7551,59.596,59
1.12606e+06,,,,,,,,,,,,,,,,,,,,,,672,,,,,,,
1.1263e+06,,,,,,,,,,,,,,,,,,,,,,719,,,,,,,
1.12631e+06,,,,,,,,,,,,,,,,,,,,,,636,,,,,,,
1.12668e+06,,,,,,,,,,,,,,,,,,,,,,858,,,,,,,
1.12676e+06,,,,,,,,,,,,,,,,,,,,,,884,,,,,,,
1.127e+06,60300,61900,61500,59500,59300,70000,1.2e+06,1.2e+06,1.2e+06,1.2e+06,1.596e+06,1.596e+06,,,,,,,,,,,9.6034e+06,80.198,85.8586,59.8039,36,56,58
1.12716e+06,,,,,,,,,,,,,,,,,,,,,,893,,,,,,,
1.12752e+06,,,,,,,,,,,,,,,,,,,,,,562,,,,,,,
1.12768e+06,,,,,,,,,,,,,,,,,,,,,,560,,,,,,,
1.12768e+06,,,,,,,,,,,,,,,,,,,,,,673,,,,,,,
1.12791e+06,,,,,,,,,,,,,,,,,,,,,,720,,,,,,,
1.12795e+06,,,,,,,,,,,,,,,,,,,,,,637,,,,,,,
1.12799e+06,60700,62500,61500,59700,59500,70000,1.2e+06,1.2e+06,1.2e+06,1.2e+06,1.596e+06,1.596e+06,,,,,,,,,,,9.482e+06,79.4118,89.899,63.3663,34.3434,61.3861,62.6263
1.12807e+06,,,,,,,,,,,,,,,,,,,,,,570,,,,,,,
1.12825e+06,,,,,,,,,,,,,,,,,,,,,,859,,,,,,,
1.12827e+06,,,,,,,,,,,,,,,,,,,,,,894,,,,,,,
1.12832e+06,,,,,,,,,,,,,,,,,,,,,,885,,,,,,,
1.12861e+06,,,,,,,,,,,,,,,,,,,,,,467,,,,,,,
1.129e+06,60500,62100,61500,59500,59100,70000,1.2e+06,1.2e+06,1.2e+06,1.2e+06,1.596e+06,1.596e+06,,,,,,,,,,,9.2874e+06,80,85,60.396,35,60.6061,61.6162
1.12919e+06,,,,,,,,,,,,,,,,,,,,,,563,,,,,,,
1.12931e+06,,,,,,,,,,,,,,,,,,,,,,674,,,,,,,
1.12935e+06,,,,,,,,,,,,,,,,,,,,,,561,,,,,,,
1.12936e+06,,,,,,,,,,,,,,,,,,,,,,860,,,,,,,
1.12938e+06,,,,,,,,,,,,,,,,,,,,,,895,,,,,,,
1.12943e+06,,,,,,,,,,,,,,,,,,,,,,886,,,,,,,
1.12953e+06,,,,,,,,,,,,,,,,,,,,,,721,,,,,,,
1.12973e+06,,,,,,,,,,,,,,,,,,,,,,571,,,,,,,
1.13e+06,60300,62600,61500,59700,59300,70000,1.2e+06,1.2e+06,1.2e+06,1.2e+06,1.596e+06,1.596e+06,,,,,,,,,,,9.2106e+06,84.1584,85.8586,57,36,60.6061,60.6061
1.13006e+06,,,,,,,,,,,,,,,,,,,,,,638,,,,,,,
1.13054e+06,,,,,,,,,,,,,,,,,,,,,,887,,,,,,,
1.13079e+06,,,,,,,,,,,,,,,,,,,,,,468,,,,,,,
1.13093e+06,,,,,,,,,,,,,,,,,,,,,,861,,,,,,,
1.13093e+06,,,,,,,,,,,,,,,,,,,,,,896,,,,,,,
1.13093e+06,,,,,,,,,,,,,,,,,,,,,,675,,,,,,,
1.131e+06,60300,62600,61500,59500,59300,70000,1.2e+06,1.2e+06,1.2e+06,1.2e+06,1.596e+06,1.596e+06,,,,,,,,,,,8.7962e+06,81.1881,85,56.5657,28,57.8431,57.5758
1.13114e+06,,,,,,,,,,,,,,,,,,,,,,722,,,,,,,
1.13132e+06,,,,,,,,,,,,,,,,,,,,,,564,,,,,,,
1.13149e+06,,,,,,,,,,,,,,,,,,,,,,562,,,,,,,
1.13151e+06,,,,,,,,,,,,,24.235,,,,,,,,,,,,,,,,
1.13169e+06,,,,,,,,,,,,,,,,,,,,,,639,,,,,,,
1.13186e+06,,,,,,,,,,,,,,,,,,,,,,572,,,,,,,
1.13199e+06,60300,62500,61500,59700,59100,70000,1.2e+06,1.2e+06,1.2e+06,1.2e+06,1.596e+06,1.596e+06,,,,,,,,,,,9.3636e+06,81.1881,85.7143,56.4356,27,58.5859,59
1.13205e+06,,,,,,,,,,,,,,,,,,,,,,862,,,,,,,
1.13205e+06,,,,,,,,,,,,,,,,,,,,,,897,,,,,,,
1.1321e+06,,,,,,,,,,,,,,,,,,,,,,888,,,,,,,
1.13257e+06,,,,,,,,,,,,,,,,,,,,,,676,,,,,,,
1.13275e+06,,,,,,,,,,,,,,,,,,,,,,723,,,,,,,
1.133e+06,60500,62100,61300,59700,59100,70000,1.2e+06,1.2e+06,1.2e+06,1.2e+06,1.596e+06,1.596e+06,,,,,,,,,,,8.4694e+06,81,88.8889,63.6364,37,58.5859,59
1.13316e+06,,,,,,,,,,,,,,,,,,,,,,898,,,,,,,
1.13316e+06,,,,,,,,,,,,,,,,,,,,,,863,,,,,,,
1.13321e+06,,,,,,,,,,,,,,,,,,,,,,889,,,,,,,
1.13333e+06,,,,,,,,,,,,,,,,,,,,,,640,,,,,,,
1.13346e+06,,,,,,,,,,,,,,,,,,,,,,469,,,,,,,
1.13346e+06,,,,,,,,,,,,,,,,,,,,,,565,,,,,,,
1.13363e+06,,,,,,,,,,,,,,,,,,,,,,563,,,,,,,
1.13388e+06,,,,,,,,,,,,,,,,,,,,,,724,,,,,,,
1.134e+06,60300,61700,61500,59700,59300,70000,1.2e+06,1.2e+06,1.2e+06,1.2e+06,1.596e+06,1.596e+06,,,,,,,,,,,8.7858e+06,80.198,86.2745,58.4158,35,56.4356,59
1.134e+06,,,,,,,,,,,,,,,,,,,,,,573,,,,,,,
1.13419e+06,,,,,,,,,,,,,,,,,,,,,,677,,,,,,,
1.13432e+06,,,,,,,,,,,,,,,,,,,,,,890,,,,,,,
1.13471e+06,,,,,,,,,,,,,,,,,,,,,,899,,,,,,,
1.13473e+06,,,,,,,,,,,,,,,,,,,,,,864,,,,,,,
1.13497e+06,,,,,,,,,,,,,,,,,,,,,,641,,,,,,,
1.135e+06,60500,62500,61500,59700,59100,70000,1.2e+06,1.2e+06,1.2e+06,1.2e+06,1.596e+06,1.596e+06,,,,,,,,,,,8.9196e+06,79.4118,88.7755,63,34.6939,63.2653,64.2857
1.13512e+06,,,,,,,,,,,,,,,,,,,,,,566,,,,,,,
1.1356e+06,,,,,,,,,,,,,,66.34,60.53,,,,,,,,,,,,,,
1.13563e+06,,,,,,,,,,,,,,,,,,,,,,470,,,,,,,
1.13566e+06,,,,,,,,,,,,,,,,,,,,,,574,,,,,,,
1.13577e+06,,,,,,,,,,,,,,,,,,,,,,564,,,,,,,
1.13582e+06,,,,,,,,,,,,,,,,,,,,,,678,,,,,,,
1.13582e+06,,,,,,,,,,,,,,,,,,,,,,900,,,,,,,
1.13585e+06,,,,,,,,,,,,,,,,,,,,,,865,,,,,,,
1.13588e+06,,,,,,,,,,,,,,,,,,,,,,891,,,,,,,
1.13599e+06,60500,62600,61300,59300,59100,70000,1.2e+06,1.2e+06,1.2e+06,1.2e+06,1.596e+06,1.596e+06,,,,,,,,,,,9.0836e+06,80,86,62.3762,35.3535,58,59.596
1.13693e+06,,,,,,,,,,,,,,,,,,,,,,901,,,,,,,
1.13699e+06,60700,62800,61500,59900,59300,70000,1.2e+06,1.2e+06,1.2e+06,1.2e+06,1.596e+06,1.596e+06,,,,,,,,,,,8.1484e+06,84.1584,85.7143,57,33.3333,61.3861,60.6061
1.137e+06,,,,,,,,,,,,,,,,,,,,,,892,,,,,,,
1.13708e+06,,,,,,,,,,,,,,,,,,,,,,642,,,,,,,
1.13711e+06,,,,,,,,,,,,,,,,,,,,,,726,,,,,,,
1.13726e+06,,,,,,,,,,,,,,,,,,,,,,567,,,,,,,
1.13744e+06,,,,,,,,,,,,,,,,,,,,,,565,,,,,,,
1.13745e+06,,,,,,,,,,,,,,,,,,,,,,679,,,,,,,
1.13779e+06,,,,,,,,,,,,,,,,,,,,,,575,,,,,,,
1.13782e+06,,,,,,,,,,,,,,,,,,,,,,471,,,,,,,
1.138e+06,60500,62800,61500,59700,59100,70000,1.2e+06,1.2e+06,1.2e+06,1.2e+06,1.596e+06,1.596e+06,,,,,,,,,,,8.4846e+06,83.1683,84.8485,56.5657,28.7129,60,60.2041
1.13811e+06,,,,,,,,,,,,,,,,,,,,,,893,,,,,,,
1.13848e+06,,,,,,,,,,,,,,,,,,,,,,902,,,,,,,
1.13853e+06,,,,,,,,,,,,,,,,,,,,,,867,,,,,,,
1.13871e+06,,,,,,,,,,,,,,,,,,,,,,643,,,,,,,
1.13872e+06,,,,,,,,,,,,,,,,,,,,,,727,,,,,,,
1.13899e+06,60100,62500,61500,59700,59300,70000,1.2e+06,1.2e+06,1.2e+06,1.2e+06,1.596e+06,1.596e+06,,,,,,,,,,,8.8204e+06,80.198,87.8788,57.8431,30.303,57.5758,59
1.1394e+06,,,,,,,,,,,,,,,,,,,,,,568,,,,,,,
1.13945e+06,,,,,,,,,,,,,,,,,,,,,,576,,,,,,,
1.13957e+06,,,,,,,,,,,,,,,,,,,,,,566,,,,,,,
1.1396e+06,,,,,,,,,,,,,,,,,,,,,,903,,,,,,,
1.13964e+06,,,,,,,,,,,,,,,,,,,,,,868,,,,,,,
1.13966e+06,,,,,,,,,,,,,,,,,,,,,,894,,,,,,,
1.14e+06,60300,61500,61300,59100,59100,70000,1.2e+06,1.2e+06,1.2e+06,1.2e+06,1.596e+06,1.596e+06,,,,,,,,,,,9.7744e+06,80.198,87,64,35.3535,58,56.5657
1.14033e+06,,,,,,,,,,,,,,,,,,,,,,728,,,,,,,
1.14035e+06,,,,,,,,,,,,,,,,,,,,,,644,,,,,,,
1.14048e+06,,,,,,,,,,,,,,,,,,,,,,472,,,,,,,
1.14069e+06,,,,,,,,,,,,,,,,,,,,,,681,,,,,,,
1.14071e+06,,,,,,,,,,,,,,,,,,,,,,904,,,,,,,
1.14078e+06,,,,,,,,,,,,,,,,,,,,,,895,,,,,,,
1.14099e+06,60500,61700,61500,59700,59300,70000,1.2e+06,1.2e+06,1.2e+06,1.2e+06,1.596e+06,1.596e+06,,,,,,,,,,,9.811e+06,80.198,86.8687,58,36,56.5657,59.596
1.14106e+06,,,,,,,,,,,,,,,,,,,,,,569,,,,,,,
1.14123e+06,,,,,,,,,,,,,,,,,,,,,,567,,,,,,,
1.14158e+06,,,,,,,,,,,,,24.235,,,,,,,,,,,,,,,,
1.14159e+06,,,,,,,,,,,,,,,,,,,,,,577,,,,,,,
1.14189e+06,,,,,,,,,,,,,,,,,,,,,,896,,,,,,,
1.14195e+06,,,,,,,,,,,,,,,,,,,,,,729,,,,,,,
1.14198e+06,,,,,,,,,,,,,,,,,,,,,,645,,,,,,,
1.142e+06,60300,62600,61700,59700,59300,70000,1.2e+06,1.2e+06,1.2e+06,1.2e+06,1.596e+06,1.596e+06,,,,,,,,,,,8.582e+06,80,88.1188,64.3564,36.3636,64.2857,64.6465
1.14226e+06,,,,,,,,,,,,,,,,,,,,,,905,,,,,,,
1.14231e+06,,,,,,,,,,,,,,,,,,,,,,682,,,,,,,
1.14233e+06,,,,,,,,,,,,,,,,,,,,,,870,,,,,,,
1.14266e+06,,,,,,,,,,,,,,,,,,,,,,473,,,,,,,
1.14299e+06,60500,62800,61500,59700,59100,70000,1.2e+06,1.2e+06,1.2e+06,1.2e+06,1.596e+06,1.596e+06,,,,,,,,,,,8.2594e+06,80.3922,84.8485,57,36,57.4257,58
1.1432e+06,,,,,,,,,,,,,,,,,,,,,,570,,,,,,,
1.14336e+06,,,,,,,,,,,,,,,,,,,,,,906,,,,,,,
1.14337e+06,,,,,,,,,,,,,,,,,,,,,,568,,,,,,,
1.14345e+06,,,,,,,,,,,,,,,,,,,,,,897,,,,,,,
1.14356e+06,,,,,,,,,,,,,,,,,,,,,,730,,,,,,,
1.14372e+06,,,,,,,,,,,,,,,,,,,,,,578,,,,,,,
1.14389e+06,,,,,,,,,,,,,,,,,,,,,,871,,,,,,,
1.144e+06,60300,62100,61500,59700,59300,70000,1.2e+06,1.2e+06,1.2e+06,1.2e+06,1.596e+06,1.596e+06,,,,,,,,,,,8.8644e+06,83,85.8586,57,31,59,60.2041
1.14409e+06,,,,,,,,,,,,,,,,,,,,,,646,,,,,,,
1.14442e+06,,,,,,,,,,,,,,,,,,,,,,683,,,,,,,
1.14448e+06,,,,,,,,,,,,,,,,,,,,,,907,,,,,,,
1.14456e+06,,,,,,,,,,,,,,,,,,,,,,898,,,,,,,
1.14484e+06,,,,,,,,,,,,,,,,,,,,,,474,,,,,,,
1.145e+06,60100,62300,61500,59700,58900,70000,1.2e+06,1.2e+06,1.2e+06,1.2e+06,1.596e+06,1.596e+06,,,,,,,,,,,9.2684e+06,83.3333,85.8586,57.4257,28.2828,59.596,60.2041
1.14501e+06,,,,,,,,,,,,,,,,,,,,,,872,,,,,,,
1.14517e+06,,,,,,,,,,,,,,,,,,,,,,731,,,,,,,
1.14534e+06,,,,,,,,,,,,,,,,,,,,,,571,,,,,,,
1.14538e+06,,,,,,,,,,,,,,,,,,,,,,579,,,,,,,
1.14551e+06,,,,,,,,,,,,,,,,,,,,,,569,,,,,,,
1.14559e+06,,,,,,,,,,,,,,,,,,,,,,908,,,,,,,
1.14567e+06,,,,,,,,,,,,,,,,,,,,,,899,,,,,,,
1.14571e+06,,,,,,,,,,,,,,66.21,60.65,,,,,,,,,,,,,,
1.14573e+06,,,,,,,,,,,,,,,,,,,,,,647,,,,,,,
1.14599e+06,60300,62500,61500,59700,59300,70000,1.2e+06,1.2e+06,1.2e+06,1.2e+06,1.596e+06,1.596e+06,,,,,,,,,,,8.758e+06,80.8081,88.1188,59.596,32.3232,62,58.8235
1.14604e+06,,,,,,,,,,,,,,,,,,,,,,684,,,,,,,
1.14613e+06,,,,,,,,,,,,,,,,,,,,,,873,,,,,,,
1.1463e+06,,,,,,,,,,,,,,,,,,,,,,732,,,,,,,
1.147e+06,60300,61700,61500,59500,58900,70000,1.2e+06,1.2e+06,1.2e+06,1.2e+06,1.596e+06,1.596e+06,,,,,,,,,,,9.627e+06,80.3922,85.7143,61.6162,36,55,58.1633
1.147e+06,,,,,,,,,,,,,,,,,,,,,,572,,,,,,,
1.14714e+06,,,,,,,,,,,,,,,,,,,,,,909,,,,,,,
1.14717e+06,,,,,,,,,,,,,,,,,,,,,,570,,,,,,,
1.14723e+06,,,,,,,,,,,,,,,,,,,,,,900,,,,,,,
1.14737e+06,,,,,,,,,,,,,,,,,,,,,,648,,,,,,,
1.14751e+06,,,,,,,,,,,,,,,,,,,,,,475,,,,,,,
1.14752e+06,,,,,,,,,,,,,,,,,,,,,,580,,,,,,,
1.14766e+06,,,,,,,,,,,,,,,,,,,,,,685,,,,,,,
1.14769e+06,,,,,,,,,,,,,,,,,,,,,,874,,,,,,,
1.14792e+06,,,,,,,,,,,,,,,,,,,,,,733,,,,,,,
1.148e+06,60300,61700,61500,59500,59300,70000,1.2e+06,1.2e+06,1.2e+06,1.2e+06,1.596e+06,1.596e+06,,,,,,,,,,,9.044e+06,79.2079,88.8889,59.8039,35.3535,59.596,60.6061
1.14825e+06,,,,,,,,,,,,,,,,,,,,,,910,,,,,,,
1.14834e+06,,,,,,,,,,,,,,,,,,,,,,901,,,,,,,
1.14881e+06,,,,,,,,,,,,,,,,,,,,,,875,,,,,,,
1.149e+06,60300,62500,61700,59700,59100,70000,1.2e+06,1.2e+06,1.2e+06,1.2e+06,1.596e+06,1.596e+06,,,,,,,,,,,9.2096e+06,79,86,63,35,61.3861,63.6364
1.149e+06,,,,,,,,,,,,,,,,,,,,,,649,,,,,,,
1.14914e+06,,,,,,,,,,,,,,,,,,,,,,573,,,,,,,
1.14929e+06,,,,,,,,,,,,,,,,,,,,,,686,,,,,,,
1.14931e+06,,,,,,,,,,,,,,,,,,,,,,571,,,,,,,
1.14936e+06,,,,,,,,,,,,,,,,,,,,,,911,,,,,,,
1.14946e+06,,,,,,,,,,,,,,,,,,,,,,902,,,,,,,
1.14953e+06,,,,,,,,,,,,,,,,,,,,,,734,,,,,,,
1.14965e+06,,,,,,,,,,,,,,,,,,,,,,581,,,,,,,
1.14969e+06,,,,,,,,,,,,,,,,,,,,,,476,,,,,,,
1.15e+06,60300,62300,61500,59700,59300,70000,1.2e+06,1.2e+06,1.2e+06,1.2e+06,1.596e+06,1.596e+06,,,,,,,,,,,8.123e+06,82.3529,85.7143,57.5758,36.3636,59,59.596
1.15037e+06,,,,,,,,,,,,,,,,,,,,,,876,,,,,,,
1.15091e+06,,,,,,,,,,,,,,,,,,,,,,912,,,,,,,
1.15091e+06,,,,,,,,,,,,,,,,,,,,,,687,,,,,,,
1.15099e+06,60300,62100,61700,59500,59500,70000,1.2e+06,1.2e+06,1.2e+06,1.2e+06,1.596e+06,1.596e+06,,,,,,,,,,,8.6314e+06,81.1881,85.1485,56.4356,29.2929,57.4257,57.5758
1.15102e+06,,,,,,,,,,,,,,,,,,,,,,903,,,,,,,
1.15114e+06,,,,,,,,,,,,,,,,,,,,,,735,,,,,,,
1.15128e+06,,,,,,,,,,,,,,,,,,,,,,574,,,,,,,
1.15131e+06,,,,,,,,,,,,,,,,,,,,,,582,,,,,,,
1.15145e+06,,,,,,,,,,,,,,,,,,,,,,572,,,,,,,
1.15149e+06,,,,,,,,,,,,,,,,,,,,,,877,,,,,,,
1.15165e+06,,,,,,,,,,,,,24.246,,,,,,,,,,,,,,,,
1.152e+06,60100,62100,61500,59500,59300,70000,1.2e+06,1.2e+06,1.2e+06,1.2e+06,1.596e+06,1.596e+06,,,,,,,,,,,8.9306e+06,83.1683,85.7143,56.4356,28,59.7938,61
1.15202e+06,,,,,,,,,,,,,,,,,,,,,,913,,,,,,,
1.15213e+06,,,,,,,,,,,,,,,,,,,,,,904,,,,,,,
1.15236e+06,,,,,,,,,,,,,,,,,,,,,,477,,,,,,,
1.15254e+06,,,,,,,,,,,,,,,,,,,,,,688,,,,,,,
1.15261e+06,,,,,,,,,,,,,,,,,,,,,,878,,,,,,,
1.15275e+06,,,,,,,,,,,,,,,,,,,,,,651,,,,,,,
1.15275e+06,,,,,,,,,,,,,,,,,,,,,,736,,,,,,,
1.15294e+06,,,,,,,,,,,,,,,,,,,,,,575,,,,,,,
1.153e+06,60300,62300,61300,59300,58700,70000,1.2e+06,1.2e+06,1.2e+06,1.2e+06,1.596e+06,1.596e+06,,,,,,,,,,,9.712e+06,80,88,62.3762,33.6634,59.4059,58
1.15311e+06,,,,,,,,,,,,,,,,,,,,,,573,,,,,,,
1.15313e+06,,,,,,,,,,,,,,,,,,,,,,914,,,,,,,
1.15324e+06,,,,,,,,,,,,,,,,,,,,,,905,,,,,,,
1.15345e+06,,,,,,,,,,,,,,,,,,,,,,583,,,,,,,
1.15399e+06,60300,61700,61500,59300,59100,70000,1.2e+06,1.2e+06,1.2e+06,1.2e+06,1.596e+06,1.596e+06,,,,,,,,,,,9.1256e+06,81,86,61,35.7143,55.5556,58.1633
1.15416e+06,,,,,,,,,,,,,,,,,,,,,,689,,,,,,,
1.15417e+06,,,,,,,,,,,,,,,,,,,,,,879,,,,,,,
1.15437e+06,,,,,,,,,,,,,,,,,,,,,,737,,,,,,,
1.15438e+06,,,,,,,,,,,,,,,,,,,,,,652,,,,,,,
1.15454e+06,,,,,,,,,,,,,,,,,,,,,,478,,,,,,,
1.15468e+06,,,,,,,,,,,,,,,,,,,,,,915,,,,,,,
1.1548e+06,,,,,,,,,,,,,,,,,,,,,,906,,,,,,,
1.155e+06,60500,61900,61700,59500,59300,70000,1.2e+06,1.2e+06,1.2e+06,1.2e+06,1.596e+06,1.596e+06,,,,,,,,,,,9.5426e+06,79.4118,89.899,61.3861,35.3535,62,62
1.15508e+06,,,,,,,,,,,,,,,,,,,,,,576,,,,,,,
1.15511e+06,,,,,,,,,,,,,,,,,,,,,,584,,,,,,,
1.15525e+06,,,,,,,,,,,,,,,,,,,,,,574,,,,,,,
1.15529e+06,,,,,,,,,,,,,,,,,,,,,,880,,,,,,,
1.15578e+06,,,,,,,,,,,,,,,,,,,,,,690,,,,,,,
1.1558e+06,,,,,,,,,,,,,,,,,,,,,,916,,,,,,,
1.15591e+06,,,,,,,,,,,,,,,,,,,,,,907,,,,,,,
1.15591e+06,,,,,,,,,,,,,,66.25,60.53,,,,,,,,,,,,,,
1.15598e+06,,,,,,,,,,,,,,,,,,,,,,738,,,,,,,
1.156e+06,60300,62100,61500,59700,59300,70000,1.2e+06,1.2e+06,1.2e+06,1.2e+06,1.596e+06,1.596e+06,,,,,,,,,,,8.9578e+06,80.198,85.7143,61,36.6337,60,63.6364
1.15602e+06,,,,,,,,,,,,,,,,,,,,,,653,,,,,,,
1.15672e+06,,,,,,,,,,,,,,,,,,,,,,479,,,,,,,
1.15692e+06,,,,,,,,,,,,,,,,,,,,,,917,,,,,,,
1.15699e+06,60300,62100,61500,59700,59300,70000,1.2e+06,1.2e+06,1.2e+06,1.2e+06,1.596e+06,1.596e+06,,,,,,,,,,,8.9496e+06,84.1584,85.1485,57.4257,34.3434,61,60.2041
1.15702e+06,,,,,,,,,,,,,,,,,,,,,,908,,,,,,,
1.15722e+06,,,,,,,,,,,,,,,,,,,,,,577,,,,,,,
1.15724e+06,,,,,,,,,,,,,,,,,,,,,,585,,,,,,,
1.15739e+06,,,,,,,,,,,,,,,,,,,,,,575,,,,,,,
1.15741e+06,,,,,,,,,,,,,,,,,,,,,,691,,,,,,,
1.15759e+06,,,,,,,,,,,,,,,,,,,,,,739,,,,,,,
1.15797e+06,,,,,,,,,,,,,,,,,,,,,,882,,,,,,,
1.15799e+06,60500,62100,61500,59500,59100,70000,1.2e+06,1.2e+06,1.2e+06,1.2e+06,1.596e+06,1.596e+06,,,,,,,,,,,8.5372e+06,81.3725,85.7143,57,29,57.1429,58.5859
1.15813e+06,,,,,,,,,,,,,,,,,,,,,,654,,,,,,,
1.15847e+06,,,,,,,,,,,,,,,,,,,,,,918,,,,,,,
1.15858e+06,,,,,,,,,,,,,,,,,,,,,,909,,,,,,,
1.15873e+06,,,,,,,,,,,,,,,,,,,,,,740,,,,,,,
1.15888e+06,,,,,,,,,,,,,,,,,,,,,,578,,,,,,,
1.159e+06,60300,62300,61500,59700,59300,70000,1.2e+06,1.2e+06,1.2e+06,1.2e+06,1.596e+06,1.596e+06,,,,,,,,,,,9.359e+06,82,85,56.8627,28.7129,58.4158,59.8039
1.15903e+06,,,,,,,,,,,,,,,,,,,,,,692,,,,,,,
1.15905e+06,,,,,,,,,,,,,,,,,,,,,,576,,,,,,,
1.15909e+06,,,,,,,,,,,,,,,,,,,,,,883,,,,,,,
1.15938e+06,,,,,,,,,,,,,,,,,,,,,,586,,,,,,,
1.15939e+06,,,,,,,,,,,,,,,,,,,,,,480,,,,,,,
1.15969e+06,,,,,,,,,,,,,,,,,,,,,,910,,,,,,,
1.15976e+06,,,,,,,,,,,,,,,,,,,,,,655,,,,,,,
1.16e+06,60500,62500,61300,59500,59300,70000,1.2e+06,1.2e+06,1.2e+06,1.2e+06,1.596e+06,1.596e+06,,,,,,,,,,,8.7462e+06,80.198,88.7755,63.6364,35.3535,58.5859,57.5758
1.16034e+06,,,,,,,,,,,,,,,,,,,,,,741,,,,,,,
1.16065e+06,,,,,,,,,,,,,,,,,,,,,,884,,,,,,,
1.16066e+06,,,,,,,,,,,,,,,,,,,,,,693,,,,,,,
1.16069e+06,,,,,,,,,,,,,,,,,,,,,,920,,,,,,,
1.16081e+06,,,,,,,,,,,,,,,,,,,,,,911,,,,,,,
1.161e+06,60300,61700,61500,59700,59100,70000,1.2e+06,1.2e+06,1.2e+06,1.2e+06,1.596e+06,1.596e+06,,,,,,,,,,,8.6422e+06,81,86,58.4158,35.3535,57,58.5859
1.16102e+06,,,,,,,,,,,,,,,,,,,,,,579,,,,,,,
1.16104e+06,,,,,,,,,,,,,,,,,,,,,,587,,,,,,,
1.16119e+06,,,,,,,,,,,,,,,,,,,,,,577,,,,,,,
1.1614e+06,,,,,,,,,,,,,,,,,,,,,,656,,,,,,,
1.16157e+06,,,,,,,,,,,,,,,,,,,,,,481,,,,,,,
1.16172e+06,,,,,,,,,,,,,24.235,,,,,,,,,,,,,,,,
1.16177e+06,,,,,,,,,,,,,,,,,,,,,,885,,,,,,,
1.16195e+06,,,,,,,,,,,,,,,,,,,,,,742,,,,,,,
1.162e+06,60500,62300,61500,59500,59300,70000,1.2e+06,1.2e+06,1.2e+06,1.2e+06,1.596e+06,1.596e+06,,,,,,,,,,,9.208e+06,79.6117,89,63.7255,34.6939,62.6263,64.2857
1.16224e+06,,,,,,,,,,,,,,,,,,,,,,921,,,,,,,
1.16228e+06,,,,,,,,,,,,,,,,,,,,,,694,,,,,,,
1.16237e+06,,,,,,,,,,,,,,,,,,,,,,912,,,,,,,
1.16299e+06,60100,62100,61300,59500,59300,70000,1.2e+06,1.2e+06,1.2e+06,1.2e+06,1.596e+06,1.596e+06,,,,,,,,,,,8.5322e+06,79,85.7143,58.5859,33.6735,57.5758,59.596
1.16304e+06,,,,,,,,,,,,,,,,,,,,,,657,,,,,,,
1.16316e+06,,,,,,,,,,,,,,,,,,,,,,580,,,,,,,
1.16317e+06,,,,,,,,,,,,,,,,,,,,,,588,,,,,,,
1.16333e+06,,,,,,,,,,,,,,,,,,,,,,578,,,,,,,
1.16334e+06,,,,,,,,,,,,,,,,,,,,,,886,,,,,,,
1.16335e+06,,,,,,,,,,,,,,,,,,,,,,922,,,,,,,
1.16348e+06,,,,,,,,,,,,,,,,,,,,,,913,,,,,,,
1.16356e+06,,,,,,,,,,,,,,,,,,,,,,743,,,,,,,
1.16391e+06,,,,,,,,,,,,,,,,,,,,,,695,,,,,,,
1.164e+06,60300,62100,61500,59500,59300,70000,1.2e+06,1.2e+06,1.2e+06,1.2e+06,1.596e+06,1.596e+06,,,,,,,,,,,8.8836e+06,84.1584,85,57.4257,35.2941,61,60.6061
1.16424e+06,,,,,,,,,,,,,,,,,,,,,,482,,,,,,,
1.16446e+06,,,,,,,,,,,,,,,,,,,,,,887,,,,,,,
1.16446e+06,,,,,,,,,,,,,,,,,,,,,,923,,,,,,,
1.16459e+06,,,,,,,,,,,,,,,,,,,,,,914,,,,,,,
1.16467e+06,,,,,,,,,,,,,,,,,,,,,,658,,,,,,,
1.16482e+06,,,,,,,,,,,,,,,,,,,,,,581,,,,,,,
1.16483e+06,,,,,,,,,,,,,,,,,,,,,,589,,,,,,,
1.16499e+06,,,,,,,,,,,,,,,,,,,,,,579,,,,,,,
1.165e+06,60300,62500,61500,59500,59100,70000,1.2e+06,1.2e+06,1.2e+06,1.2e+06,1.596e+06,1.596e+06,,,,,,,,,,,9.0772e+06,83.1683,85.8586,57,28.2828,59.1837,60
1.16517e+06,,,,,,,,,,,,,,,,,,,,,,744,,,,,,,
1.16553e+06,,,,,,,,,,,,,,,,,,,,,,696,,,,,,,
1.16557e+06,,,,,,,,,,,,,,,,,,,,,,924,,,,,,,
1.166e+06,60500,62600,61900,59700,59300,70000,1.2e+06,1.2e+06,1.2e+06,1.2e+06,1.596e+06,1.596e+06,,,,,,,,,,,8.6146e+06,80.198,86.8687,60,31.6832,57.5758,58.5859
1.16602e+06,,,,,,,,,,,,,,,,,,,,,,888,,,,,,,
1.16604e+06,,,,,,,,,,,,,,66.29,60.45,,,,,,,,,,,,,,
1.16615e+06,,,,,,,,,,,,,,,,,,,,,,915,,,,,,,
1.16642e+06,,,,,,,,,,,,,,,,,,,,,,483,,,,,,,
1.16678e+06,,,,,,,,,,,,,,,,,,,,,,659,,,,,,,
1.16679e+06,,,,,,,,,,,,,,,,,,,,,,745,,,,,,,
1.16696e+06,,,,,,,,,,,,,,,,,,,,,,582,,,,,,,
1.16697e+06,,,,,,,,,,,,,,,,,,,,,,590,,,,,,,
1.16699e+06,60300,62100,61500,59500,59300,70000,1.2e+06,1.2e+06,1.2e+06,1.2e+06,1.596e+06,1.596e+06,,,,,,,,,,,9.336e+06,80.198,87.8788,64.6465,36,58.4158,57
1.16712e+06,,,,,,,,,,,,,,,,,,,,,,925,,,,,,,
1.16714e+06,,,,,,,,,,,,,,,,,,,,,,889,,,,,,,
1.16715e+06,,,,,,,,,,,,,,,,,,,,,,580,,,,,,,
1.16764e+06,,,,,,,,,,,,,,,,,,,,,,697,,,,,,,
1.168e+06,60500,62100,61900,59700,59300,70000,1.2e+06,1.2e+06,1.2e+06,1.2e+06,1.596e+06,1.596e+06,,,,,,,,,,,8.5322e+06,80.3922,86.8687,58.2524,36,57.1429,59.596
1.16824e+06,,,,,,,,,,,,,,,,,,,,,,926,,,,,,,
1.16826e+06,,,,,,,,,,,,,,,,,,,,,,890,,,,,,,
1.1684e+06,,,,,,,,,,,,,,,,,,,,,,746,,,,,,,
1.16842e+06,,,,,,,,,,,,,,,,,,,,,,660,,,,,,,
1.1686e+06,,,,,,,,,,,,,,,,,,,,,,484,,,,,,,
1.16882e+06,,,,,,,,,,,,,,,,,,,,,,917,,,,,,,
1.169e+06,60500,62500,61500,59700,59100,70000,1.2e+06,1.2e+06,1.2e+06,1.2e+06,1.596e+06,1.596e+06,,,,,,,,,,,9.8786e+06,79.798,88,64,37,64.3564,64.2857
1.1691e+06,,,,,,,,,,,,,,,,,,,,,,583,,,,,,,
1.1691e+06,,,,,,,,,,,,,,,,,,,,,,591,,,,,,,
1.16927e+06,,,,,,,,,,,,,,,,,,,,,,698,,,,,,,
1.16929e+06,,,,,,,,,,,,,,,,,,,,,,581,,,,,,,
1.16935e+06,,,,,,,,,,,,,,,,,,,,,,927,,,,,,,
1.16983e+06,,,,,,,,,,,,,,,,,,,,,,891,,,,,,,
1.16993e+06,,,,,,,,,,,,,,,,,,,,,,918,,,,,,,
1.17e+06,60300,62800,61500,59700,59100,70000,1.2e+06,1.2e+06,1.2e+06,1.2e+06,1.596e+06,1.596e+06,,,,,,,,,,,8.7884e+06,80.198,86,56.5657,36.6337,57,58.5859
1.17001e+06,,,,,,,,,,,,,,,,,,,,,,747,,,,,,,
1.17005e+06,,,,,,,,,,,,,,,,,,,,,,661,,,,,,,
1.17076e+06,,,,,,,,,,,,,,,,,,,,,,584,,,,,,,
1.17076e+06,,,,,,,,,,,,,,,,,,,,,,592,,,,,,,
1.17089e+06,,,,,,,,,,,,,,,,,,,,,,699,,,,,,,
1.1709e+06,,,,,,,,,,,,,,,,,,,,,,928,,,,,,,
1.17094e+06,,,,,,,,,,,,,,,,,,,,,,892,,,,,,,
1.171e+06,60900,62500,61500,59700,59500,70000,1.2e+06,1.2e+06,1.2e+06,1.2e+06,1.596e+06,1.596e+06,,,,,,,,,,,9.7006e+06,84.1584,85,57,31,59,59.596
1.17104e+06,,,,,,,,,,,,,,,,,,,,,,919,,,,,,,
1.17127e+06,,,,,,,,,,,,,,,,,,,,,,485,,,,,,,
1.17143e+06,,,,,,,,,,,,,,,,,,,,,,582,,,,,,,
1.17162e+06,,,,,,,,,,,,,,,,,,,,,,748,,,,,,,
1.17169e+06,,,,,,,,,,,,,,,,,,,,,,662,,,,,,,
1.17178e+06,,,,,,,,,,,,,24.257,,,,,,,,,,,,,,,,
1.172e+06,60700,62600,61500,59700,59100,70000,1.2e+06,1.2e+06,1.2e+06,1.2e+06,1.596e+06,1.596e+06,,,,,,,,,,,9.1578e+06,82.3529,85.7143,57.8431,26.5306,59.596,61.3861
1.17201e+06,,,,,,,,,,,,,,,,,,,,,,929,,,,,,,
1.17251e+06,,,,,,,,,,,,,,,,,,,,,,893,,,,,,,
1.17252e+06,,,,,,,,,,,,,,,,,,,,,,700,,,,,,,
1.1726e+06,,,,,,,,,,,,,,,,,,,,,,920,,,,,,,
1.17276e+06,,,,,,,,,,,,,,,,,,,,,,749,,,,,,,
1.1729e+06,,,,,,,,,,,,,,,,,,,,,,593,,,,,,,
1.1729e+06,,,,,,,,,,,,,,,,,,,,,,585,,,,,,,
1.17299e+06,60500,62600,61500,59500,59300,70000,1.2e+06,1.2e+06,1.2e+06,1.2e+06,1.596e+06,1.596e+06,,,,,,,,,,,8.9546e+06,81.1881,89,60,32.3232,59.596,58.5859
1.17309e+06,,,,,,,,,,,,,,,,,,,,,,583,,,,,,,
1.17312e+06,,,,,,,,,,,,,,,,,,,,,,930,,,,,,,
1.17346e+06,,,,,,,,,,,,,,,,,,,,,,486,,,,,,,
1.17363e+06,,,,,,,,,,,,,,,,,,,,,,894,,,,,,,
1.17371e+06,,,,,,,,,,,,,,,,,,,,,,921,,,,,,,
1.1738e+06,,,,,,,,,,,,,,,,,,,,,,663,,,,,,,
1.174e+06,60500,61700,61500,59500,59300,70000,1.2e+06,1.2e+06,1.2e+06,1.2e+06,1.596e+06,1.596e+06,,,,,,,,,,,8.5358e+06,81.1881,85,62.3762,36.3636,56,57.5758
1.17437e+06,,,,,,,,,,,,,,,,,,,,,,750,,,,,,,
1.17467e+06,,,,,,,,,,,,,,,,,,,,,,931,,,,,,,
1.17475e+06,,,,,,,,,,,,,,,,,,,,,,895,,,,,,,
1.17482e+06,,,,,,,,,,,,,,,,,,,,,,922,,,,,,,
1.175e+06,60700,62800,61900,59700,59300,70000,1.2e+06,1.2e+06,1.2e+06,1.2e+06,1.596e+06,1.596e+06,,,,,,,,,,,9.231e+06,79.2079,89.7959,59.4059,36.6337,59.596,60.6061
1.17503e+06,,,,,,,,,,,,,,,,,,,,,,594,,,,,,,
1.17504e+06,,,,,,,,,,,,,,,,,,,,,,586,,,,,,,
1.17524e+06,,,,,,,,,,,,,,,,,,,,,,584,,,,,,,
1.17544e+06,,,,,,,,,,,,,,,,,,,,,,664,,,,,,,
1.17579e+06,,,,,,,,,,,,,,,,,,,,,,932,,,,,,,
1.17598e+06,,,,,,,,,,,,,,,,,,,,,,751,,,,,,,
1.176e+06,60500,62800,61500,59700,59500,70000,1.2e+06,1.2e+06,1.2e+06,1.2e+06,1.596e+06,1.596e+06,,,,,,,,,,,8.4164e+06,79.4118,85,62.3762,35.3535,63.3663,63.6364
1.17613e+06,,,,,,,,,,,,,,,,,,,,,,487,,,,,,,
1.17617e+06,,,,,,,,,,,,,,66.21,60.45,,,,,,,,,,,,,,
1.17631e+06,,,,,,,,,,,,,,,,,,,,,,896,,,,,,,
1.17638e+06,,,,,,,,,,,,,,,,,,,,,,923,,,,,,,
1.17669e+06,,,,,,,,,,,,,,,,,,,,,,595,,,,,,,
1.1767e+06,,,,,,,,,,,,,,,,,,,,,,587,,,,,,,
1.1769e+06,,,,,,,,,,,,,,,,,,,,,,933,,,,,,,
1.17699e+06,60500,62800,61500,59900,59500,70000,1.2e+06,1.2e+06,1.2e+06,1.2e+06,1.596e+06,1.596e+06,,,,,,,,,,,9.389e+06,83,86.8687,58,40.404,58.4158,59.1837
1.17707e+06,,,,,,,,,,,,,,,,,,,,,,665,,,,,,,
1.17738e+06,,,,,,,,,,,,,,,,,,,,,,585,,,,,,,
1.1774e+06,,,,,,,,,,,,,,,,,,,,,,703,,,,,,,
1.17743e+06,,,,,,,,,,,,,,,,,,,,,,897,,,,,,,
1.17749e+06,,,,,,,,,,,,,,,,,,,,,,924,,,,,,,
1.1776e+06,,,,,,,,,,,,,,,,,,,,,,752,,,,,,,
1.178e+06,60700,62800,61700,59900,59500,70000,1.2e+06,1.2e+06,1.2e+06,1.2e+06,1.596e+06,1.596e+06,,,,,,,,,,,8.8028e+06,81.1881,85.8586,56.8627,29.703,58,58
1.17831e+06,,,,,,,,,,,,,,,,,,,,,,488,,,,,,,
1.17861e+06,,,,,,,,,,,,,,,,,,,,,,925,,,,,,,
1.17871e+06,,,,,,,,,,,,,,,,,,,,,,666,,,,,,,
1.17883e+06,,,,,,,,,,,,,,,,,,,,,,596,,,,,,,
1.17884e+06,,,,,,,,,,,,,,,,,,,,,,588,,,,,,,
1.17899e+06,,,,,,,,,,,,,,,,,,,,,,898,,,,,,,
1.17899e+06,60300,62500,61500,59700,59500,70000,1.2e+06,1.2e+06,1.2e+06,1.2e+06,1.596e+06,1.596e+06,,,,,,,,,,,8.1376e+06,84.1584,85,57.1429,25.7732,59.1837,60
1.17903e+06,,,,,,,,,,,,,,,,,,,,,,704,,,,,,,
1.17921e+06,,,,,,,,,,,,,,,,,,,,,,753,,,,,,,
1.17952e+06,,,,,,,,,,,,,,,,,,,,,,586,,,,,,,
1.17957e+06,,,,,,,,,,,,,,,,,,,,,,935,,,,,,,
1.17999e+06,60300,62500,61500,59700,59300,70000,1.2e+06,1.2e+06,1.2e+06,1.2e+06,1.596e+06,1.596e+06,,,,,,,,,,,9.164e+06,79.798,88.8889,61.6162,33.6634,59.4059,58.5859
1.18011e+06,,,,,,,,,,,,,,,,,,,,,,899,,,,,,,
1.18017e+06,,,,,,,,,,,,,,,,,,,,,,926,,,,,,,
1.18049e+06,,,,,,,,,,,,,,,,,,,,,,597,,,,,,,
1.18068e+06,,,,,,,,,,,,,,,,,,,,,,936,,,,,,,
1.18082e+06,,,,,,,,,,,,,,,,,,,,,,667,,,,,,,
1.18082e+06,,,,,,,,,,,,,,,,,,,,,,754,,,,,,,
1.18098e+06,,,,,,,,,,,,,,,,,,,,,,489,,,,,,,
1.18098e+06,,,,,,,,,,,,,,,,,,,,,,589,,,,,,,
1.18099e+06,60500,61700,61700,59700,59300,70000,1.2e+06,1.2e+06,1.2e+06,1.2e+06,1.596e+06,1.596e+06,,,,,,,,,,,8.388e+06,80.198,85.7143,60.7843,36.3636,55.5556,58.1633
1.18114e+06,,,,,,,,,,,,,,,,,,,,,,705,,,,,,,
1.18118e+06,,,,,,,,,,,,,,,,,,,,,,587,,,,,,,
1.18123e+06,,,,,,,,,,,,,,,,,,,,,,900,,,,,,,
1.18128e+06,,,,,,,,,,,,,,,,,,,,,,927,,,,,,,
1.18185e+06,,,,,,,,,,,,,24.257,,,,,,,,,,,,,,,,
1.182e+06,60700,62800,61500,59900,59300,70000,1.2e+06,1.2e+06,1.2e+06,1.2e+06,1.596e+06,1.596e+06,,,,,,,,,,,9.2686e+06,80.3922,89.1089,61.3861,36,61,62
1.18222e+06,,,,,,,,,,,,,,,,,,,,,,937,,,,,,,
1.18239e+06,,,,,,,,,,,,,,,,,,,,,,928,,,,,,,
1.18243e+06,,,,,,,,,,,,,,,,,,,,,,755,,,,,,,
1.18245e+06,,,,,,,,,,,,,,,,,,,,,,668,,,,,,,
1.18262e+06,,,,,,,,,,,,,,,,,,,,,,598,,,,,,,
1.18264e+06,,,,,,,,,,,,,,,,,,,,,,590,,,,,,,
1.18276e+06,,,,,,,,,,,,,,,,,,,,,,706,,,,,,,
1.18279e+06,,,,,,,,,,,,,,,,,,,,,,901,,,,,,,
1.18299e+06,60300,62500,61900,59900,59500,70000,1.2e+06,1.2e+06,1.2e+06,1.2e+06,1.596e+06,1.596e+06,,,,,,,,,,,8.3608e+06,79.2079,85.8586,60.6061,37,60,61.6162
1.18316e+06,,,,,,,,,,,,,,,,,,,,,,490,,,,,,,
1.18332e+06,,,,,,,,,,,,,,,,,,,,,,588,,,,,,,
1.18333e+06,,,,,,,,,,,,,,,,,,,,,,938,,,,,,,
1.18395e+06,,,,,,,,,,,,,,,,,,,,,,929,,,,,,,
1.184e+06,60500,62600,61500,59700,59300,70000,1.2e+06,1.2e+06,1.2e+06,1.2e+06,1.596e+06,1.596e+06,,,,,,,,,,,9.1684e+06,83.1683,85,58,34.3434,60.6061,60.6061
1.18404e+06,,,,,,,,,,,,,,,,,,,,,,756,,,,,,,
1.18409e+06,,,,,,,,,,,,,,,,,,,,,,669,,,,,,,
1.18438e+06,,,,,,,,,,,,,,,,,,,,,,707,,,,,,,
1.18444e+06,,,,,,,,,,,,,,,,,,,,,,939,,,,,,,
1.18476e+06,,,,,,,,,,,,,,,,,,,,,,599,,,,,,,
1.18478e+06,,,,,,,,,,,,,,,,,,,,,,591,,,,,,,
1.18499e+06,60300,62500,61500,59700,59300,70000,1.2e+06,1.2e+06,1.2e+06,1.2e+06,1.596e+06,1.596e+06,,,,,,,,,,,8.4636e+06,82.1782,85.8586,57.4257,29.703,57.5758,58.5859
1.18506e+06,,,,,,,,,,,,,,,,,,,,,,930,,,,,,,
1.18518e+06,,,,,,,,,,,,,,,,,,,,,,757,,,,,,,
1.18534e+06,,,,,,,,,,,,,,,,,,,,,,491,,,,,,,
1.18546e+06,,,,,,,,,,,,,,,,,,,,,,589,,,,,,,
1.18547e+06,,,,,,,,,,,,,,,,,,,,,,903,,,,,,,
1.18573e+06,,,,,,,,,,,,,,,,,,,,,,670,,,,,,,
1.186e+06,60700,62100,61500,59500,59300,70000,1.2e+06,1.2e+06,1.2e+06,1.2e+06,1.596e+06,1.596e+06,,,,,,,,,,,9.0276e+06,81.3725,85.8586,56,29,58.4158,59.4059
1.186e+06,,,,,,,,,,,,,,,,,,,,,,940,,,,,,,
1.18601e+06,,,,,,,,,,,,,,,,,,,,,,708,,,,,,,
1.18617e+06,,,,,,,,,,,,,,,,,,,,,,931,,,,,,,
1.18629e+06,,,,,,,,,,,,,,66.17,60.36,,,,,,,,,,,,,,
1.18642e+06,,,,,,,,,,,,,,,,,,,,,,600,,,,,,,
1.18659e+06,,,,,,,,,,,,,,,,,,,,,,904,,,,,,,
1.18679e+06,,,,,,,,,,,,,,,,,,,,,,758,,,,,,,
1.18692e+06,,,,,,,,,,,,,,,,,,,,,,592,,,,,,,
1.187e+06,60500,62600,61300,59700,59300,70000,1.2e+06,1.2e+06,1.2e+06,1.2e+06,1.596e+06,1.596e+06,,,,,,,,,,,8.6242e+06,81,87.8788,62.6263,38.3838,59.596,58.1633
1.18711e+06,,,,,,,,,,,,,,,,,,,,,,941,,,,,,,
1.18712e+06,,,,,,,,,,,,,,,,,,,,,,590,,,,,,,
1.18763e+06,,,,,,,,,,,,,,,,,,,,,,709,,,,,,,
1.18771e+06,,,,,,,,,,,,,,,,,,,,,,905,,,,,,,
1.18773e+06,,,,,,,,,,,,,,,,,,,,,,932,,,,,,,
1.18784e+06,,,,,,,,,,,,,,,,,,,,,,671,,,,,,,
1.188e+06,60500,61700,61900,59700,59300,70000,1.2e+06,1.2e+06,1.2e+06,1.2e+06,1.596e+06,1.596e+06,,,,,,,,,,,8.5808e+06,80,86,59.8039,36,55,57.5758
1.18801e+06,,,,,,,,,,,,,,,,,,,,,,492,,,,,,,
1.18822e+06,,,,,,,,,,,,,,,,,,,,,,942,,,,,,,
1.1884e+06,,,,,,,,,,,,,,,,,,,,,,759,,,,,,,
1.18855e+06,,,,,,,,,,,,,,,,,,,,,,601,,,,,,,
1.18858e+06,,,,,,,,,,,,,,,,,,,,,,593,,,,,,,
1.18884e+06,,,,,,,,,,,,,,,,,,,,,,933,,,,,,,
1.189e+06,60500,62600,61500,59900,59500,70000,1.2e+06,1.2e+06,1.2e+06,1.2e+06,1.596e+06,1.596e+06,,,,,,,,,,,9.0274e+06,79.4118,88.8889,63,35.3535,64,64.6465
1.18926e+06,,,,,,,,,,,,,,,,,,,,,,710,,,,,,,
1.18926e+06,,,,,,,,,,,,,,,,,,,,,,591,,,,,,,
1.18927e+06,,,,,,,,,,,,,,,,,,,,,,906,,,,,,,
1.18933e+06,,,,,,,,,,,,,,,,,,,,,,943,,,,,,,
1.18947e+06,,,,,,,,,,,,,,,,,,,,,,672,,,,,,,
1.18995e+06,,,,,,,,,,,,,,,,,,,,,,934,,,,,,,
1.19e+06,60300,61900,61500,59700,59300,70000,1.2e+06,1.2e+06,1.2e+06,1.2e+06,1.596e+06,1.596e+06,,,,,,,,,,,8.9548e+06,80,85.8586,59,35.3535,58,60
1.19002e+06,,,,,,,,,,,,,,,,,,,,,,760,,,,,,,
1.19019e+06,,,,,,,,,,,,,,,,,,,,,,493,,,,,,,
1.19021e+06,,,,,,,,,,,,,,,,,,,,,,602,,,,,,,
1.19039e+06,,,,,,,,,,,,,,,,,,,,,,907,,,,,,,
1.19072e+06,,,,,,,,,,,,,,,,,,,,,,594,,,,,,,
1.19088e+06,,,,,,,,,,,,,,,,,,,,,,944,,,,,,,
1.19088e+06,,,,,,,,,,,,,,,,,,,,,,711,,,,,,,
1.191e+06,60300,62100,61500,59700,59500,70000,1.2e+06,1.2e+06,1.2e+06,1.2e+06,1.596e+06,1.596e+06,,,,,,,,,,,8.9152e+06,83.3333,86,57.4257,33,60.6061,60.6061
1.19111e+06,,,,,,,,,,,,,,,,,,,,,,673,,,,,,,
1.19151e+06,,,,,,,,,,,,,,,,,,,,,,935,,,,,,,
1.19163e+06,,,,,,,,,,,,,,,,,,,,,,761,,,,,,,
1.19191e+06,,,,,,,,,,,,,24.246,,,,,,,,,,,,,,,,
1.19196e+06,,,,,,,,,,,,,,,,,,,,,,908,,,,,,,
1.19199e+06,,,,,,,,,,,,,,,,,,,,,,945,,,,,,,
1.192e+06,60300,62100,61900,59700,59500,70000,1.2e+06,1.2e+06,1.2e+06,1.2e+06,1.596e+06,1.596e+06,,,,,,,,,,,8.6194e+06,83.1683,85.8586,57.5758,28,59,60.6061
1.19235e+06,,,,,,,,,,,,,,,,,,,,,,603,,,,,,,
1.1925e+06,,,,,,,,,,,,,,,,,,,,,,712,,,,,,,
1.19262e+06,,,,,,,,,,,,,,,,,,,,,,936,,,,,,,
1.19274e+06,,,,,,,,,,,,,,,,,,,,,,674,,,,,,,
1.19286e+06,,,,,,,,,,,,,,,,,,,,,,494,,,,,,,
1.19286e+06,,,,,,,,,,,,,,,,,,,,,,595,,,,,,,
1.19299e+06,60500,62500,61500,59900,59500,70000,1.2e+06,1.2e+06,1.2e+06,1.2e+06,1.596e+06,1.596e+06,,,,,,,,,,,9.124e+06,81,87.8788,57.5758,28.2828,58.1633,59
1.19306e+06,,,,,,,,,,,,,,,,,,,,,,593,,,,,,,
1.19307e+06,,,,,,,,,,,,,,,,,,,,,,909,,,,,,,
1.1931e+06,,,,,,,,,,,,,,,,,,,,,,946,,,,,,,
1.19324e+06,,,,,,,,,,,,,,,,,,,,,,762,,,,,,,
1.19373e+06,,,,,,,,,,,,,,,,,,,,,,937,,,,,,,
1.194e+06,60700,62600,61500,59500,59300,70000,1.2e+06,1.2e+06,1.2e+06,1.2e+06,1.596e+06,1.596e+06,,,,,,,,,,,9.4192e+06,79.4118,87,64.3564,35.7143,58,56.1224
1.19413e+06,,,,,,,,,,,,,,,,,,,,,,713,,,,,,,
1.19448e+06,,,,,,,,,,,,,,,,,,,,,,604,,,,,,,
1.19452e+06,,,,,,,,,,,,,,,,,,,,,,596,,,,,,,
1.19465e+06,,,,,,,,,,,,,,,,,,,,,,947,,,,,,,
1.19485e+06,,,,,,,,,,,,,,,,,,,,,,763,,,,,,,
1.19485e+06,,,,,,,,,,,,,,,,,,,,,,675,,,,,,,
1.195e+06,60700,62100,61900,59700,59300,70000,1.2e+06,1.2e+06,1.2e+06,1.2e+06,1.596e+06,1.596e+06,,,,,,,,,,,7.9726e+06,82,86.8687,57.8431,35.3535,58,59.596
1.19504e+06,,,,,,,,,,,,,,,,,,,,,,495,,,,,,,
1.1952e+06,,,,,,,,,,,,,,,,,,,,,,594,,,,,,,
1.19529e+06,,,,,,,,,,,,,,,,,,,,,,938,,,,,,,
1.19575e+06,,,,,,,,,,,,,,,,,,,,,,714,,,,,,,
1.19576e+06,,,,,,,,,,,,,,,,,,,,,,911,,,,,,,
1.19576e+06,,,,,,,,,,,,,,,,,,,,,,948,,,,,,,
1.19599e+06,60500,62100,61500,59700,59500,70000,1.2e+06,1.2e+06,1.2e+06,1.2e+06,1.596e+06,1.596e+06,,,,,,,,,,,8.6628e+06,79.2079,88,63.6364,35.3535,63.6364,64.6465
1.19614e+06,,,,,,,,,,,,,,,,,,,,,,605,,,,,,,
1.1964e+06,,,,,,,,,,,,,,,,,,,,,,939,,,,,,,
1.19644e+06,,,,,,,,,,,,,,66.29,60.41,,,,,,,,,,,,,,
1.19647e+06,,,,,,,,,,,,,,,,,,,,,,764,,,,,,,
1.19649e+06,,,,,,,,,,,,,,,,,,,,,,676,,,,,,,
1.19666e+06,,,,,,,,,,,,,,,,,,,,,,597,,,,,,,
1.19687e+06,,,,,,,,,,,,,,,,,,,,,,912,,,,,,,
1.197e+06,60500,62500,61700,59500,59300,70000,1.2e+06,1.2e+06,1.2e+06,1.2e+06,1.596e+06,1.596e+06,,,,,,,,,,,8.4842e+06,81.1881,86,57,37,59.6154,58.5859
1.19722e+06,,,,,,,,,,,,,,,,,,,,,,496,,,,,,,
1.19734e+06,,,,,,,,,,,,,,,,,,,,,,595,,,,,,,
1.19738e+06,,,,,,,,,,,,,,,,,,,,,,715,,,,,,,
1.19752e+06,,,,,,,,,,,,,,,,,,,,,,940,,,,,,,
1.1976e+06,,,,,,,,,,,,,,,,,,,,,,765,,,,,,,
1.19799e+06,60500,62100,61500,59700,59500,70000,1.2e+06,1.2e+06,1.2e+06,1.2e+06,1.596e+06,1.596e+06,,,,,,,,,,,8.2852e+06,83,84.8485,57.4257,31.6832,60,59.596
1.19813e+06,,,,,,,,,,,,,,,,,,,,,,677,,,,,,,
1.19828e+06,,,,,,,,,,,,,,,,,,,,,,606,,,,,,,
1.19843e+06,,,,,,,,,,,,,,,,,,,,,,950,,,,,,,
1.19844e+06,,,,,,,,,,,,,,,,,,,,,,913,,,,,,,
1.1988e+06,,,,,,,,,,,,,,,,,,,,,,598,,,,,,,
1.199e+06,60500,62500,61500,59700,59500,70000,1.2e+06,1.2e+06,1.2e+06,1.2e+06,1.596e+06,1.596e+06,,,,,,,,,,,8.81e+06,83.1683,85.8586,57.4257,26.5306,59.596,61
1.199e+06,,,,,,,,,,,,,,,,,,,,,,596,,,,,,,
1.19901e+06,,,,,,,,,,,,,,,,,,,,,,716,,,,,,,
1.19908e+06,,,,,,,,,,,,,,,,,,,,,,941,,,,,,,
1.19954e+06,,,,,,,,,,,,,,,,,,,,,,951,,,,,,,
1.19956e+06,,,,,,,,,,,,,,,,,,,,,,914,,,,,,,
1.19976e+06,,,,,,,,,,,,,,,,,,,,,,678,,,,,,,
1.19989e+06,,,,,,,,,,,,,,,,,,,,,,497,,,,,,,
1.19993e+06,,,,,,,,,,,,,,,,,,,,,,607,,,,,,,
1.19999e+06,60500,62500,61700,59700,59300,70000,1.2e+06,1.2e+06,1.2e+06,1.2e+06,1.596e+06,1.596e+06,,,,,,,,,,,8.9258e+06,80.3922,88.8889,60.396,31.6327,59.1837,57.5758
1.20019e+06,,,,,,,,,,,,,,,,,,,,,,942,,,,,,,
1.20046e+06,,,,,,,,,,,,,,,,,,,,,,599,,,,,,,
1.20063e+06,,,,,,,,,,,,,,,,,,,,,,717,,,,,,,
1.20065e+06,,,,,,,,,,,,,,,,,,,,,,952,,,,,,,
1.20082e+06,,,,,,,,,,,,,,,,,,,,,,767,,,,,,,
1.201e+06,60700,62300,61500,59700,59100,70000,1.2e+06,1.2e+06,1.2e+06,1.2e+06,1.596e+06,1.596e+06,,,,,,,,,,,8.9902e+06,81,85.8586,62.3762,37.8641,56.4356,59
1.20112e+06,,,,,,,,,,,,,,,,,,,,,,915,,,,,,,
1.20114e+06,,,,,,,,,,,,,,,,,,,,,,597,,,,,,,
1.2013e+06,,,,,,,,,,,,,,,,,,,,,,943,,,,,,,
1.20187e+06,,,,,,,,,,,,,,,,,,,,,,679,,,,,,,
1.20198e+06,,,,,,,,,,,,,24.278,,,,,,,,,,,,,,,,
1.202e+06,60900,62100,61700,59700,59500,70000,1.2e+06,1.2e+06,1.2e+06,1.2e+06,1.596e+06,1.596e+06,,,,,,,,,,,8.8594e+06,79.2079,88.8889,60,34.6939,60,60.2041
1.20207e+06,,,,,,,,,,,,,,,,,,,,,,608,,,,,,,
1.20207e+06,,,,,,,,,,,,,,,,,,,,,,498,,,,,,,
1.2022e+06,,,,,,,,,,,,,,,,,,,,,,953,,,,,,,
1.20224e+06,,,,,,,,,,,,,,,,,,,,,,916,,,,,,,
1.20244e+06,,,,,,,,,,,,,,,,,,,,,,768,,,,,,,
1.2026e+06,,,,,,,,,,,,,,,,,,,,,,600,,,,,,,
1.20274e+06,,,,,,,,,,,,,,,,,,,,,,718,,,,,,,
1.20286e+06,,,,,,,,,,,,,,,,,,,,,,944,,,,,,,
1.20299e+06,60700,62100,61700,59900,59500,70000,1.2e+06,1.2e+06,1.2e+06,1.2e+06,1.596e+06,1.596e+06,,,,,,,,,,,9.1044e+06,80,86,62,37.6238,62,63.6364
1.20328e+06,,,,,,,,,,,,,,,,,,,,,,598,,,,,,,
1.20331e+06,,,,,,,,,,,,,,,,,,,,,,954,,,,,,,
1.20336e+06,,,,,,,,,,,,,,,,,,,,,,917,,,,,,,
1.20351e+06,,,,,,,,,,,,,,,,,,,,,,680,,,,,,,
1.20397e+06,,,,,,,,,,,,,,,,,,,,,,945,,,,,,,
1.20399e+06,60700,62800,61700,59700,59300,70000,1.2e+06,1.2e+06,1.2e+06,1.2e+06,1.596e+06,1.596e+06,,,,,,,,,,,8.685e+06,82.5243,84.8485,58.5859,35.3535,59,59
1.20405e+06,,,,,,,,,,,,,,,,,,,,,,769,,,,,,,
1.20421e+06,,,,,,,,,,,,,,,,,,,,,,609,,,,,,,
1.20436e+06,,,,,,,,,,,,,,,,,,,,,,719,,,,,,,
1.20442e+06,,,,,,,,,,,,,,,,,,,,,,955,,,,,,,
1.20474e+06,,,,,,,,,,,,,,,,,,,,,,499,,,,,,,
1.20474e+06,,,,,,,,,,,,,,,,,,,,,,601,,,,,,,
1.20492e+06,,,,,,,,,,,,,,,,,,,,,,918,,,,,,,
1.20494e+06,,,,,,,,,,,,,,,,,,,,,,599,,,,,,,
1.205e+06,60300,62500,61500,59700,59300,70000,1.2e+06,1.2e+06,1.2e+06,1.2e+06,1.596e+06,1.596e+06,,,,,,,,,,,9.1674e+06,81.1881,85.8586,56.3107,29.703,57.4257,58.4158
1.20508e+06,,,,,,,,,,,,,,,,,,,,,,946,,,,,,,
1.20514e+06,,,,,,,,,,,,,,,,,,,,,,681,,,,,,,
1.20553e+06,,,,,,,,,,,,,,,,,,,,,,956,,,,,,,
1.20566e+06,,,,,,,,,,,,,,,,,,,,,,770,,,,,,,
1.20587e+06,,,,,,,,,,,,,,,,,,,,,,610,,,,,,,
1.20599e+06,,,,,,,,,,,,,,,,,,,,,,720,,,,,,,
1.206e+06,60300,62500,61500,59700,59300,70000,1.2e+06,1.2e+06,1.2e+06,1.2e+06,1.596e+06,1.596e+06,,,,,,,,,,,9.067e+06,82.8283,85,56.1224,29,60.2041,60.2041
1.20604e+06,,,,,,,,,,,,,,,,,,,,,,919,,,,,,,
1.20641e+06,,,,,,,,,,,,,,,,,,,,,,602,,,,,,,
1.2066e+06,,,,,,,,,,,,,,66.25,60.45,,,,,,,,,,,,,,
1.20664e+06,,,,,,,,,,,,,,,,,,,,,,947,,,,,,,
1.20678e+06,,,,,,,,,,,,,,,,,,,,,,682,,,,,,,
1.20692e+06,,,,,,,,,,,,,,,,,,,,,,500,,,,,,,
1.20699e+06,60500,62600,61500,59700,59500,70000,1.2e+06,1.2e+06,1.2e+06,1.2e+06,1.596e+06,1.596e+06,,,,,,,,,,,9.0852e+06,82.3529,88.7755,61.3861,35.7143,60.396,58.1633
1.20709e+06,,,,,,,,,,,,,,,,,,,,,,600,,,,,,,
1.2071e+06,,,,,,,,,,,,,,,,,,,,,,957,,,,,,,
1.20727e+06,,,,,,,,,,,,,,,,,,,,,,771,,,,,,,
1.20761e+06,,,,,,,,,,,,,,,,,,,,,,920,,,,,,,
1.20762e+06,,,,,,,,,,,,,,,,,,,,,,721,,,,,,,
1.20775e+06,,,,,,,,,,,,,,,,,,,,,,948,,,,,,,
1.208e+06,60700,61900,61500,59500,59100,70000,1.2e+06,1.2e+06,1.2e+06,1.2e+06,1.596e+06,1.596e+06,,,,,,,,,,,8.681e+06,80.198,85.8586,60.7843,35.3535,55.5556,58.5859
1.208e+06,,,,,,,,,,,,,,,,,,,,,,611,,,,,,,
1.20821e+06,,,,,,,,,,,,,,,,,,,,,,958,,,,,,,
1.20855e+06,,,,,,,,,,,,,,,,,,,,,,603,,,,,,,
1.20886e+06,,,,,,,,,,,,,,,,,,,,,,949,,,,,,,
1.20889e+06,,,,,,,,,,,,,,,,,,,,,,772,,,,,,,
1.20889e+06,,,,,,,,,,,,,,,,,,,,,,683,,,,,,,
1.209e+06,60700,62800,61700,59900,59300,70000,1.2e+06,1.2e+06,1.2e+06,1.2e+06,1.596e+06,1.596e+06,,,,,,,,,,,8.514e+06,80.3922,89.2157,62,35.3535,61.3861,61.6162
1.2091e+06,,,,,,,,,,,,,,,,,,,,,,501,,,,,,,
1.20922e+06,,,,,,,,,,,,,,,,,,,,,,601,,,,,,,
1.20924e+06,,,,,,,,,,,,,,,,,,,,,,722,,,,,,,
1.20977e+06,,,,,,,,,,,,,,,,,,,,,,959,,,,,,,
1.20985e+06,,,,,,,,,,,,,,,,,,,,,,922,,,,,,,
1.21e+06,60300,62500,61700,59900,59300,70000,1.2e+06,1.2e+06,1.2e+06,1.2e+06,1.596e+06,1.596e+06,,,,,,,,,,,9.2008e+06,79.2079,85.7143,60.396,35.3535,60.6061,62
1.21002e+06,,,,,,,,,,,,,,,,,,,,,,773,,,,,,,
1.21014e+06,,,,,,,,,,,,,,,,,,,,,,612,,,,,,,
1.21042e+06,,,,,,,,,,,,,,,,,,,,,,950,,,,,,,
1.21053e+06,,,,,,,,,,,,,,,,,,,,,,684,,,,,,,
1.21068e+06,,,,,,,,,,,,,,,,,,,,,,604,,,,,,,
1.21087e+06,,,,,,,,,,,,,,,,,,,,,,723,,,,,,,
1.21088e+06,,,,,,,,,,,,,,,,,,,,,,960,,,,,,,
1.21089e+06,,,,,,,,,,,,,,,,,,,,,,602,,,,,,,
1.211e+06,60500,62800,61700,59900,59700,70000,1.2e+06,1.2e+06,1.2e+06,1.2e+06,1.596e+06,1.596e+06,,,,,,,,,,,8.1916e+06,83.8384,85.7143,57.4257,37.2549,60,60.6061
1.21141e+06,,,,,,,,,,,,,,,,,,,,,,923,,,,,,,
1.21153e+06,,,,,,,,,,,,,,,,,,,,,,951,,,,,,,
1.21163e+06,,,,,,,,,,,,,,,,,,,,,,774,,,,,,,
1.21177e+06,,,,,,,,,,,,,,,,,,,,,,502,,,,,,,
1.2118e+06,,,,,,,,,,,,,,,,,,,,,,613,,,,,,,
1.21199e+06,,,,,,,,,,,,,,,,,,,,,,961,,,,,,,
1.212e+06,60500,62600,61500,59700,59300,70000,1.2e+06,1.2e+06,1.2e+06,1.2e+06,1.596e+06,1.596e+06,,,,,,,,,,,9.453e+06,82.1782,85.1485,56.5657,27.2727,58.1633,58.5859
1.21205e+06,,,,,,,,,,,,,24.257,,,,,,,,,,,,,,,,
1.21216e+06,,,,,,,,,,,,,,,,,,,,,,685,,,,,,,
1.21235e+06,,,,,,,,,,,,,,,,,,,,,,605,,,,,,,
1.21249e+06,,,,,,,,,,,,,,,,,,,,,,724,,,,,,,
1.21253e+06,,,,,,,,,,,,,,,,,,,,,,924,,,,,,,
1.21264e+06,,,,,,,,,,,,,,,,,,,,,,952,,,,,,,
1.213e+06,60300,62800,61500,59900,59300,70000,1.2e+06,1.2e+06,1.2e+06,1.2e+06,1.596e+06,1.596e+06,,,,,,,,,,,8.869e+06,81.5534,86,56,29.4118,58.4158,59
1.21303e+06,,,,,,,,,,,,,,,,,,,,,,603,,,,,,,
1.21324e+06,,,,,,,,,,,,,,,,,,,,,,775,,,,,,,
1.2138e+06,,,,,,,,,,,,,,,,,,,,,,686,,,,,,,
1.21393e+06,,,,,,,,,,,,,,,,,,,,,,614,,,,,,,
1.21395e+06,,,,,,,,,,,,,,,,,,,,,,503,,,,,,,
1.214e+06,60300,62600,61500,59500,59300,70000,1.2e+06,1.2e+06,1.2e+06,1.2e+06,1.596e+06,1.596e+06,,,,,,,,,,,9.8836e+06,80,87.8788,63,33.3333,59.596,57.5758
1.21409e+06,,,,,,,,,,,,,,,,,,,,,,925,,,,,,,
1.21412e+06,,,,,,,,,,,,,,,,,,,,,,725,,,,,,,
1.2142e+06,,,,,,,,,,,,,,,,,,,,,,953,,,,,,,
1.21448e+06,,,,,,,,,,,,,,,,,,,,,,606,,,,,,,
1.21465e+06,,,,,,,,,,,,,,,,,,,,,,963,,,,,,,
1.21486e+06,,,,,,,,,,,,,,,,,,,,,,776,,,,,,,
1.21499e+06,60700,61500,61900,59900,59300,70000,1.2e+06,1.2e+06,1.2e+06,1.2e+06,1.596e+06,1.596e+06,,,,,,,,,,,8.999e+06,82,86,58.4158,37.2549,55.5556,58.1633
1.21517e+06,,,,,,,,,,,,,,,,,,,,,,604,,,,,,,
1.21521e+06,,,,,,,,,,,,,,,,,,,,,,926,,,,,,,
1.21559e+06,,,,,,,,,,,,,,,,,,,,,,615,,,,,,,
1.21576e+06,,,,,,,,,,,,,,,,,,,,,,964,,,,,,,
1.21591e+06,,,,,,,,,,,,,,,,,,,,,,687,,,,,,,
1.216e+06,60700,62800,61900,59700,59300,70000,1.2e+06,1.2e+06,1.2e+06,1.2e+06,1.596e+06,1.596e+06,,,,,,,,,,,8.6168e+06,79.4118,89.7959,64,35.7143,64.3564,64
1.21633e+06,,,,,,,,,,,,,,,,,,,,,,927,,,,,,,
1.21642e+06,,,,,,,,,,,,,,,,,,,,,,955,,,,,,,
1.21647e+06,,,,,,,,,,,,,,,,,,,,,,777,,,,,,,
1.21662e+06,,,,,,,,,,,,,,,,,,,,,,504,,,,,,,
1.21662e+06,,,,,,,,,,,,,,,,,,,,,,607,,,,,,,
1.21676e+06,,,,,,,,,,,,,,66.42,60.57,,,,,,,,,,,,,,
1.21683e+06,,,,,,,,,,,,,,,,,,,,,,605,,,,,,,
1.217e+06,60300,63200,61500,59500,59300,70000,1.2e+06,1.2e+06,1.2e+06,1.2e+06,1.596e+06,1.596e+06,,,,,,,,,,,8.327e+06,80.198,86,62.7451,37.6238,57.5758,59.596
1.21731e+06,,,,,,,,,,,,,,,,,,,,,,965,,,,,,,
1.21737e+06,,,,,,,,,,,,,,,,,,,,,,727,,,,,,,
1.21754e+06,,,,,,,,,,,,,,,,,,,,,,688,,,,,,,
1.21773e+06,,,,,,,,,,,,,,,,,,,,,,616,,,,,,,
1.21789e+06,,,,,,,,,,,,,,,,,,,,,,928,,,,,,,
1.21798e+06,,,,,,,,,,,,,,,,,,,,,,956,,,,,,,
1.218e+06,60500,62500,61500,59900,59500,70000,1.2e+06,1.2e+06,1.2e+06,1.2e+06,1.596e+06,1.596e+06,,,,,,,,,,,8.3174e+06,82.8283,85.8586,57.4257,33.3333,60.6061,60.6061
1.21808e+06,,,,,,,,,,,,,,,,,,,,,,778,,,,,,,
1.21829e+06,,,,,,,,,,,,,,,,,,,,,,608,,,,,,,
1.21843e+06,,,,,,,,,,,,,,,,,,,,,,966,,,,,,,
1.21881e+06,,,,,,,,,,,,,,,,,,,,,,505,,,,,,,
1.21897e+06,,,,,,,,,,,,,,,,,,,,,,606,,,,,,,
1.219e+06,60500,62600,61500,59700,59300,70000,1.2e+06,1.2e+06,1.2e+06,1.2e+06,1.596e+06,1.596e+06,,,,,,,,,,,9.3428e+06,84.1584,85.7143,56,28.2828,59,60.6061
1.21901e+06,,,,,,,,,,,,,,,,,,,,,,929,,,,,,,
1.21909e+06,,,,,,,,,,,,,,,,,,,,,,957,,,,,,,
1.21918e+06,,,,,,,,,,,,,,,,,,,,,,689,,,,,,,
1.21948e+06,,,,,,,,,,,,,,,,,,,,,,728,,,,,,,
1.21954e+06,,,,,,,,,,,,,,,,,,,,,,967,,,,,,,
1.21969e+06,,,,,,,,,,,,,,,,,,,,,,779,,,,,,,
1.21986e+06,,,,,,,,,,,,,,,,,,,,,,617,,,,,,,
1.21999e+06,60500,62600,61500,59700,59100,70000,1.2e+06,1.2e+06,1.2e+06,1.2e+06,1.596e+06,1.596e+06,,,,,,,,,,,9.1802e+06,81,86.8687,58,30.6931,57.5758,58.5859
1.2202e+06,,,,,,,,,,,,,,,,,,,,,,958,,,,,,,
1.22042e+06,,,,,,,,,,,,,,,,,,,,,,609,,,,,,,
1.22057e+06,,,,,,,,,,,,,,,,,,,,,,930,,,,,,,
1.22065e+06,,,,,,,,,,,,,,,,,,,,,,968,,,,,,,
1.22082e+06,,,,,,,,,,,,,,,,,,,,,,690,,,,,,,
1.22099e+06,60300,62500,61500,59300,59100,70000,1.2e+06,1.2e+06,1.2e+06,1.2e+06,1.596e+06,1.596e+06,,,,,,,,,,,8.8524e+06,79.6117,88,64.3564,36,58.4158,57
1.2211e+06,,,,,,,,,,,,,,,,,,,,,,729,,,,,,,
1.22111e+06,,,,,,,,,,,,,,,,,,,,,,607,,,,,,,
1.22131e+06,,,,,,,,,,,,,,,,,,,,,,780,,,,,,,
1.22148e+06,,,,,,,,,,,,,,,,,,,,,,506,,,,,,,
1.22152e+06,,,,,,,,,,,,,,,,,,,,,,618,,,,,,,
1.22169e+06,,,,,,,,,,,,,,,,,,,,,,931,,,,,,,
1.22176e+06,,,,,,,,,,,,,,,,,,,,,,959,,,,,,,
1.222e+06,60500,61900,61500,59700,59100,70000,1.2e+06,1.2e+06,1.2e+06,1.2e+06,1.596e+06,1.596e+06,,,,,,,,,,,1.01488e+07,81,87,57.4257,35.7143,57.5758,59.596
1.22212e+06,,,,,,,,,,,,,24.257,,,,,,,,,,,,,,,,
1.2222e+06,,,,,,,,,,,,,,,,,,,,,,969,,,,,,,
1.22244e+06,,,,,,,,,,,,,,,,,,,,,,781,,,,,,,
1.22256e+06,,,,,,,,,,,,,,,,,,,,,,610,,,,,,,
1.22272e+06,,,,,,,,,,,,,,,,,,,,,,730,,,,,,,
1.22277e+06,,,,,,,,,,,,,,,,,,,,,,608,,,,,,,
1.22287e+06,,,,,,,,,,,,,,,,,,,,,,960,,,,,,,
1.22293e+06,,,,,,,,,,,,,,,,,,,,,,691,,,,,,,
1.223e+06,60700,62600,61900,59700,59300,70000,1.2e+06,1.2e+06,1.2e+06,1.2e+06,1.596e+06,1.596e+06,,,,,,,,,,,1.03616e+07,79,87.8788,63.6364,35.3535,64,64.6465
1.22326e+06,,,,,,,,,,,,,,,,,,,,,,932,,,,,,,
1.22331e+06,,,,,,,,,,,,,,,,,,,,,,970,,,,,,,
1.22366e+06,,,,,,,,,,,,,,,,,,,,,,619,,,,,,,
1.22366e+06,,,,,,,,,,,,,,,,,,,,,,507,,,,,,,
1.22398e+06,,,,,,,,,,,,,,,,,,,,,,961,,,,,,,
1.224e+06,60300,62600,61500,59700,59300,70000,1.2e+06,1.2e+06,1.2e+06,1.2e+06,1.596e+06,1.596e+06,,,,,,,,,,,9.4282e+06,80.3922,85,58,33.6735,57,58
1.22405e+06,,,,,,,,,,,,,,,,,,,,,,782,,,,,,,
1.22423e+06,,,,,,,,,,,,,,,,,,,,,,611,,,,,,,
1.22435e+06,,,,,,,,,,,,,,,,,,,,,,731,,,,,,,
1.22438e+06,,,,,,,,,,,,,,,,,,,,,,933,,,,,,,
1.22443e+06,,,,,,,,,,,,,,,,,,,,,,971,,,,,,,
1.22456e+06,,,,,,,,,,,,,,,,,,,,,,692,,,,,,,
1.22491e+06,,,,,,,,,,,,,,,,,,,,,,609,,,,,,,
1.225e+06,60300,62300,61500,59700,59300,70000,1.2e+06,1.2e+06,1.2e+06,1.2e+06,1.596e+06,1.596e+06,,,,,,,,,,,8.3674e+06,83,85.8586,56.4356,31.3131,59.596,61
1.22549e+06,,,,,,,,,,,,,,,,,,,,,,934,,,,,,,
1.22554e+06,,,,,,,,,,,,,,,,,,,,,,962,,,,,,,
1.22566e+06,,,,,,,,,,,,,,,,,,,,,,783,,,,,,,
1.22579e+06,,,,,,,,,,,,,,,,,,,,,,620,,,,,,,
1.22584e+06,,,,,,,,,,,,,,,,,,,,,,508,,,,,,,
1.22598e+06,,,,,,,,,,,,,,,,,,,,,,732,,,,,,,
1.22598e+06,,,,,,,,,,,,,,,,,,,,,,972,,,,,,,
1.226e+06,60300,62300,61500,59300,59300,70000,1.2e+06,1.2e+06,1.2e+06,1.2e+06,1.596e+06,1.596e+06,,,,,,,,,,,1.00378e+07,83.1683,85,57,29,60.396,60.6061
1.2262e+06,,,,,,,,,,,,,,,,,,,,,,693,,,,,,,
1.22665e+06,,,,,,,,,,,,,,,,,,,,,,963,,,,,,,
1.22687e+06,,,,,,,,,,,,,,66.34,60.61,,,,,,,,,,,,,,
1.227e+06,60300,62300,61500,59700,59300,70000,1.2e+06,1.2e+06,1.2e+06,1.2e+06,1.596e+06,1.596e+06,,,,,,,,,,,8.3868e+06,80.3922,89,59.596,35,59.596,57.5758
1.22706e+06,,,,,,,,,,,,,,,,,,,,,,610,,,,,,,
1.22706e+06,,,,,,,,,,,,,,,,,,,,,,935,,,,,,,
1.22709e+06,,,,,,,,,,,,,,,,,,,,,,973,,,,,,,
1.22728e+06,,,,,,,,,,,,,,,,,,,,,,784,,,,,,,
1.22745e+06,,,,,,,,,,,,,,,,,,,,,,621,,,,,,,
1.22761e+06,,,,,,,,,,,,,,,,,,,,,,733,,,,,,,
1.22776e+06,,,,,,,,,,,,,,,,,,,,,,964,,,,,,,
1.22784e+06,,,,,,,,,,,,,,,,,,,,,,694,,,,,,,
1.228e+06,60300,62500,61700,59500,59300,70000,1.2e+06,1.2e+06,1.2e+06,1.2e+06,1.596e+06,1.596e+06,,,,,,,,,,,9.601e+06,81,85.8586,62.3762,35.7143,55.5556,58.5859
1.22818e+06,,,,,,,,,,,,,,,,,,,,,,936,,,,,,,
1.2282e+06,,,,,,,,,,,,,,,,,,,,,,974,,,,,,,
1.2285e+06,,,,,,,,,,,,,,,,,,,,,,613,,,,,,,
1.22851e+06,,,,,,,,,,,,,,,,,,,,,,509,,,,,,,
1.22889e+06,,,,,,,,,,,,,,,,,,,,,,785,,,,,,,
1.229e+06,60700,61900,61500,59700,59500,70000,1.2e+06,1.2e+06,1.2e+06,1.2e+06,1.596e+06,1.596e+06,,,,,,,,,,,8.7192e+06,79.4118,88.8889,60.396,36.6337,59.4059,59.596
1.22919e+06,,,,,,,,,,,,,,,,,,,,,,611,,,,,,,
1.22923e+06,,,,,,,,,,,,,,,,,,,,,,734,,,,,,,
1.22932e+06,,,,,,,,,,,,,,,,,,,,,,965,,,,,,,
1.22947e+06,,,,,,,,,,,,,,,,,,,,,,695,,,,,,,
1.22959e+06,,,,,,,,,,,,,,,,,,,,,,622,,,,,,,
1.22974e+06,,,,,,,,,,,,,,,,,,,,,,937,,,,,,,
1.22975e+06,,,,,,,,,,,,,,,,,,,,,,975,,,,,,,
1.23e+06,60300,62300,61500,59700,59500,70000,1.2e+06,1.2e+06,1.2e+06,1.2e+06,1.596e+06,1.596e+06,,,,,,,,,,,9.4208e+06,80,86,61.6162,35.3535,62,64.2857
1.23017e+06,,,,,,,,,,,,,,,,,,,,,,614,,,,,,,
1.23043e+06,,,,,,,,,,,,,,,,,,,,,,966,,,,,,,
1.2305e+06,,,,,,,,,,,,,,,,,,,,,,786,,,,,,,
1.23069e+06,,,,,,,,,,,,,,,,,,,,,,510,,,,,,,
1.23086e+06,,,,,,,,,,,,,,,,,,,,,,735,,,,,,,
1.23086e+06,,,,,,,,,,,,,,,,,,,,,,612,,,,,,,
1.23086e+06,,,,,,,,,,,,,,,,,,,,,,938,,,,,,,
1.23086e+06,,,,,,,,,,,,,,,,,,,,,,976,,,,,,,
1.231e+06,60700,62500,61500,59700,59500,70000,1.2e+06,1.2e+06,1.2e+06,1.2e+06,1.596e+06,1.596e+06,,,,,,,,,,,8.383e+06,82.1782,85.7143,57.8431,37.2549,58.5859,59
1.23125e+06,,,,,,,,,,,,,,,,,,,,,,623,,,,,,,
1.23154e+06,,,,,,,,,,,,,,,,,,,,,,967,,,,,,,
1.23158e+06,,,,,,,,,,,,,,,,,,,,,,696,,,,,,,
1.23198e+06,,,,,,,,,,,,,,,,,,,,,,977,,,,,,,
1.23198e+06,,,,,,,,,,,,,,,,,,,,,,939,,,,,,,
1.23199e+06,60300,62100,61500,59700,59500,70000,1.2e+06,1.2e+06,1.2e+06,1.2e+06,1.596e+06,1.596e+06,,,,,,,,,,,9.8122e+06,81.3725,85,56,31.3725,58.8235,58
1.23211e+06,,,,,,,,,,,,,,,,,,,,,,787,,,,,,,
1.23218e+06,,,,,,,,,,,,,24.257,,,,,,,,,,,,,,,,
1.2323e+06,,,,,,,,,,,,,,,,,,,,,,615,,,,,,,
1.23299e+06,60300,62300,61700,59700,59300,70000,1.2e+06,1.2e+06,1.2e+06,1.2e+06,1.596e+06,1.596e+06,,,,,,,,,,,8.8704e+06,82.8283,85.8586,56.1224,28.5714,59.596,60.6061
1.233e+06,,,,,,,,,,,,,,,,,,,,,,613,,,,,,,
1.2331e+06,,,,,,,,,,,,,,,,,,,,,,968,,,,,,,
1.23322e+06,,,,,,,,,,,,,,,,,,,,,,697,,,,,,,
1.23336e+06,,,,,,,,,,,,,,,,,,,,,,511,,,,,,,
1.23338e+06,,,,,,,,,,,,,,,,,,,,,,624,,,,,,,
1.23353e+06,,,,,,,,,,,,,,,,,,,,,,978,,,,,,,
1.23354e+06,,,,,,,,,,,,,,,,,,,,,,940,,,,,,,
1.23373e+06,,,,,,,,,,,,,,,,,,,,,,788,,,,,,,
1.234e+06,60700,62800,61500,59900,59100,70000,1.2e+06,1.2e+06,1.2e+06,1.2e+06,1.596e+06,1.596e+06,,,,,,,,,,,9.0258e+06,81.3725,88,61.7647,33,59.596,58.5859
1.2341e+06,,,,,,,,,,,,,,,,,,,,,,737,,,,,,,
1.23421e+06,,,,,,,,,,,,,,,,,,,,,,969,,,,,,,
1.23444e+06,,,,,,,,,,,,,,,,,,,,,,616,,,,,,,
1.23464e+06,,,,,,,,,,,,,,,,,,,,,,979,,,,,,,
1.23466e+06,,,,,,,,,,,,,,,,,,,,,,941,,,,,,,
1.23485e+06,,,,,,,,,,,,,,,,,,,,,,698,,,,,,,
1.23486e+06,,,,,,,,,,,,,,,,,,,,,,789,,,,,,,
1.235e+06,60500,62500,61900,59900,59300,70000,1.2e+06,1.2e+06,1.2e+06,1.2e+06,1.596e+06,1.596e+06,,,,,,,,,,,9.5372e+06,80.198,85.7143,60.396,36.3636,56,58.1633
1.23514e+06,,,,,,,,,,,,,,,,,,,,,,614,,,,,,,
1.23532e+06,,,,,,,,,,,,,,,,,,,,,,970,,,,,,,
1.23552e+06,,,,,,,,,,,,,,,,,,,,,,625,,,,,,,
1.23554e+06,,,,,,,,,,,,,,,,,,,,,,512,,,,,,,
1.23573e+06,,,,,,,,,,,,,,,,,,,,,,738,,,,,,,
1.23575e+06,,,,,,,,,,,,,,,,,,,,,,980,,,,,,,
1.23599e+06,60700,62100,61500,59700,59500,70000,1.2e+06,1.2e+06,1.2e+06,1.2e+06,1.596e+06,1.596e+06,,,,,,,,,,,9.2806e+06,79.4118,90,61.6162,36.3636,60.6061,62
1.23611e+06,,,,,,,,,,,,,,,,,,,,,,617,,,,,,,
1.23623e+06,,,,,,,,,,,,,,,,,,,,,,942,,,,,,,
1.23647e+06,,,,,,,,,,,,,,,,,,,,,,790,,,,,,,
1.23649e+06,,,,,,,,,,,,,,,,,,,,,,699,,,,,,,
1.2368e+06,,,,,,,,,,,,,,,,,,,,,,615,,,,,,,
1.23688e+06,,,,,,,,,,,,,,,,,,,,,,971,,,,,,,
1.23699e+06,,,,,,,,,,,,,,66.21,60.57,,,,,,,,,,,,,,
1.23699e+06,60500,62300,61500,59700,59300,70000,1.2e+06,1.2e+06,1.2e+06,1.2e+06,1.596e+06,1.596e+06,,,,,,,,,,,8.7738e+06,79.2079,85,60,37.8641,62,61.6162
1.23718e+06,,,,,,,,,,,,,,,,,,,,,,626,,,,,,,
1.2373e+06,,,,,,,,,,,,,,,,,,,,,,981,,,,,,,
1.23734e+06,,,,,,,,,,,,,,,,,,,,,,943,,,,,,,
1.23772e+06,,,,,,,,,,,,,,,,,,,,,,513,,,,,,,
1.23784e+06,,,,,,,,,,,,,,,,,,,,,,739,,,,,,,
1.23799e+06,,,,,,,,,,,,,,,,,,,,,,972,,,,,,,
1.238e+06,60700,61900,61500,59700,59300,70000,1.2e+06,1.2e+06,1.2e+06,1.2e+06,1.596e+06,1.596e+06,,,,,,,,,,,8.8864e+06,84,85.8586,58.4158,34.3434,60,60.2041
1.23808e+06,,,,,,,,,,,,,,,,,,,,,,791,,,,,,,
1.23824e+06,,,,,,,,,,,,,,,,,,,,,,618,,,,,,,
1.23841e+06,,,,,,,,,,,,,,,,,,,,,,982,,,,,,,
1.23846e+06,,,,,,,,,,,,,,,,,,,,,,944,,,,,,,
1.2386e+06,,,,,,,,,,,,,,,,,,,,,,700,,,,,,,
1.23894e+06,,,,,,,,,,,,,,,,,,,,,,616,,,,,,,
1.239e+06,60500,62500,61900,59700,59300,70000,1.2e+06,1.2e+06,1.2e+06,1.2e+06,1.596e+06,1.596e+06,,,,,,,,,,,9.6514e+06,81.1881,85.8586,57,27.2727,57.5758,59
1.2391e+06,,,,,,,,,,,,,,,,,,,,,,973,,,,,,,
1.23931e+06,,,,,,,,,,,,,,,,,,,,,,627,,,,,,,
1.23946e+06,,,,,,,,,,,,,,,,,,,,,,740,,,,,,,
1.23952e+06,,,,,,,,,,,,,,,,,,,,,,983,,,,,,,
1.2397e+06,,,,,,,,,,,,,,,,,,,,,,792,,,,,,,
1.24e+06,60500,62500,61500,59900,59300,70000,1.2e+06,1.2e+06,1.2e+06,1.2e+06,1.596e+06,1.596e+06,,,,,,,,,,,8.775e+06,82,85,56,29.2929,58,59
1.24003e+06,,,,,,,,,,,,,,,,,,,,,,945,,,,,,,
1.24023e+06,,,,,,,,,,,,,,,,,,,,,,701,,,,,,,
1.24038e+06,,,,,,,,,,,,,,,,,,,,,,619,,,,,,,
1.24039e+06,,,,,,,,,,,,,,,,,,,,,,514,,,,,,,
1.24066e+06,,,,,,,,,,,,,,,,,,,,,,974,,,,,,,
1.24097e+06,,,,,,,,,,,,,,,,,,,,,,628,,,,,,,
1.24099e+06,60300,62300,61500,59700,59300,70000,1.2e+06,1.2e+06,1.2e+06,1.2e+06,1.596e+06,1.596e+06,,,,,,,,,,,8.1652e+06,80.3922,88.7755,63.3663,34.6939,59.596,58.1633
1.24108e+06,,,,,,,,,,,,,,,,,,,,,,984,,,,,,,
1.24108e+06,,,,,,,,,,,,,,,,,,,,,,617,,,,,,,
1.24108e+06,,,,,,,,,,,,,,,,,,,,,,741,,,,,,,
1.24114e+06,,,,,,,,,,,,,,,,,,,,,,946,,,,,,,
1.24131e+06,,,,,,,,,,,,,,,,,,,,,,793,,,,,,,
1.24177e+06,,,,,,,,,,,,,,,,,,,,,,975,,,,,,,
1.24187e+06,,,,,,,,,,,,,,,,,,,,,,702,,,,,,,
1.242e+06,60300,61500,61500,59500,59100,70000,1.2e+06,1.2e+06,1.2e+06,1.2e+06,1.596e+06,1.596e+06,,,,,,,,,,,9.7138e+06,80.198,86,59.8039,35,56,57.5758
1.24204e+06,,,,,,,,,,,,,,,,,,,,,,620,,,,,,,
1.24219e+06,,,,,,,,,,,,,,,,,,,,,,985,,,,,,,
1.24224e+06,,,,,,,,,,,,,24.268,,,,,,,,,,,,,,,,
1.24257e+06,,,,,,,,,,,,,,,,,,,,,,515,,,,,,,
1.24271e+06,,,,,,,,,,,,,,,,,,,,,,742,,,,,,,
1.24271e+06,,,,,,,,,,,,,,,,,,,,,,947,,,,,,,
1.24274e+06,,,,,,,,,,,,,,,,,,,,,,618,,,,,,,
1.24288e+06,,,,,,,,,,,,,,,,,,,,,,976,,,,,,,
1.24292e+06,,,,,,,,,,,,,,,,,,,,,,794,,,,,,,
1.243e+06,60700,63000,61700,59900,59300,70000,1.2e+06,1.2e+06,1.2e+06,1.2e+06,1.596e+06,1.596e+06,,,,,,,,,,,8.8356e+06,80.198,89,63.6364,36.6337,64,64.6465
1.2431e+06,,,,,,,,,,,,,,,,,,,,,,629,,,,,,,
1.2433e+06,,,,,,,,,,,,,,,,,,,,,,986,,,,,,,
1.24351e+06,,,,,,,,,,,,,,,,,,,,,,703,,,,,,,
1.244e+06,60700,62800,61700,59700,59300,70000,1.2e+06,1.2e+06,1.2e+06,1.2e+06,1.596e+06,1.596e+06,,,,,,,,,,,9.0022e+06,79.4118,85.7143,58.8235,34.3434,58,60.6061
1.24418e+06,,,,,,,,,,,,,,,,,,,,,,621,,,,,,,
1.24433e+06,,,,,,,,,,,,,,,,,,,,,,743,,,,,,,
1.24441e+06,,,,,,,,,,,,,,,,,,,,,,987,,,,,,,
1.24444e+06,,,,,,,,,,,,,,,,,,,,,,977,,,,,,,
1.24453e+06,,,,,,,,,,,,,,,,,,,,,,795,,,,,,,
1.24488e+06,,,,,,,,,,,,,,,,,,,,,,619,,,,,,,
1.24494e+06,,,,,,,,,,,,,,,,,,,,,,949,,,,,,,
1.24499e+06,60700,62300,61700,59700,59300,70000,1.2e+06,1.2e+06,1.2e+06,1.2e+06,1.596e+06,1.596e+06,,,,,,,,,,,8.997e+06,83.8384,85.8586,57,34,60.396,60
1.24524e+06,,,,,,,,,,,,,,,,,,,,,,516,,,,,,,
1.24524e+06,,,,,,,,,,,,,,,,,,,,,,630,,,,,,,
1.24555e+06,,,,,,,,,,,,,,,,,,,,,,978,,,,,,,
1.24561e+06,,,,,,,,,,,,,,,,,,,,,,704,,,,,,,
1.24595e+06,,,,,,,,,,,,,,,,,,,,,,744,,,,,,,
1.24596e+06,,,,,,,,,,,,,,,,,,,,,,988,,,,,,,
1.246e+06,60700,62800,61900,59900,59500,70000,1.2e+06,1.2e+06,1.2e+06,1.2e+06,1.596e+06,1.596e+06,,,,,,,,,,,9.0586e+06,83.3333,85,56.5657,30,61,60.6061
1.24615e+06,,,,,,,,,,,,,,,,,,,,,,796,,,,,,,
1.24632e+06,,,,,,,,,,,,,,,,,,,,,,622,,,,,,,
1.24651e+06,,,,,,,,,,,,,,,,,,,,,,950,,,,,,,
1.24666e+06,,,,,,,,,,,,,,,,,,,,,,979,,,,,,,
1.2469e+06,,,,,,,,,,,,,,,,,,,,,,631,,,,,,,
1.24699e+06,60500,62800,61500,59700,59300,70000,1.2e+06,1.2e+06,1.2e+06,1.2e+06,1.596e+06,1.596e+06,,,,,,,,,,,8.2878e+06,81.3725,87.7551,58,29.703,58,58.5859
1.24702e+06,,,,,,,,,,,,,,,,,,,,,,620,,,,,,,
1.24708e+06,,,,,,,,,,,,,,,,,,,,,,989,,,,,,,
1.24715e+06,,,,,,,,,,,,,,66.09,60.32,,,,,,,,,,,,,,
1.24728e+06,,,,,,,,,,,,,,,,,,,,,,797,,,,,,,
1.24742e+06,,,,,,,,,,,,,,,,,,,,,,517,,,,,,,
1.24758e+06,,,,,,,,,,,,,,,,,,,,,,745,,,,,,,
1.24798e+06,,,,,,,,,,,,,,,,,,,,,,623,,,,,,,
1.24799e+06,60300,62100,61500,59700,59300,70000,1.2e+06,1.2e+06,1.2e+06,1.2e+06,1.596e+06,1.596e+06,,,,,,,,,,,8.4622e+06,81,87,64.3564,35.3535,58.5859,56.5657
1.2481e+06,,,,,,,,,,,,,,,,,,,,,,951,,,,,,,
1.24819e+06,,,,,,,,,,,,,,,,,,,,,,990,,,,,,,
1.24822e+06,,,,,,,,,,,,,,,,,,,,,,980,,,,,,,
1.24869e+06,,,,,,,,,,,,,,,,,,,,,,621,,,,,,,
1.24889e+06,,,,,,,,,,,,,,,,,,,,,,706,,,,,,,
1.24889e+06,,,,,,,,,,,,,,,,,,,,,,798,,,,,,,
1.249e+06,60300,61900,61700,59700,59300,70000,1.2e+06,1.2e+06,1.2e+06,1.2e+06,1.596e+06,1.596e+06,,,,,,,,,,,8.6184e+06,81.1881,87.1287,58,34.6939,57.8431,59.596
1.24904e+06,,,,,,,,,,,,,,,,,,,,,,632,,,,,,,
1.24921e+06,,,,,,,,,,,,,,,,,,,,,,746,,,,,,,
1.24922e+06,,,,,,,,,,,,,,,,,,,,,,952,,,,,,,
1.24934e+06,,,,,,,,,,,,,,,,,,,,,,981,,,,,,,
1.24974e+06,,,,,,,,,,,,,,,,,,,,,,991,,,,,,,
1.25e+06,60500,63000,61500,59700,59300,70000,1.2e+06,1.2e+06,1.2e+06,1.2e+06,1.596e+06,1.596e+06,,,,,,,,,,,8.8412e+06,79.2079,87.8788,63.3663,37,64.2857,64.2857
1.2501e+06,,,,,,,,,,,,,,,,,,,,,,518,,,,,,,
1.25012e+06,,,,,,,,,,,,,,,,,,,,,,624,,,,,,,
1.25034e+06,,,,,,,,,,,,,,,,,,,,,,953,,,,,,,
1.25045e+06,,,,,,,,,,,,,,,,,,,,,,982,,,,,,,
1.25051e+06,,,,,,,,,,,,,,,,,,,,,,799,,,,,,,
1.25052e+06,,,,,,,,,,,,,,,,,,,,,,707,,,,,,,
1.25069e+06,,,,,,,,,,,,,,,,,,,,,,633,,,,,,,
1.25083e+06,,,,,,,,,,,,,,,,,,,,,,622,,,,,,,
1.25084e+06,,,,,,,,,,,,,,,,,,,,,,747,,,,,,,
1.25085e+06,,,,,,,,,,,,,,,,,,,,,,992,,,,,,,
1.251e+06,60700,62800,61700,59700,59300,70000,1.2e+06,1.2e+06,1.2e+06,1.2e+06,1.596e+06,1.596e+06,,,,,,,,,,,8.881e+06,80.3922,85,57.4257,36.6337,57.4257,58.5859
1.25191e+06,,,,,,,,,,,,,,,,,,,,,,954,,,,,,,
1.25196e+06,,,,,,,,,,,,,,,,,,,,,,993,,,,,,,
1.252e+06,60300,62800,61700,59700,59300,70000,1.2e+06,1.2e+06,1.2e+06,1.2e+06,1.596e+06,1.596e+06,,,,,,,,,,,8.757e+06,83,85.7143,57,33.3333,59.596,60.396
1.252e+06,,,,,,,,,,,,,,,,,,,,,,983,,,,,,,
1.25212e+06,,,,,,,,,,,,,,,,,,,,,,800,,,,,,,
1.25226e+06,,,,,,,,,,,,,,,,,,,,,,625,,,,,,,
1.25228e+06,,,,,,,,,,,,,,,,,,,,,,519,,,,,,,
1.25231e+06,,,,,,,,,,,,,24.278,,,,,,,,,,,,,,,,
1.25246e+06,,,,,,,,,,,,,,,,,,,,,,748,,,,,,,
1.25263e+06,,,,,,,,,,,,,,,,,,,,,,708,,,,,,,
1.25283e+06,,,,,,,,,,,,,,,,,,,,,,634,,,,,,,
1.25297e+06,,,,,,,,,,,,,,,,,,,,,,623,,,,,,,
1.253e+06,60700,62600,61500,59700,59300,70000,1.2e+06,1.2e+06,1.2e+06,1.2e+06,1.596e+06,1.596e+06,,,,,,,,,,,9.0828e+06,83.1683,85.8586,56,30,60,60.6061
1.25312e+06,,,,,,,,,,,,,,,,,,,,,,984,,,,,,,
1.25352e+06,,,,,,,,,,,,,,,,,,,,,,994,,,,,,,
1.25373e+06,,,,,,,,,,,,,,,,,,,,,,801,,,,,,,
1.25393e+06,,,,,,,,,,,,,,,,,,,,,,626,,,,,,,
1.254e+06,60500,62800,61500,59700,59500,70000,1.2e+06,1.2e+06,1.2e+06,1.2e+06,1.596e+06,1.596e+06,,,,,,,,,,,9.18e+06,81.3725,89.1089,60.396,32,60,58
1.25408e+06,,,,,,,,,,,,,,,,,,,,,,749,,,,,,,
1.25423e+06,,,,,,,,,,,,,,,,,,,,,,985,,,,,,,
1.25427e+06,,,,,,,,,,,,,,,,,,,,,,709,,,,,,,
1.25446e+06,,,,,,,,,,,,,,,,,,,,,,520,,,,,,,
1.25459e+06,,,,,,,,,,,,,,,,,,,,,,956,,,,,,,
1.25463e+06,,,,,,,,,,,,,,,,,,,,,,995,,,,,,,
1.25463e+06,,,,,,,,,,,,,,,,,,,,,,624,,,,,,,
1.25497e+06,,,,,,,,,,,,,,,,,,,,,,635,,,,,,,
1.25499e+06,60500,61700,61500,59300,59300,70000,1.2e+06,1.2e+06,1.2e+06,1.2e+06,1.596e+06,1.596e+06,,,,,,,,,,,9.5118e+06,81,85,62,34.3434,56,58.5859
1.25534e+06,,,,,,,,,,,,,,,,,,,,,,802,,,,,,,
1.25571e+06,,,,,,,,,,,,,,,,,,,,,,957,,,,,,,
1.25571e+06,,,,,,,,,,,,,,,,,,,,,,750,,,,,,,
1.25574e+06,,,,,,,,,,,,,,,,,,,,,,996,,,,,,,
1.25579e+06,,,,,,,,,,,,,,,,,,,,,,986,,,,,,,
1.2559e+06,,,,,,,,,,,,,,,,,,,,,,710,,,,,,,
1.25599e+06,60700,61900,61700,59900,59300,70000,1.2e+06,1.2e+06,1.2e+06,1.2e+06,1.596e+06,1.596e+06,,,,,,,,,,,9.3874e+06,79.6117,89.7959,60,34.6939,58.5859,60
1.25606e+06,,,,,,,,,,,,,,,,,,,,,,627,,,,,,,
1.25662e+06,,,,,,,,,,,,,,,,,,,,,,636,,,,,,,
1.25677e+06,,,,,,,,,,,,,,,,,,,,,,625,,,,,,,
1.25682e+06,,,,,,,,,,,,,,,,,,,,,,958,,,,,,,
1.2569e+06,,,,,,,,,,,,,,,,,,,,,,987,,,,,,,
1.25695e+06,,,,,,,,,,,,,,,,,,,,,,803,,,,,,,
1.257e+06,60700,62500,61900,59900,59300,70000,1.2e+06,1.2e+06,1.2e+06,1.2e+06,1.596e+06,1.596e+06,,,,,,,,,,,1.00548e+07,78.7879,85.8586,62,36.6337,61.6162,63.6364
1.25713e+06,,,,,,,,,,,,,,,,,,,,,,521,,,,,,,
1.25727e+06,,,,,,,,,,,,,,66.13,60.41,,,,,,,,,,,,,,
1.25729e+06,,,,,,,,,,,,,,,,,,,,,,997,,,,,,,
1.25754e+06,,,,,,,,,,,,,,,,,,,,,,711,,,,,,,
1.25782e+06,,,,,,,,,,,,,,,,,,,,,,751,,,,,,,
1.258e+06,60700,62800,61900,59900,59500,70000,1.2e+06,1.2e+06,1.2e+06,1.2e+06,1.596e+06,1.596e+06,,,,,,,,,,,9.2778e+06,83.1683,85.8586,58.4158,39.3939,58.5859,59.1837
1.2582e+06,,,,,,,,,,,,,,,,,,,,,,628,,,,,,,
1.25839e+06,,,,,,,,,,,,,,,,,,,,,,959,,,,,,,
1.2584e+06,,,,,,,,,,,,,,,,,,,,,,998,,,,,,,
1.25846e+06,,,,,,,,,,,,,,,,,,,,,,988,,,,,,,
1.25857e+06,,,,,,,,,,,,,,,,,,,,,,804,,,,,,,
1.25876e+06,,,,,,,,,,,,,,,,,,,,,,637,,,,,,,
1.25891e+06,,,,,,,,,,,,,,,,,,,,,,626,,,,,,,
1.259e+06,60300,62100,61500,59700,59500,70000,1.2e+06,1.2e+06,1.2e+06,1.2e+06,1.596e+06,1.596e+06,,,,,,,,,,,8.734e+06,81.5534,85,56.4356,30.303,58.4158,58.4158
1.25931e+06,,,,,,,,,,,,,,,,,,,,,,522,,,,,,,
1.25944e+06,,,,,,,,,,,,,,,,,,,,,,752,,,,,,,
1.2595e+06,,,,,,,,,,,,,,,,,,,,,,960,,,,,,,
1.25951e+06,,,,,,,,,,,,,,,,,,,,,,999,,,,,,,
1.25957e+06,,,,,,,,,,,,,,,,,,,,,,989,,,,,,,
1.25965e+06,,,,,,,,,,,,,,,,,,,,,,712,,,,,,,
1.2597e+06,,,,,,,,,,,,,,,,,,,,,,805,,,,,,,
1.25987e+06,,,,,,,,,,,,,,,,,,,,,,629,,,,,,,
1.25999e+06,60700,62500,61900,59700,59300,70000,1.2e+06,1.2e+06,1.2e+06,1.2e+06,1.596e+06,1.596e+06,,,,,,,,,,,7.3854e+06,82.8283,85.8586,55.5556,27.551,59.596,60.2041
1.26057e+06,,,,,,,,,,,,,,,,,,,,,,627,,,,,,,
1.26068e+06,,,,,,,,,,,,,,,,,,,,,,990,,,,,,,
1.2609e+06,,,,,,,,,,,,,,,,,,,,,,638,,,,,,,
1.261e+06,60500,62500,61500,59700,59500,70000,1.2e+06,1.2e+06,1.2e+06,1.2e+06,1.596e+06,1.596e+06,,,,,,,,,,,9.0028e+06,81.3725,88.8889,61.7647,33.6634,59.596,58.5859
1.26107e+06,,,,,,,,,,,,,,,,,,,,,,753,,,,,,,
1.26107e+06,,,,,,,,,,,,,,,,,,,,,,1000,,,,,,,
1.26107e+06,,,,,,,,,,,,,,,,,,,,,,961,,,,,,,
1.26128e+06,,,,,,,,,,,,,,,,,,,,,,713,,,,,,,
1.26131e+06,,,,,,,,,,,,,,,,,,,,,,806,,,,,,,
1.262e+06,60700,61700,61700,59700,59500,70000,1.2e+06,1.2e+06,1.2e+06,1.2e+06,1.596e+06,1.596e+06,,,,,,,,,,,8.8338e+06,80,86,60.6061,38.2353,55.5556,57.5758
1.262e+06,,,,,,,,,,,,,,,,,,,,,,630,,,,,,,
1.26218e+06,,,,,,,,,,,,,,,,,,,,,,1001,,,,,,,
1.26219e+06,,,,,,,,,,,,,,,,,,,,,,962,,,,,,,
1.26224e+06,,,,,,,,,,,,,,,,,,,,,,991,,,,,,,
1.26237e+06,,,,,,,,,,,,,24.268,,,,,,,,,,,,,,,,
1.26255e+06,,,,,,,,,,,,,,,,,,,,,,639,,,,,,,
1.26269e+06,,,,,,,,,,,,,,,,,,,,,,754,,,,,,,
1.26271e+06,,,,,,,,,,,,,,,,,,,,,,628,,,,,,,
1.26292e+06,,,,,,,,,,,,,,,,,,,,,,714,,,,,,,
1.26293e+06,,,,,,,,,,,,,,,,,,,,,,807,,,,,,,
1.26299e+06,60700,62100,61700,59700,59700,70000,1.2e+06,1.2e+06,1.2e+06,1.2e+06,1.596e+06,1.596e+06,,,,,,,,,,,8.7314e+06,79.2079,89,61,36.3636,61,62.6263
1.26329e+06,,,,,,,,,,,,,,,,,,,,,,1002,,,,,,,
1.2633e+06,,,,,,,,,,,,,,,,,,,,,,963,,,,,,,
1.26399e+06,60500,62500,61500,59700,59500,70000,1.2e+06,1.2e+06,1.2e+06,1.2e+06,1.596e+06,1.596e+06,,,,,,,,,,,8.8964e+06,80.3922,85.8586,61.3861,35,60,61.6162
1.26414e+06,,,,,,,,,,,,,,,,,,,,,,631,,,,,,,
1.26416e+06,,,,,,,,,,,,,,,,,,,,,,524,,,,,,,
1.26431e+06,,,,,,,,,,,,,,,,,,,,,,755,,,,,,,
1.26446e+06,,,,,,,,,,,,,,,,,,,,,,993,,,,,,,
1.26454e+06,,,,,,,,,,,,,,,,,,,,,,808,,,,,,,
1.26456e+06,,,,,,,,,,,,,,,,,,,,,,715,,,,,,,
1.26469e+06,,,,,,,,,,,,,,,,,,,,,,640,,,,,,,
1.26484e+06,,,,,,,,,,,,,,,,,,,,,,1003,,,,,,,
1.26485e+06,,,,,,,,,,,,,,,,,,,,,,629,,,,,,,
1.26487e+06,,,,,,,,,,,,,,,,,,,,,,964,,,,,,,
1.26499e+06,60300,62600,61700,59700,59500,70000,1.2e+06,1.2e+06,1.2e+06,1.2e+06,1.596e+06,1.596e+06,,,,,,,,,,,8.5974e+06,83.1683,84.8485,57,35.3535,60,60.6061
1.2658e+06,,,,,,,,,,,,,,,,,,,,,,632,,,,,,,
1.26593e+06,,,,,,,,,,,,,,,,,,,,,,756,,,,,,,
1.26594e+06,,,,,,,,,,,,,,,,,,,,,,1004,,,,,,,
1.26598e+06,,,,,,,,,,,,,,,,,,,,,,965,,,,,,,
1.266e+06,60500,62500,61500,59700,59500,70000,1.2e+06,1.2e+06,1.2e+06,1.2e+06,1.596e+06,1.596e+06,,,,,,,,,,,9.6832e+06,81.1881,85.8586,56.5657,27.2727,58,59
1.26602e+06,,,,,,,,,,,,,,,,,,,,,,994,,,,,,,
1.26615e+06,,,,,,,,,,,,,,,,,,,,,,809,,,,,,,
1.26634e+06,,,,,,,,,,,,,,,,,,,,,,525,,,,,,,
1.26635e+06,,,,,,,,,,,,,,,,,,,,,,641,,,,,,,
1.26651e+06,,,,,,,,,,,,,,,,,,,,,,630,,,,,,,
1.26666e+06,,,,,,,,,,,,,,,,,,,,,,716,,,,,,,
1.267e+06,60700,62100,61700,59700,59300,70000,1.2e+06,1.2e+06,1.2e+06,1.2e+06,1.596e+06,1.596e+06,,,,,,,,,,,8.1132e+06,81.8182,85,56.4356,28.2828,58.8235,59
1.26706e+06,,,,,,,,,,,,,,,,,,,,,,1005,,,,,,,
1.26714e+06,,,,,,,,,,,,,,,,,,,,,,995,,,,,,,
1.26743e+06,,,,,,,,,,,,,,66.54,60.94,,,,,,,,,,,,,,
1.26755e+06,,,,,,,,,,,,,,,,,,,,,,966,,,,,,,
1.26756e+06,,,,,,,,,,,,,,,,,,,,,,757,,,,,,,
1.26776e+06,,,,,,,,,,,,,,,,,,,,,,810,,,,,,,
1.26794e+06,,,,,,,,,,,,,,,,,,,,,,633,,,,,,,
1.268e+06,60500,62600,61500,59700,59300,70000,1.2e+06,1.2e+06,1.2e+06,1.2e+06,1.596e+06,1.596e+06,,,,,,,,,,,1.05762e+07,80.3922,88.8889,64.3564,40.5941,59.1837,58.1633
1.26817e+06,,,,,,,,,,,,,,,,,,,,,,1006,,,,,,,
1.26825e+06,,,,,,,,,,,,,,,,,,,,,,996,,,,,,,
1.2683e+06,,,,,,,,,,,,,,,,,,,,,,717,,,,,,,
1.26849e+06,,,,,,,,,,,,,,,,,,,,,,642,,,,,,,
1.26865e+06,,,,,,,,,,,,,,,,,,,,,,631,,,,,,,
1.26867e+06,,,,,,,,,,,,,,,,,,,,,,967,,,,,,,
1.269e+06,60300,61700,61700,59500,59300,70000,1.2e+06,1.2e+06,1.2e+06,1.2e+06,1.596e+06,1.596e+06,,,,,,,,,,,9.7474e+06,81.1881,86.1386,58.4158,35,56,59
1.26901e+06,,,,,,,,,,,,,,,,,,,,,,526,,,,,,,
1.26918e+06,,,,,,,,,,,,,,,,,,,,,,758,,,,,,,
1.26937e+06,,,,,,,,,,,,,,,,,,,,,,811,,,,,,,
1.26972e+06,,,,,,,,,,,,,,,,,,,,,,1007,,,,,,,
1.26978e+06,,,,,,,,,,,,,,,,,,,,,,968,,,,,,,
1.26981e+06,,,,,,,,,,,,,,,,,,,,,,997,,,,,,,
1.26994e+06,,,,,,,,,,,,,,,,,,,,,,718,,,,,,,
1.27e+06,60700,62100,61500,59700,59300,70000,1.2e+06,1.2e+06,1.2e+06,1.2e+06,1.596e+06,1.596e+06,,,,,,,,,,,8.9952e+06,79,88.7755,64,37,62.6263,63.2653
1.27008e+06,,,,,,,,,,,,,,,,,,,,,,634,,,,,,,
1.27079e+06,,,,,,,,,,,,,,,,,,,,,,632,,,,,,,
1.2708e+06,,,,,,,,,,,,,,,,,,,,,,759,,,,,,,
1.27083e+06,,,,,,,,,,,,,,,,,,,,,,1008,,,,,,,
1.27092e+06,,,,,,,,,,,,,,,,,,,,,,998,,,,,,,
1.27099e+06,,,,,,,,,,,,,,,,,,,,,,812,,,,,,,
1.271e+06,60500,62100,61500,59700,59500,70000,1.2e+06,1.2e+06,1.2e+06,1.2e+06,1.596e+06,1.596e+06,,,,,,,,,,,8.8506e+06,79.2079,85.8586,58.4158,35.3535,58.1633,60
1.27118e+06,,,,,,,,,,,,,,,,,,,,,,527,,,,,,,
1.27135e+06,,,,,,,,,,,,,,,,,,,,,,969,,,,,,,
1.27157e+06,,,,,,,,,,,,,,,,,,,,,,719,,,,,,,
1.27174e+06,,,,,,,,,,,,,,,,,,,,,,635,,,,,,,
1.27199e+06,60500,62100,61500,59700,59300,70000,1.2e+06,1.2e+06,1.2e+06,1.2e+06,1.596e+06,1.596e+06,,,,,,,,,,,9.3692e+06,84.1584,85.8586,58,32.6531,60.396,61
1.27203e+06,,,,,,,,,,,,,,,,,,,,,,999,,,,,,,
1.27212e+06,,,,,,,,,,,,,,,,,,,,,,813,,,,,,,
1.27228e+06,,,,,,,,,,,,,,,,,,,,,,644,,,,,,,
1.27243e+06,,,,,,,,,,,,,,,,,,,,,,760,,,,,,,
1.27244e+06,,,,,,,,,,,,,24.278,,,,,,,,,,,,,,,,
1.27245e+06,,,,,,,,,,,,,,,,,,,,,,633,,,,,,,
1.27247e+06,,,,,,,,,,,,,,,,,,,,,,970,,,,,,,
1.273e+06,60700,62100,61900,59700,59300,70000,1.2e+06,1.2e+06,1.2e+06,1.2e+06,1.596e+06,1.596e+06,,,,,,,,,,,8.9126e+06,83,85,56,29.703,59.596,60.6061
1.27321e+06,,,,,,,,,,,,,,,,,,,,,,720,,,,,,,
1.27349e+06,,,,,,,,,,,,,,,,,,,,,,1010,,,,,,,
1.27359e+06,,,,,,,,,,,,,,,,,,,,,,1000,,,,,,,
1.27373e+06,,,,,,,,,,,,,,,,,,,,,,814,,,,,,,
1.27386e+06,,,,,,,,,,,,,,,,,,,,,,528,,,,,,,
1.27388e+06,,,,,,,,,,,,,,,,,,,,,,636,,,,,,,
1.274e+06,60500,62500,61500,59500,59300,70000,1.2e+06,1.2e+06,1.2e+06,1.2e+06,1.596e+06,1.596e+06,,,,,,,,,,,8.4278e+06,81.1881,86.8687,58,29.2929,58,58
1.27403e+06,,,,,,,,,,,,,,,,,,,,,,971,,,,,,,
1.27405e+06,,,,,,,,,,,,,,,,,,,,,,761,,,,,,,
1.27442e+06,,,,,,,,,,,,,,,,,,,,,,645,,,,,,,
1.27459e+06,,,,,,,,,,,,,,,,,,,,,,634,,,,,,,
1.2746e+06,,,,,,,,,,,,,,,,,,,,,,1011,,,,,,,
1.2747e+06,,,,,,,,,,,,,,,,,,,,,,1001,,,,,,,
1.27499e+06,60300,62300,61500,59500,59100,70000,1.2e+06,1.2e+06,1.2e+06,1.2e+06,1.596e+06,1.596e+06,,,,,,,,,,,8.4858e+06,79.2079,88,64,35.3535,58,56.701
1.27515e+06,,,,,,,,,,,,,,,,,,,,,,972,,,,,,,
1.27532e+06,,,,,,,,,,,,,,,,,,,,,,721,,,,,,,
1.27535e+06,,,,,,,,,,,,,,,,,,,,,,815,,,,,,,
1.27568e+06,,,,,,,,,,,,,,,,,,,,,,762,,,,,,,
1.27571e+06,,,,,,,,,,,,,,,,,,,,,,1012,,,,,,,
1.27581e+06,,,,,,,,,,,,,,,,,,,,,,1002,,,,,,,
1.276e+06,60500,62100,61700,59500,58900,70000,1.2e+06,1.2e+06,1.2e+06,1.2e+06,1.596e+06,1.596e+06,,,,,,,,,,,9.4972e+06,81.1881,86.8687,58,36,56.5657,59.596
1.27602e+06,,,,,,,,,,,,,,,,,,,,,,637,,,,,,,
1.27603e+06,,,,,,,,,,,,,,,,,,,,,,529,,,,,,,
1.27626e+06,,,,,,,,,,,,,,,,,,,,,,973,,,,,,,
1.27655e+06,,,,,,,,,,,,,,,,,,,,,,646,,,,,,,
1.27673e+06,,,,,,,,,,,,,,,,,,,,,,635,,,,,,,
1.27695e+06,,,,,,,,,,,,,,,,,,,,,,722,,,,,,,
1.27696e+06,,,,,,,,,,,,,,,,,,,,,,816,,,,,,,
1.277e+06,60500,62600,61700,59900,59500,70000,1.2e+06,1.2e+06,1.2e+06,1.2e+06,1.596e+06,1.596e+06,,,,,,,,,,,8.598e+06,79.2079,88,65.0485,36.6337,65,64.6465
1.27726e+06,,,,,,,,,,,,,,,,,,,,,,1013,,,,,,,
1.2773e+06,,,,,,,,,,,,,,,,,,,,,,763,,,,,,,
1.27737e+06,,,,,,,,,,,,,,,,,,,,,,1003,,,,,,,
1.27758e+06,,,,,,,,,,,,,,66.58,60.94,,,,,,,,,,,,,,
1.27768e+06,,,,,,,,,,,,,,,,,,,,,,638,,,,,,,
1.27783e+06,,,,,,,,,,,,,,,,,,,,,,974,,,,,,,
1.278e+06,60700,62500,61900,59700,59700,70000,1.2e+06,1.2e+06,1.2e+06,1.2e+06,1.596e+06,1.596e+06,,,,,,,,,,,8.2164e+06,80.198,85.7143,58.7629,38.3838,57.8431,58.5859
1.27821e+06,,,,,,,,,,,,,,,,,,,,,,647,,,,,,,
1.27821e+06,,,,,,,,,,,,,,,,,,,,,,530,,,,,,,
1.27837e+06,,,,,,,,,,,,,,,,,,,,,,1014,,,,,,,
1.27839e+06,,,,,,,,,,,,,,,,,,,,,,636,,,,,,,
1.27849e+06,,,,,,,,,,,,,,,,,,,,,,1004,,,,,,,
1.27857e+06,,,,,,,,,,,,,,,,,,,,,,817,,,,,,,
1.27859e+06,,,,,,,,,,,,,,,,,,,,,,723,,,,,,,
1.27895e+06,,,,,,,,,,,,,,,,,,,,,,975,,,,,,,
1.279e+06,60700,62300,61500,59700,59500,70000,1.2e+06,1.2e+06,1.2e+06,1.2e+06,1.596e+06,1.596e+06,,,,,,,,,,,8.4828e+06,83.1683,85,56.8627,31,59,60
1.2796e+06,,,,,,,,,,,,,,,,,,,,,,1005,,,,,,,
1.27982e+06,,,,,,,,,,,,,,,,,,,,,,639,,,,,,,
1.28e+06,60700,62100,61500,59500,59300,70000,1.2e+06,1.2e+06,1.2e+06,1.2e+06,1.596e+06,1.596e+06,,,,,,,,,,,8.3586e+06,83,85.8586,57,26.8041,59.596,60.6061
1.28018e+06,,,,,,,,,,,,,,,,,,,,,,818,,,,,,,
1.28023e+06,,,,,,,,,,,,,,,,,,,,,,724,,,,,,,
1.28035e+06,,,,,,,,,,,,,,,,,,,,,,648,,,,,,,
1.28051e+06,,,,,,,,,,,,,,,,,,,,,,976,,,,,,,
1.28053e+06,,,,,,,,,,,,,,,,,,,,,,637,,,,,,,
1.28055e+06,,,,,,,,,,,,,,,,,,,,,,765,,,,,,,
1.28088e+06,,,,,,,,,,,,,,,,,,,,,,531,,,,,,,
1.281e+06,60300,62800,61500,59700,59300,70000,1.2e+06,1.2e+06,1.2e+06,1.2e+06,1.596e+06,1.596e+06,,,,,,,,,,,8.1778e+06,80.3922,88.7755,60.396,32,58.5859,57.5758
1.28104e+06,,,,,,,,,,,,,,,,,,,,,,1016,,,,,,,
1.28116e+06,,,,,,,,,,,,,,,,,,,,,,1006,,,,,,,
1.28163e+06,,,,,,,,,,,,,,,,,,,,,,977,,,,,,,
1.2818e+06,,,,,,,,,,,,,,,,,,,,,,819,,,,,,,
1.28196e+06,,,,,,,,,,,,,,,,,,,,,,640,,,,,,,
1.282e+06,60500,61700,61700,59500,59100,70000,1.2e+06,1.2e+06,1.2e+06,1.2e+06,1.596e+06,1.596e+06,,,,,,,,,,,9.3284e+06,80.198,85.8586,62,36.6337,56,58.5859
1.282e+06,,,,,,,,,,,,,,,,,,,,,,649,,,,,,,
1.28215e+06,,,,,,,,,,,,,,,,,,,,,,1017,,,,,,,
1.28217e+06,,,,,,,,,,,,,,,,,,,,,,766,,,,,,,
1.28227e+06,,,,,,,,,,,,,,,,,,,,,,1007,,,,,,,
1.28234e+06,,,,,,,,,,,,,,,,,,,,,,725,,,,,,,
1.28251e+06,,,,,,,,,,,,,24.278,,,,,,,,,,,,,,,,
1.28267e+06,,,,,,,,,,,,,,,,,,,,,,638,,,,,,,
1.28274e+06,,,,,,,,,,,,,,,,,,,,,,978,,,,,,,
1.283e+06,60500,62500,61500,59700,59300,70000,1.2e+06,1.2e+06,1.2e+06,1.2e+06,1.596e+06,1.596e+06,,,,,,,,,,,8.4196e+06,80,89,60,35.6436,60,60
1.28306e+06,,,,,,,,,,,,,,,,,,,,,,532,,,,,,,
1.28326e+06,,,,,,,,,,,,,,,,,,,,,,1018,,,,,,,
1.28338e+06,,,,,,,,,,,,,,,,,,,,,,1008,,,,,,,
1.28341e+06,,,,,,,,,,,,,,,,,,,,,,820,,,,,,,
1.28362e+06,,,,,,,,,,,,,,,,,,,,,,641,,,,,,,
1.28397e+06,,,,,,,,,,,,,,,,,,,,,,726,,,,,,,
1.284e+06,60700,62800,61900,60100,59300,70000,1.2e+06,1.2e+06,1.2e+06,1.2e+06,1.596e+06,1.596e+06,,,,,,,,,,,8.5312e+06,80.198,85.8586,62.7451,35.7143,62.7451,63.6364
1.28414e+06,,,,,,,,,,,,,,,,,,,,,,650,,,,,,,
1.28428e+06,,,,,,,,,,,,,,,,,,,,,,767,,,,,,,
1.28431e+06,,,,,,,,,,,,,,,,,,,,,,979,,,,,,,
1.28433e+06,,,,,,,,,,,,,,,,,,,,,,639,,,,,,,
1.28454e+06,,,,,,,,,,,,,,,,,,,,,,821,,,,,,,
1.28481e+06,,,,,,,,,,,,,,,,,,,,,,1019,,,,,,,
1.28494e+06,,,,,,,,,,,,,,,,,,,,,,1009,,,,,,,
1.285e+06,60300,63000,61500,59700,59500,70000,1.2e+06,1.2e+06,1.2e+06,1.2e+06,1.596e+06,1.596e+06,,,,,,,,,,,9.6166e+06,82.1782,84.8485,57,36,58.5859,60.396
1.28524e+06,,,,,,,,,,,,,,,,,,,,,,533,,,,,,,
1.28543e+06,,,,,,,,,,,,,,,,,,,,,,980,,,,,,,
1.28561e+06,,,,,,,,,,,,,,,,,,,,,,727,,,,,,,
1.28576e+06,,,,,,,,,,,,,,,,,,,,,,642,,,,,,,
1.2859e+06,,,,,,,,,,,,,,,,,,,,,,768,,,,,,,
1.28592e+06,,,,,,,,,,,,,,,,,,,,,,1020,,,,,,,
1.28601e+06,60700,62800,61900,59700,59300,70000,1.2e+06,1.2e+06,1.2e+06,1.2e+06,1.596e+06,1.596e+06,,,,,,,,,,,8.3682e+06,81.5534,86.1386,56.4356,30,58.4158,58
1.28605e+06,,,,,,,,,,,,,,,,,,,,,,1010,,,,,,,
1.28615e+06,,,,,,,,,,,,,,,,,,,,,,822,,,,,,,
1.28628e+06,,,,,,,,,,,,,,,,,,,,,,651,,,,,,,
1.28647e+06,,,,,,,,,,,,,,,,,,,,,,640,,,,,,,
1.28699e+06,,,,,,,,,,,,,,,,,,,,,,981,,,,,,,
1.287e+06,60300,62600,61500,59700,59100,70000,1.2e+06,1.2e+06,1.2e+06,1.2e+06,1.596e+06,1.596e+06,,,,,,,,,,,9.5434e+06,83,84.6939,56.5657,29,59.1837,60.2041
1.28704e+06,,,,,,,,,,,,,,,,,,,,,,1021,,,,,,,
1.28716e+06,,,,,,,,,,,,,,,,,,,,,,1011,,,,,,,
1.28725e+06,,,,,,,,,,,,,,,,,,,,,,728,,,,,,,
1.28753e+06,,,,,,,,,,,,,,,,,,,,,,769,,,,,,,
1.2877e+06,,,,,,,,,,,,,,66.54,60.86,,,,,,,,,,,,,,
1.28777e+06,,,,,,,,,,,,,,,,,,,,,,823,,,,,,,
1.2879e+06,,,,,,,,,,,,,,,,,,,,,,643,,,,,,,
1.28791e+06,,,,,,,,,,,,,,,,,,,,,,534,,,,,,,
1.28794e+06,,,,,,,,,,,,,,,,,,,,,,652,,,,,,,
1.28799e+06,60500,62600,61500,59700,59100,70000,1.2e+06,1.2e+06,1.2e+06,1.2e+06,1.596e+06,1.596e+06,,,,,,,,,,,9.5152e+06,81.3725,89,61.3861,35.6436,61,58.5859
1.28811e+06,,,,,,,,,,,,,,,,,,,,,,982,,,,,,,
1.28815e+06,,,,,,,,,,,,,,,,,,,,,,1022,,,,,,,
1.28861e+06,,,,,,,,,,,,,,,,,,,,,,641,,,,,,,
1.28872e+06,,,,,,,,,,,,,,,,,,,,,,1012,,,,,,,
1.289e+06,60500,61500,61500,59500,59300,70000,1.2e+06,1.2e+06,1.2e+06,1.2e+06,1.596e+06,1.596e+06,,,,,,,,,,,9.1998e+06,80.8081,86,60,35.0515,56,58.5859
1.28923e+06,,,,,,,,,,,,,,,,,,,,,,983,,,,,,,
1.28936e+06,,,,,,,,,,,,,,,,,,,,,,729,,,,,,,
1.28938e+06,,,,,,,,,,,,,,,,,,,,,,824,,,,,,,
1.28956e+06,,,,,,,,,,,,,,,,,,,,,,644,,,,,,,
1.2897e+06,,,,,,,,,,,,,,,,,,,,,,1023,,,,,,,
1.28983e+06,,,,,,,,,,,,,,,,,,,,,,1013,,,,,,,
1.29e+06,60300,62800,61900,59700,59300,70000,1.2e+06,1.2e+06,1.2e+06,1.2e+06,1.596e+06,1.596e+06,,,,,,,,,,,9.383e+06,80,88.8889,62.3762,36.2745,62,61.6162
1.29007e+06,,,,,,,,,,,,,,,,,,,,,,653,,,,,,,
1.29009e+06,,,,,,,,,,,,,,,,,,,,,,535,,,,,,,
1.29027e+06,,,,,,,,,,,,,,,,,,,,,,642,,,,,,,
1.29079e+06,,,,,,,,,,,,,,,,,,,,,,984,,,,,,,
1.29081e+06,,,,,,,,,,,,,,,,,,,,,,1024,,,,,,,
1.29094e+06,,,,,,,,,,,,,,,,,,,,,,1014,,,,,,,
1.29099e+06,,,,,,,,,,,,,,,,,,,,,,825,,,,,,,
1.29099e+06,,,,,,,,,,,,,,,,,,,,,,730,,,,,,,
1.291e+06,60500,62500,61700,59700,59500,70000,1.2e+06,1.2e+06,1.2e+06,1.2e+06,1.596e+06,1.596e+06,,,,,,,,,,,8.5618e+06,79.6117,85.7143,60.6061,34.6939,60.396,61.6162
1.2917e+06,,,,,,,,,,,,,,,,,,,,,,645,,,,,,,
1.29173e+06,,,,,,,,,,,,,,,,,,,,,,654,,,,,,,
1.29191e+06,,,,,,,,,,,,,,,,,,,,,,985,,,,,,,
1.29193e+06,,,,,,,,,,,,,,,,,,,,,,1025,,,,,,,
1.292e+06,60300,62600,61500,59700,59300,70000,1.2e+06,1.2e+06,1.2e+06,1.2e+06,1.596e+06,1.596e+06,,,,,,,,,,,9.4536e+06,84.1584,85.1485,57.4257,37,60.6061,61
1.2924e+06,,,,,,,,,,,,,,,,,,,,,,772,,,,,,,
1.29241e+06,,,,,,,,,,,,,,,,,,,,,,643,,,,,,,
1.2925e+06,,,,,,,,,,,,,,,,,,,,,,1015,,,,,,,
1.29256e+06,,,,,,,,,,,,,24.268,,,,,,,,,,,,,,,,
1.2926e+06,,,,,,,,,,,,,,,,,,,,,,826,,,,,,,
1.29263e+06,,,,,,,,,,,,,,,,,,,,,,731,,,,,,,
1.29276e+06,,,,,,,,,,,,,,,,,,,,,,536,,,,,,,
1.293e+06,60900,62800,61500,59700,59500,70000,1.2e+06,1.2e+06,1.2e+06,1.2e+06,1.596e+06,1.596e+06,,,,,,,,,,,8.6674e+06,81,85.7143,57,27.2727,57,58.5859
1.29347e+06,,,,,,,,,,,,,,,,,,,,,,986,,,,,,,
1.29348e+06,,,,,,,,,,,,,,,,,,,,,,1026,,,,,,,
1.29361e+06,,,,,,,,,,,,,,,,,,,,,,1016,,,,,,,
1.29384e+06,,,,,,,,,,,,,,,,,,,,,,646,,,,,,,
1.29387e+06,,,,,,,,,,,,,,,,,,,,,,655,,,,,,,
1.29399e+06,60300,62300,61700,59700,59300,70000,1.2e+06,1.2e+06,1.2e+06,1.2e+06,1.596e+06,1.596e+06,,,,,,,,,,,9.5172e+06,81.3725,85.8586,58.6538,27.7228,58,59
1.29402e+06,,,,,,,,,,,,,,,,,,,,,,773,,,,,,,
1.29422e+06,,,,,,,,,,,,,,,,,,,,,,827,,,,,,,
1.29427e+06,,,,,,,,,,,,,,,,,,,,,,732,,,,,,,
1.29455e+06,,,,,,,,,,,,,,,,,,,,,,644,,,,,,,
1.29459e+06,,,,,,,,,,,,,,,,,,,,,,1027,,,,,,,
1.29459e+06,,,,,,,,,,,,,,,,,,,,,,987,,,,,,,
1.29472e+06,,,,,,,,,,,,,,,,,,,,,,1017,,,,,,,
1.29494e+06,,,,,,,,,,,,,,,,,,,,,,537,,,,,,,
1.295e+06,60300,62600,61900,59700,59500,70000,1.2e+06,1.2e+06,1.2e+06,1.2e+06,1.596e+06,1.596e+06,,,,,,,,,,,9.6118e+06,80,88,62.6263,33.3333,59.596,57.732
1.29565e+06,,,,,,,,,,,,,,,,,,,,,,774,,,,,,,
1.2957e+06,,,,,,,,,,,,,,,,,,,,,,1028,,,,,,,
1.29583e+06,,,,,,,,,,,,,,,,,,,,,,828,,,,,,,
1.296e+06,60700,61500,61700,59500,59100,70000,1.2e+06,1.2e+06,1.2e+06,1.2e+06,1.596e+06,1.596e+06,,,,,,,,,,,9.0662e+06,80.5825,86,58.4158,34.6535,55.5556,58.8235
1.296e+06,,,,,,,,,,,,,,,,,,,,,,656,,,,,,,
1.29616e+06,,,,,,,,,,,,,,,,,,,,,,988,,,,,,,
1.29621e+06,,,,,,,,,,,,,,,,,,,,,,645,,,,,,,
1.29628e+06,,,,,,,,,,,,,,,,,,,,,,1018,,,,,,,
1.29637e+06,,,,,,,,,,,,,,,,,,,,,,733,,,,,,,
1.29699e+06,60900,63000,61900,59700,59300,70000,1.2e+06,1.2e+06,1.2e+06,1.2e+06,1.596e+06,1.596e+06,,,,,,,,,,,9.5006e+06,80,89.6907,64,38.3838,64,63.9175
1.29712e+06,,,,,,,,,,,,,,,,,,,,,,538,,,,,,,
1.29725e+06,,,,,,,,,,,,,,,,,,,,,,1029,,,,,,,
1.29727e+06,,,,,,,,,,,,,,,,,,,,,,775,,,,,,,
1.29728e+06,,,,,,,,,,,,,,,,,,,,,,989,,,,,,,
1.29739e+06,,,,,,,,,,,,,,,,,,,,,,1019,,,,,,,
1.29764e+06,,,,,,,,,,,,,,,,,,,,,,648,,,,,,,
1.29766e+06,,,,,,,,,,,,,,,,,,,,,,657,,,,,,,
1.29786e+06,,,,,,,,,,,,,,66.62,61.02,,,,,,,,,,,,,,
1.29799e+06,60300,62500,61700,59700,59300,70000,1.2e+06,1.2e+06,1.2e+06,1.2e+06,1.596e+06,1.596e+06,,,,,,,,,,,8.7134e+06,80.198,87.1287,58.5859,36.6337,58.4158,59.596
1.29801e+06,,,,,,,,,,,,,,,,,,,,,,734,,,,,,,
1.29835e+06,,,,,,,,,,,,,,,,,,,,,,646,,,,,,,
1.29836e+06,,,,,,,,,,,,,,,,,,,,,,1030,,,,,,,
1.2984e+06,,,,,,,,,,,,,,,,,,,,,,990,,,,,,,
1.2985e+06,,,,,,,,,,,,,,,,,,,,,,1020,,,,,,,
1.29857e+06,,,,,,,,,,,,,,,,,,,,,,830,,,,,,,
1.2989e+06,,,,,,,,,,,,,,,,,,,,,,776,,,,,,,
1.299e+06,60500,62800,61900,59700,59500,70000,1.2e+06,1.2e+06,1.2e+06,1.2e+06,1.596e+06,1.596e+06,,,,,,,,,,,9.3034e+06,83.3333,84.8485,57.8431,33,60,61.3861
1.29947e+06,,,,,,,,,,,,,,,,,,,,,,1031,,,,,,,
1.29965e+06,,,,,,,,,,,,,,,,,,,,,,735,,,,,,,
1.29978e+06,,,,,,,,,,,,,,,,,,,,,,649,,,,,,,
1.29979e+06,,,,,,,,,,,,,,,,,,,,,,539,,,,,,,
1.29979e+06,,,,,,,,,,,,,,,,,,,,,,658,,,,,,,
1.29996e+06,,,,,,,,,,,,,,,,,,,,,,991,,,,,,,
1.3e+06,60500,62600,61500,59900,59500,70000,1.2e+06,1.2e+06,1.2e+06,1.2e+06,1.596e+06,1.596e+06,,,,,,,,,,,8.8468e+06,83,85.8586,57.4257,28,59.1837,60.2041
1.30006e+06,,,,,,,,,,,,,,,,,,,,,,1021,,,,,,,
1.30019e+06,,,,,,,,,,,,,,,,,,,,,,831,,,,,,,
1.30049e+06,,,,,,,,,,,,,,,,,,,,,,647,,,,,,,
1.30052e+06,,,,,,,,,,,,,,,,,,,,,,777,,,,,,,
1.30099e+06,60300,62600,61900,59700,59300,70000,1.2e+06,1.2e+06,1.2e+06,1.2e+06,1.596e+06,1.596e+06,,,,,,,,,,,9.172e+06,81.1881,87.1287,57.5758,32.3529,58.8235,58.5859
1.30102e+06,,,,,,,,,,,,,,,,,,,,,,1032,,,,,,,
1.30108e+06,,,,,,,,,,,,,,,,,,,,,,992,,,,,,,
1.30117e+06,,,,,,,,,,,,,,,,,,,,,,1022,,,,,,,
1.30128e+06,,,,,,,,,,,,,,,,,,,,,,736,,,,,,,
1.30144e+06,,,,,,,,,,,,,,,,,,,,,,650,,,,,,,
1.30145e+06,,,,,,,,,,,,,,,,,,,,,,659,,,,,,,
1.3018e+06,,,,,,,,,,,,,,,,,,,,,,832,,,,,,,
1.30197e+06,,,,,,,,,,,,,,,,,,,,,,540,,,,,,,
1.30199e+06,60500,62600,61500,59500,59100,70000,1.2e+06,1.2e+06,1.2e+06,1.2e+06,1.596e+06,1.596e+06,,,,,,,,,,,9.2106e+06,80.198,87.7551,64,35.3535,58,56.5657
1.30213e+06,,,,,,,,,,,,,,,,,,,,,,1033,,,,,,,
1.30214e+06,,,,,,,,,,,,,,,,,,,,,,778,,,,,,,
1.30215e+06,,,,,,,,,,,,,,,,,,,,,,648,,,,,,,
1.30229e+06,,,,,,,,,,,,,,,,,,,,,,1023,,,,,,,
1.30263e+06,,,,,,,,,,,,,24.268,,,,,,,,,,,,,,,,
1.30264e+06,,,,,,,,,,,,,,,,,,,,,,993,,,,,,,
1.303e+06,60700,61900,61500,59500,59300,70000,1.2e+06,1.2e+06,1.2e+06,1.2e+06,1.596e+06,1.596e+06,,,,,,,,,,,9.3986e+06,80.3922,86.8687,58.2524,34.6939,58,59.596
1.30324e+06,,,,,,,,,,,,,,,,,,,,,,1034,,,,,,,
1.30339e+06,,,,,,,,,,,,,,,,,,,,,,737,,,,,,,
1.30341e+06,,,,,,,,,,,,,,,,,,,,,,833,,,,,,,
1.30358e+06,,,,,,,,,,,,,,,,,,,,,,651,,,,,,,
1.30359e+06,,,,,,,,,,,,,,,,,,,,,,660,,,,,,,
1.30376e+06,,,,,,,,,,,,,,,,,,,,,,994,,,,,,,
1.30377e+06,,,,,,,,,,,,,,,,,,,,,,779,,,,,,,
1.30384e+06,,,,,,,,,,,,,,,,,,,,,,1024,,,,,,,
1.304e+06,60700,62800,61900,59900,59500,70000,1.2e+06,1.2e+06,1.2e+06,1.2e+06,1.596e+06,1.596e+06,,,,,,,,,,,8.5868e+06,80.198,88,63.6364,38.2353,63.6364,64.6465
1.30429e+06,,,,,,,,,,,,,,,,,,,,,,649,,,,,,,
1.30464e+06,,,,,,,,,,,,,,,,,,,,,,541,,,,,,,
1.3048e+06,,,,,,,,,,,,,,,,,,,,,,1035,,,,,,,
1.30488e+06,,,,,,,,,,,,,,,,,,,,,,995,,,,,,,
1.30495e+06,,,,,,,,,,,,,,,,,,,,,,1025,,,,,,,
1.30499e+06,60700,62300,61700,59700,59500,70000,1.2e+06,1.2e+06,1.2e+06,1.2e+06,1.596e+06,1.596e+06,,,,,,,,,,,8.5082e+06,81,84.8485,57.5758,35.7143,56.5657,59
1.30502e+06,,,,,,,,,,,,,,,,,,,,,,834,,,,,,,
1.30503e+06,,,,,,,,,,,,,,,,,,,,,,738,,,,,,,
1.30572e+06,,,,,,,,,,,,,,,,,,,,,,652,,,,,,,
1.30572e+06,,,,,,,,,,,,,,,,,,,,,,661,,,,,,,
1.30587e+06,,,,,,,,,,,,,,,,,,,,,,780,,,,,,,
1.30591e+06,,,,,,,,,,,,,,,,,,,,,,1036,,,,,,,
1.306e+06,60500,62100,61700,59700,59500,70000,1.2e+06,1.2e+06,1.2e+06,1.2e+06,1.596e+06,1.596e+06,,,,,,,,,,,8.536e+06,82.3529,85.8586,57,29.5918,60,59
1.30607e+06,,,,,,,,,,,,,,,,,,,,,,1026,,,,,,,
1.30643e+06,,,,,,,,,,,,,,,,,,,,,,650,,,,,,,
1.30644e+06,,,,,,,,,,,,,,,,,,,,,,996,,,,,,,
1.30664e+06,,,,,,,,,,,,,,,,,,,,,,835,,,,,,,
1.30667e+06,,,,,,,,,,,,,,,,,,,,,,739,,,,,,,
1.30682e+06,,,,,,,,,,,,,,,,,,,,,,542,,,,,,,
1.30699e+06,60300,61900,61900,59700,59500,70000,1.2e+06,1.2e+06,1.2e+06,1.2e+06,1.596e+06,1.596e+06,,,,,,,,,,,9.711e+06,83.1683,85.1485,56.4356,27.2727,59.596,60.8247
1.30702e+06,,,,,,,,,,,,,,,,,,,,,,1037,,,,,,,
1.30738e+06,,,,,,,,,,,,,,,,,,,,,,653,,,,,,,
1.30738e+06,,,,,,,,,,,,,,,,,,,,,,662,,,,,,,
1.3075e+06,,,,,,,,,,,,,,,,,,,,,,781,,,,,,,
1.30756e+06,,,,,,,,,,,,,,,,,,,,,,997,,,,,,,
1.30762e+06,,,,,,,,,,,,,,,,,,,,,,1027,,,,,,,
1.30798e+06,,,,,,,,,,,,,,66.50,61.14,,,,,,,,,,,,,,
1.30799e+06,60500,62500,61700,59700,59300,70000,1.2e+06,1.2e+06,1.2e+06,1.2e+06,1.596e+06,1.596e+06,,,,,,,,,,,9.386e+06,82,89.7959,60.396,34.3434,60,58
1.3083e+06,,,,,,,,,,,,,,,,,,,,,,740,,,,,,,
1.30858e+06,,,,,,,,,,,,,,,,,,,,,,1038,,,,,,,
1.30858e+06,,,,,,,,,,,,,,,,,,,,,,651,,,,,,,
1.30873e+06,,,,,,,,,,,,,,,,,,,,,,1028,,,,,,,
1.309e+06,60700,62600,61500,59700,59300,70000,1.2e+06,1.2e+06,1.2e+06,1.2e+06,1.596e+06,1.596e+06,,,,,,,,,,,8.876e+06,80.198,86,63,35,56,58.1633
1.309e+06,,,,,,,,,,,,,,,,,,,,,,543,,,,,,,
1.30912e+06,,,,,,,,,,,,,,,,,,,,,,998,,,,,,,
1.30913e+06,,,,,,,,,,,,,,,,,,,,,,782,,,,,,,
1.30952e+06,,,,,,,,,,,,,,,,,,,,,,663,,,,,,,
1.30952e+06,,,,,,,,,,,,,,,,,,,,,,654,,,,,,,
1.30969e+06,,,,,,,,,,,,,,,,,,,,,,1039,,,,,,,
1.30985e+06,,,,,,,,,,,,,,,,,,,,,,1029,,,,,,,
1.30999e+06,60700,62100,61500,59700,59500,70000,1.2e+06,1.2e+06,1.2e+06,1.2e+06,1.596e+06,1.596e+06,,,,,,,,,,,8.9454e+06,80,89,59.4059,38.2353,59.1837,60.6061
1.31024e+06,,,,,,,,,,,,,,,,,,,,,,652,,,,,,,
1.31024e+06,,,,,,,,,,,,,,,,,,,,,,999,,,,,,,
1.31041e+06,,,,,,,,,,,,,,,,,,,,,,741,,,,,,,
1.31076e+06,,,,,,,,,,,,,,,,,,,,,,783,,,,,,,
1.3108e+06,,,,,,,,,,,,,,,,,,,,,,1040,,,,,,,
1.311e+06,60500,62100,61900,59900,59500,70000,1.2e+06,1.2e+06,1.2e+06,1.2e+06,1.596e+06,1.596e+06,,,,,,,,,,,7.9806e+06,79.4118,85.7143,62,34.6939,63,63.6364
1.31136e+06,,,,,,,,,,,,,,,,,,,,,,1000,,,,,,,
1.3114e+06,,,,,,,,,,,,,,,,,,,,,,1030,,,,,,,
1.31166e+06,,,,,,,,,,,,,,,,,,,,,,664,,,,,,,
1.31166e+06,,,,,,,,,,,,,,,,,,,,,,655,,,,,,,
1.31168e+06,,,,,,,,,,,,,,,,,,,,,,544,,,,,,,
1.31191e+06,,,,,,,,,,,,,,,,,,,,,,1041,,,,,,,
1.312e+06,60700,62600,61900,59700,59500,70000,1.2e+06,1.2e+06,1.2e+06,1.2e+06,1.596e+06,1.596e+06,,,,,,,,,,,9.052e+06,83.1683,85,58,35,58.5859,59.596
1.31205e+06,,,,,,,,,,,,,,,,,,,,,,742,,,,,,,
1.31238e+06,,,,,,,,,,,,,,,,,,,,,,653,,,,,,,
1.31238e+06,,,,,,,,,,,,,,,,,,,,,,784,,,,,,,
1.31251e+06,,,,,,,,,,,,,,,,,,,,,,1031,,,,,,,
1.31261e+06,,,,,,,,,,,,,,,,,,,,,,839,,,,,,,
1.31269e+06,,,,,,,,,,,,,24.268,,,,,,,,,,,,,,,,
1.31293e+06,,,,,,,,,,,,,,,,,,,,,,1001,,,,,,,
1.313e+06,60500,62300,61500,59900,59500,70000,1.2e+06,1.2e+06,1.2e+06,1.2e+06,1.596e+06,1.596e+06,,,,,,,,,,,9.0392e+06,81.3725,86,56.8627,31.3725,57.4257,58.8235
1.31331e+06,,,,,,,,,,,,,,,,,,,,,,665,,,,,,,
1.31332e+06,,,,,,,,,,,,,,,,,,,,,,656,,,,,,,
1.31346e+06,,,,,,,,,,,,,,,,,,,,,,1042,,,,,,,
1.31363e+06,,,,,,,,,,,,,,,,,,,,,,1032,,,,,,,
1.31368e+06,,,,,,,,,,,,,,,,,,,,,,743,,,,,,,
1.31399e+06,60500,62500,61500,59700,59700,70000,1.2e+06,1.2e+06,1.2e+06,1.2e+06,1.596e+06,1.596e+06,,,,,,,,,,,9.43e+06,83.1683,84.8485,56.5657,25.5102,59.1837,60.2041
1.31401e+06,,,,,,,,,,,,,,,,,,,,,,785,,,,,,,
1.31405e+06,,,,,,,,,,,,,,,,,,,,,,1002,,,,,,,
1.31422e+06,,,,,,,,,,,,,,,,,,,,,,840,,,,,,,
1.31452e+06,,,,,,,,,,,,,,,,,,,,,,654,,,,,,,
1.31458e+06,,,,,,,,,,,,,,,,,,,,,,1043,,,,,,,
1.31499e+06,60700,62800,61900,59700,59300,70000,1.2e+06,1.2e+06,1.2e+06,1.2e+06,1.596e+06,1.596e+06,,,,,,,,,,,9.8996e+06,79.798,88.8889,61,33.3333,59,57.5758
1.31518e+06,,,,,,,,,,,,,,,,,,,,,,1033,,,,,,,
1.31532e+06,,,,,,,,,,,,,,,,,,,,,,744,,,,,,,
1.31545e+06,,,,,,,,,,,,,,,,,,,,,,666,,,,,,,
1.31546e+06,,,,,,,,,,,,,,,,,,,,,,657,,,,,,,
1.31561e+06,,,,,,,,,,,,,,,,,,,,,,1003,,,,,,,
1.31564e+06,,,,,,,,,,,,,,,,,,,,,,786,,,,,,,
1.31569e+06,,,,,,,,,,,,,,,,,,,,,,1044,,,,,,,
1.31583e+06,,,,,,,,,,,,,,,,,,,,,,841,,,,,,,
1.316e+06,60500,62300,61900,59900,59100,70000,1.2e+06,1.2e+06,1.2e+06,1.2e+06,1.596e+06,1.596e+06,,,,,,,,,,,9.7176e+06,81.3725,86,60,35,56,58.1633
1.31619e+06,,,,,,,,,,,,,,,,,,,,,,655,,,,,,,
1.3163e+06,,,,,,,,,,,,,,,,,,,,,,1034,,,,,,,
1.31653e+06,,,,,,,,,,,,,,,,,,,,,,546,,,,,,,
1.31674e+06,,,,,,,,,,,,,,,,,,,,,,1004,,,,,,,
1.31699e+06,60700,62600,61900,59900,59300,70000,1.2e+06,1.2e+06,1.2e+06,1.2e+06,1.596e+06,1.596e+06,,,,,,,,,,,8.5076e+06,79,89,63.1068,37.6238,62,62
1.31711e+06,,,,,,,,,,,,,,,,,,,,,,667,,,,,,,
1.31724e+06,,,,,,,,,,,,,,,,,,,,,,1045,,,,,,,
1.31726e+06,,,,,,,,,,,,,,,,,,,,,,787,,,,,,,
1.31741e+06,,,,,,,,,,,,,,,,,,,,,,1035,,,,,,,
1.31743e+06,,,,,,,,,,,,,,,,,,,,,,745,,,,,,,
1.31744e+06,,,,,,,,,,,,,,,,,,,,,,842,,,,,,,
1.3176e+06,,,,,,,,,,,,,,,,,,,,,,658,,,,,,,
1.31799e+06,60700,62300,61900,59700,59500,70000,1.2e+06,1.2e+06,1.2e+06,1.2e+06,1.596e+06,1.596e+06,,,,,,,,,,,9.619e+06,79.6117,85.7143,60,35.3535,60.6061,62.6263
1.3181e+06,,,,,,,,,,,,,,66.74,61.22,,,,,,,,,,,,,,
1.3183e+06,,,,,,,,,,,,,,,,,,,,,,1005,,,,,,,
1.31833e+06,,,,,,,,,,,,,,,,,,,,,,656,,,,,,,
1.31835e+06,,,,,,,,,,,,,,,,,,,,,,1046,,,,,,,
1.31871e+06,,,,,,,,,,,,,,,,,,,,,,547,,,,,,,
1.31888e+06,,,,,,,,,,,,,,,,,,,,,,788,,,,,,,
1.31897e+06,,,,,,,,,,,,,,,,,,,,,,1036,,,,,,,
1.319e+06,60700,62800,61900,59900,59700,70000,1.2e+06,1.2e+06,1.2e+06,1.2e+06,1.596e+06,1.596e+06,,,,,,,,,,,9.1784e+06,84.1584,85.8586,58.5859,40.1961,59.596,60.396
1.31906e+06,,,,,,,,,,,,,,,,,,,,,,843,,,,,,,
1.31906e+06,,,,,,,,,,,,,,,,,,,,,,746,,,,,,,
1.31924e+06,,,,,,,,,,,,,,,,,,,,,,668,,,,,,,
1.31926e+06,,,,,,,,,,,,,,,,,,,,,,659,,,,,,,
1.31942e+06,,,,,,,,,,,,,,,,,,,,,,1006,,,,,,,
1.31946e+06,,,,,,,,,,,,,,,,,,,,,,1047,,,,,,,
1.31999e+06,60500,62600,61500,59700,59300,70000,1.2e+06,1.2e+06,1.2e+06,1.2e+06,1.596e+06,1.596e+06,,,,,,,,,,,9.2578e+06,80.8081,85,56.4356,27.551,58,58.5859
1.32008e+06,,,,,,,,,,,,,,,,,,,,,,1037,,,,,,,
1.32047e+06,,,,,,,,,,,,,,,,,,,,,,657,,,,,,,
1.32051e+06,,,,,,,,,,,,,,,,,,,,,,789,,,,,,,
1.32054e+06,,,,,,,,,,,,,,,,,,,,,,1007,,,,,,,
1.32067e+06,,,,,,,,,,,,,,,,,,,,,,844,,,,,,,
1.3207e+06,,,,,,,,,,,,,,,,,,,,,,747,,,,,,,
1.321e+06,60500,62800,61500,59900,59300,70000,1.2e+06,1.2e+06,1.2e+06,1.2e+06,1.596e+06,1.596e+06,,,,,,,,,,,9.1264e+06,81.5534,85.8586,56,27.7228,58.8235,59
1.32101e+06,,,,,,,,,,,,,,,,,,,,,,1048,,,,,,,
1.32138e+06,,,,,,,,,,,,,,,,,,,,,,548,,,,,,,
1.32138e+06,,,,,,,,,,,,,,,,,,,,,,669,,,,,,,
1.3214e+06,,,,,,,,,,,,,,,,,,,,,,660,,,,,,,
1.32164e+06,,,,,,,,,,,,,,,,,,,,,,1038,,,,,,,
1.3218e+06,,,,,,,,,,,,,,,,,,,,,,845,,,,,,,
1.322e+06,60500,62500,61900,59700,59300,70000,1.2e+06,1.2e+06,1.2e+06,1.2e+06,1.596e+06,1.596e+06,,,,,,,,,,,7.983e+06,80.8081,88.8889,63.6364,35.3535,59.596,58.1633
1.3221e+06,,,,,,,,,,,,,,,,,,,,,,1008,,,,,,,
1.32212e+06,,,,,,,,,,,,,,,,,,,,,,1049,,,,,,,
1.32213e+06,,,,,,,,,,,,,,,,,,,,,,658,,,,,,,
1.32213e+06,,,,,,,,,,,,,,,,,,,,,,790,,,,,,,
1.32234e+06,,,,,,,,,,,,,,,,,,,,,,748,,,,,,,
1.32275e+06,,,,,,,,,,,,,,,,,,,,,,1039,,,,,,,
1.32276e+06,,,,,,,,,,,,,24.268,,,,,,,,,,,,,,,,
1.323e+06,60700,61900,61900,60100,59300,70000,1.2e+06,1.2e+06,1.2e+06,1.2e+06,1.596e+06,1.596e+06,,,,,,,,,,,8.0114e+06,80.5825,85,58,36.3636,55.5556,57.5758
1.32304e+06,,,,,,,,,,,,,,,,,,,,,,670,,,,,,,
1.32322e+06,,,,,,,,,,,,,,,,,,,,,,1009,,,,,,,
1.32323e+06,,,,,,,,,,,,,,,,,,,,,,1050,,,,,,,
1.32341e+06,,,,,,,,,,,,,,,,,,,,,,846,,,,,,,
1.32354e+06,,,,,,,,,,,,,,,,,,,,,,661,,,,,,,
1.32356e+06,,,,,,,,,,,,,,,,,,,,,,549,,,,,,,
1.32375e+06,,,,,,,,,,,,,,,,,,,,,,791,,,,,,,
1.32386e+06,,,,,,,,,,,,,,,,,,,,,,1040,,,,,,,
1.324e+06,60700,63000,61500,59700,59300,70000,1.2e+06,1.2e+06,1.2e+06,1.2e+06,1.596e+06,1.596e+06,,,,,,,,,,,9.3838e+06,79.798,89.7959,63.7255,36.2745,63.3663,64.6465
1.32426e+06,,,,,,,,,,,,,,,,,,,,,,659,,,,,,,
1.32445e+06,,,,,,,,,,,,,,,,,,,,,,749,,,,,,,
1.32478e+06,,,,,,,,,,,,,,,,,,,,,,1051,,,,,,,
1.32479e+06,,,,,,,,,,,,,,,,,,,,,,1010,,,,,,,
1.32499e+06,60700,62800,61900,59700,59500,70000,1.2e+06,1.2e+06,1.2e+06,1.2e+06,1.596e+06,1.596e+06,,,,,,,,,,,9.7058e+06,79.2079,85.1485,58.4158,35.3535,57.5758,60
1.32503e+06,,,,,,,,,,,,,,,,,,,,,,847,,,,,,,
1.32517e+06,,,,,,,,,,,,,,,,,,,,,,671,,,,,,,
1.3252e+06,,,,,,,,,,,,,,,,,,,,,,662,,,,,,,
1.32542e+06,,,,,,,,,,,,,,,,,,,,,,1041,,,,,,,
1.32574e+06,,,,,,,,,,,,,,,,,,,,,,550,,,,,,,
1.32586e+06,,,,,,,,,,,,,,,,,,,,,,792,,,,,,,
1.32589e+06,,,,,,,,,,,,,,,,,,,,,,1052,,,,,,,
1.3259e+06,,,,,,,,,,,,,,,,,,,,,,1011,,,,,,,
1.326e+06,60700,62800,61900,59700,59300,70000,1.2e+06,1.2e+06,1.2e+06,1.2e+06,1.596e+06,1.596e+06,,,,,,,,,,,9.0984e+06,83.3333,85.7143,57.5758,32.3232,60,60.6061
1.32608e+06,,,,,,,,,,,,,,,,,,,,,,750,,,,,,,
1.32641e+06,,,,,,,,,,,,,,,,,,,,,,660,,,,,,,
1.32653e+06,,,,,,,,,,,,,,,,,,,,,,1042,,,,,,,
1.32664e+06,,,,,,,,,,,,,,,,,,,,,,848,,,,,,,
1.32683e+06,,,,,,,,,,,,,,,,,,,,,,672,,,,,,,
1.327e+06,60700,62800,61900,59900,59700,70000,1.2e+06,1.2e+06,1.2e+06,1.2e+06,1.596e+06,1.596e+06,,,,,,,,,,,8.8412e+06,83,85.7143,57.4257,27,60.6061,59.596
1.32702e+06,,,,,,,,,,,,,,,,,,,,,,1012,,,,,,,
1.32749e+06,,,,,,,,,,,,,,,,,,,,,,793,,,,,,,
1.32764e+06,,,,,,,,,,,,,,,,,,,,,,1043,,,,,,,
1.32772e+06,,,,,,,,,,,,,,,,,,,,,,751,,,,,,,
1.32799e+06,60700,63000,61900,59900,59500,70000,1.2e+06,1.2e+06,1.2e+06,1.2e+06,1.596e+06,1.596e+06,,,,,,,,,,,9.3464e+06,81.3725,87.1287,57.5758,28.5714,57.1429,58.5859
1.32824e+06,,,,,,,,,,,,,,66.38,61.02,,,,,,,,,,,,,,
1.32825e+06,,,,,,,,,,,,,,,,,,,,,,849,,,,,,,
1.32841e+06,,,,,,,,,,,,,,,,,,,,,,551,,,,,,,
1.32855e+06,,,,,,,,,,,,,,,,,,,,,,1054,,,,,,,
1.32858e+06,,,,,,,,,,,,,,,,,,,,,,1013,,,,,,,
1.32897e+06,,,,,,,,,,,,,,,,,,,,,,673,,,,,,,
1.32899e+06,60500,61900,61900,59900,59500,70000,1.2e+06,1.2e+06,1.2e+06,1.2e+06,1.596e+06,1.596e+06,,,,,,,,,,,9.2188e+06,79,87,63.3663,37.6238,57.4257,58.1633
1.32912e+06,,,,,,,,,,,,,,,,,,,,,,794,,,,,,,
1.3292e+06,,,,,,,,,,,,,,,,,,,,,,1044,,,,,,,
1.32936e+06,,,,,,,,,,,,,,,,,,,,,,752,,,,,,,
1.32948e+06,,,,,,,,,,,,,,,,,,,,,,664,,,,,,,
1.32967e+06,,,,,,,,,,,,,,,,,,,,,,1055,,,,,,,
1.32971e+06,,,,,,,,,,,,,,,,,,,,,,1014,,,,,,,
1.32986e+06,,,,,,,,,,,,,,,,,,,,,,850,,,,,,,
1.33e+06,60700,61900,61900,60100,59500,70000,1.2e+06,1.2e+06,1.2e+06,1.2e+06,1.596e+06,1.596e+06,,,,,,,,,,,9.2384e+06,80.3922,86.8687,58.5859,35.3535,57.1429,59.596
1.33021e+06,,,,,,,,,,,,,,,,,,,,,,662,,,,,,,
1.33031e+06,,,,,,,,,,,,,,,,,,,,,,1045,,,,,,,
1.33058e+06,,,,,,,,,,,,,,,,,,,,,,552,,,,,,,
1.33074e+06,,,,,,,,,,,,,,,,,,,,,,795,,,,,,,
1.33078e+06,,,,,,,,,,,,,,,,,,,,,,1056,,,,,,,
1.331e+06,60700,62800,61900,60100,59300,70000,1.2e+06,1.2e+06,1.2e+06,1.2e+06,1.596e+06,1.596e+06,,,,,,,,,,,9.9762e+06,80,88,63.3663,35.6436,64,65
1.3311e+06,,,,,,,,,,,,,,,,,,,,,,674,,,,,,,
1.33114e+06,,,,,,,,,,,,,,,,,,,,,,665,,,,,,,
1.33142e+06,,,,,,,,,,,,,,,,,,,,,,1046,,,,,,,
1.33147e+06,,,,,,,,,,,,,,,,,,,,,,753,,,,,,,
1.33148e+06,,,,,,,,,,,,,,,,,,,,,,851,,,,,,,
1.33189e+06,,,,,,,,,,,,,,,,,,,,,,1057,,,,,,,
1.332e+06,60900,62800,61900,59700,59500,70000,1.2e+06,1.2e+06,1.2e+06,1.2e+06,1.596e+06,1.596e+06,,,,,,,,,,,9.3296e+06,80.198,85.8586,58,34.6939,57,59
1.33235e+06,,,,,,,,,,,,,,,,,,,,,,663,,,,,,,
1.33237e+06,,,,,,,,,,,,,,,,,,,,,,796,,,,,,,
1.33239e+06,,,,,,,,,,,,,,,,,,,,,,1016,,,,,,,
1.33276e+06,,,,,,,,,,,,,,,,,,,,,,675,,,,,,,
1.33276e+06,,,,,,,,,,,,,,,,,,,,,,553,,,,,,,
1.33283e+06,,,,,,,,,,,,,24.278,,,,,,,,,,,,,,,,
1.33298e+06,,,,,,,,,,,,,,,,,,,,,,1047,,,,,,,
1.333e+06,60700,62600,61900,60100,59900,70000,1.2e+06,1.2e+06,1.2e+06,1.2e+06,1.596e+06,1.596e+06,,,,,,,,,,,9.176e+06,83.1683,84.8485,56.4356,32.6733,60.396,59.596
1.33309e+06,,,,,,,,,,,,,,,,,,,,,,852,,,,,,,
1.3331e+06,,,,,,,,,,,,,,,,,,,,,,754,,,,,,,
1.33328e+06,,,,,,,,,,,,,,,,,,,,,,666,,,,,,,
1.33344e+06,,,,,,,,,,,,,,,,,,,,,,1058,,,,,,,
1.33396e+06,,,,,,,,,,,,,,,,,,,,,,1017,,,,,,,
1.33399e+06,,,,,,,,,,,,,,,,,,,,,,797,,,,,,,
1.33399e+06,60700,62800,61900,59700,59500,70000,1.2e+06,1.2e+06,1.2e+06,1.2e+06,1.596e+06,1.596e+06,,,,,,,,,,,9.9444e+06,83.1683,86,57,29,58.5859,60.6061
1.33401e+06,,,,,,,,,,,,,,,,,,,,,,664,,,,,,,
1.33409e+06,,,,,,,,,,,,,,,,,,,,,,1048,,,,,,,
1.33422e+06,,,,,,,,,,,,,,,,,,,,,,853,,,,,,,
1.33455e+06,,,,,,,,,,,,,,,,,,,,,,1059,,,,,,,
1.33474e+06,,,,,,,,,,,,,,,,,,,,,,755,,,,,,,
1.3349e+06,,,,,,,,,,,,,,,,,,,,,,676,,,,,,,
1.335e+06,60700,62800,61900,59700,59300,70000,1.2e+06,1.2e+06,1.2e+06,1.2e+06,1.596e+06,1.596e+06,,,,,,,,,,,9.128e+06,80.198,87.8788,59.596,32.6733,60,58.1633
1.33507e+06,,,,,,,,,,,,,,,,,,,,,,1018,,,,,,,
1.33521e+06,,,,,,,,,,,,,,,,,,,,,,1049,,,,,,,
1.33542e+06,,,,,,,,,,,,,,,,,,,,,,667,,,,,,,
1.33543e+06,,,,,,,,,,,,,,,,,,,,,,554,,,,,,,
1.33561e+06,,,,,,,,,,,,,,,,,,,,,,798,,,,,,,
1.33567e+06,,,,,,,,,,,,,,,,,,,,,,1060,,,,,,,
1.33583e+06,,,,,,,,,,,,,,,,,,,,,,854,,,,,,,
1.336e+06,60300,61700,61700,59700,59300,70000,1.2e+06,1.2e+06,1.2e+06,1.2e+06,1.596e+06,1.596e+06,,,,,,,,,,,9.4226e+06,81.1881,85.8586,62,35.6436,56,58.5859
1.33615e+06,,,,,,,,,,,,,,,,,,,,,,665,,,,,,,
1.33619e+06,,,,,,,,,,,,,,,,,,,,,,1019,,,,,,,
1.33637e+06,,,,,,,,,,,,,,,,,,,,,,756,,,,,,,
1.33676e+06,,,,,,,,,,,,,,,,,,,,,,1050,,,,,,,
1.337e+06,60900,62100,61900,59900,59300,70000,1.2e+06,1.2e+06,1.2e+06,1.2e+06,1.596e+06,1.596e+06,,,,,,,,,,,8.3536e+06,80.198,89.899,59.8039,35.3535,60,59.596
1.33704e+06,,,,,,,,,,,,,,,,,,,,,,677,,,,,,,
1.33708e+06,,,,,,,,,,,,,,,,,,,,,,668,,,,,,,
1.33723e+06,,,,,,,,,,,,,,,,,,,,,,1061,,,,,,,
1.33724e+06,,,,,,,,,,,,,,,,,,,,,,799,,,,,,,
1.33745e+06,,,,,,,,,,,,,,,,,,,,,,855,,,,,,,
1.33761e+06,,,,,,,,,,,,,,,,,,,,,,555,,,,,,,
1.33776e+06,,,,,,,,,,,,,,,,,,,,,,1020,,,,,,,
1.33787e+06,,,,,,,,,,,,,,,,,,,,,,1051,,,,,,,
1.338e+06,60500,62800,61500,59900,59300,70000,1.2e+06,1.2e+06,1.2e+06,1.2e+06,1.596e+06,1.596e+06,,,,,,,,,,,8.7872e+06,79.4118,85,62.6263,35,61.6162,64
1.33801e+06,,,,,,,,,,,,,,,,,,,,,,757,,,,,,,
1.33829e+06,,,,,,,,,,,,,,,,,,,,,,666,,,,,,,
1.33835e+06,,,,,,,,,,,,,,,,,,,,,,1062,,,,,,,
1.33844e+06,,,,,,,,,,,,,,66.42,60.90,,,,,,,,,,,,,,
1.33869e+06,,,,,,,,,,,,,,,,,,,,,,678,,,,,,,
1.33886e+06,,,,,,,,,,,,,,,,,,,,,,800,,,,,,,
1.33888e+06,,,,,,,,,,,,,,,,,,,,,,1021,,,,,,,
1.33899e+06,,,,,,,,,,,,,,,,,,,,,,1052,,,,,,,
1.339e+06,60900,63000,61900,59900,59500,70000,1.2e+06,1.2e+06,1.2e+06,1.2e+06,1.596e+06,1.596e+06,,,,,,,,,,,8.655e+06,82.8283,85.8586,57.4257,36.3636,61.165,59.596
1.33906e+06,,,,,,,,,,,,,,,,,,,,,,856,,,,,,,
1.33922e+06,,,,,,,,,,,,,,,,,,,,,,669,,,,,,,
1.33991e+06,,,,,,,,,,,,,,,,,,,,,,1063,,,,,,,
1.33995e+06,,,,,,,,,,,,,,,,,,,,,,667,,,,,,,
1.34001e+06,60500,62100,61900,59900,59500,70000,1.2e+06,1.2e+06,1.2e+06,1.2e+06,1.596e+06,1.596e+06,,,,,,,,,,,8.6334e+06,81.3725,86,56.4356,31.3725,58,58.4158
1.34012e+06,,,,,,,,,,,,,,,,,,,,,,758,,,,,,,
1.34028e+06,,,,,,,,,,,,,,,,,,,,,,556,,,,,,,
1.34044e+06,,,,,,,,,,,,,,,,,,,,,,1022,,,,,,,
1.34048e+06,,,,,,,,,,,,,,,,,,,,,,801,,,,,,,
1.34055e+06,,,,,,,,,,,,,,,,,,,,,,1053,,,,,,,
1.34067e+06,,,,,,,,,,,,,,,,,,,,,,857,,,,,,,
1.34083e+06,,,,,,,,,,,,,,,,,,,,,,679,,,,,,,
1.34099e+06,60700,62300,61900,60100,59500,70000,1.2e+06,1.2e+06,1.2e+06,1.2e+06,1.596e+06,1.596e+06,,,,,,,,,,,9.179e+06,83,84.8485,56.5657,26.8041,59.1837,59.7938
1.34102e+06,,,,,,,,,,,,,,,,,,,,,,1064,,,,,,,
1.34136e+06,,,,,,,,,,,,,,,,,,,,,,670,,,,,,,
1.34156e+06,,,,,,,,,,,,,,,,,,,,,,1023,,,,,,,
1.34166e+06,,,,,,,,,,,,,,,,,,,,,,1054,,,,,,,
1.34175e+06,,,,,,,,,,,,,,,,,,,,,,759,,,,,,,
1.342e+06,60700,62800,61900,59900,59300,70000,1.2e+06,1.2e+06,1.2e+06,1.2e+06,1.596e+06,1.596e+06,,,,,,,,,,,7.7722e+06,80.198,88.7755,62.3762,33.3333,59.1837,58.5859
1.34209e+06,,,,,,,,,,,,,,,,,,,,,,668,,,,,,,
1.34211e+06,,,,,,,,,,,,,,,,,,,,,,802,,,,,,,
1.34213e+06,,,,,,,,,,,,,,,,,,,,,,1065,,,,,,,
1.34228e+06,,,,,,,,,,,,,,,,,,,,,,858,,,,,,,
1.34246e+06,,,,,,,,,,,,,,,,,,,,,,557,,,,,,,
1.34249e+06,,,,,,,,,,,,,,,,,,,,,,680,,,,,,,
1.34268e+06,,,,,,,,,,,,,,,,,,,,,,1024,,,,,,,
1.34277e+06,,,,,,,,,,,,,,,,,,,,,,1055,,,,,,,
1.3429e+06,,,,,,,,,,,,,24.289,,,,,,,,,,,,,,,,
1.34299e+06,60500,62100,61900,60100,59100,70000,1.2e+06,1.2e+06,1.2e+06,1.2e+06,1.596e+06,1.596e+06,,,,,,,,,,,9.2654e+06,81.5534,86.1386,60,35.3535,55.5556,57.5758
1.34302e+06,,,,,,,,,,,,,,,,,,,,,,671,,,,,,,
1.34368e+06,,,,,,,,,,,,,,,,,,,,,,1066,,,,,,,
1.34373e+06,,,,,,,,,,,,,,,,,,,,,,803,,,,,,,
1.3439e+06,,,,,,,,,,,,,,,,,,,,,,859,,,,,,,
1.344e+06,60900,62300,61900,60100,59700,70000,1.2e+06,1.2e+06,1.2e+06,1.2e+06,1.596e+06,1.596e+06,,,,,,,,,,,9.5784e+06,80,88.8889,61.7647,37.2549,61.6162,63
1.34423e+06,,,,,,,,,,,,,,,,,,,,,,669,,,,,,,
1.34424e+06,,,,,,,,,,,,,,,,,,,,,,1025,,,,,,,
1.34433e+06,,,,,,,,,,,,,,,,,,,,,,1056,,,,,,,
1.34462e+06,,,,,,,,,,,,,,,,,,,,,,681,,,,,,,
1.34464e+06,,,,,,,,,,,,,,,,,,,,,,558,,,,,,,
1.34479e+06,,,,,,,,,,,,,,,,,,,,,,1067,,,,,,,
1.345e+06,60700,62500,61900,60100,59900,70000,1.2e+06,1.2e+06,1.2e+06,1.2e+06,1.596e+06,1.596e+06,,,,,,,,,,,8.5058e+06,79.2079,86,60.6061,35.3535,60,62
1.34503e+06,,,,,,,,,,,,,,,,,,,,,,761,,,,,,,
1.34516e+06,,,,,,,,,,,,,,,,,,,,,,672,,,,,,,
1.34535e+06,,,,,,,,,,,,,,,,,,,,,,804,,,,,,,
1.34536e+06,,,,,,,,,,,,,,,,,,,,,,1026,,,,,,,
1.34544e+06,,,,,,,,,,,,,,,,,,,,,,1057,,,,,,,
1.34551e+06,,,,,,,,,,,,,,,,,,,,,,860,,,,,,,
1.34589e+06,,,,,,,,,,,,,,,,,,,,,,670,,,,,,,
1.3459e+06,,,,,,,,,,,,,,,,,,,,,,1068,,,,,,,
1.346e+06,60700,62800,61900,60100,59900,70000,1.2e+06,1.2e+06,1.2e+06,1.2e+06,1.596e+06,1.596e+06,,,,,,,,,,,9.3692e+06,83.1683,85.8586,58,36,60.396,60.6061
1.34664e+06,,,,,,,,,,,,,,,,,,,,,,861,,,,,,,
1.34676e+06,,,,,,,,,,,,,,,,,,,,,,682,,,,,,,
1.34692e+06,,,,,,,,,,,,,,,,,,,,,,1027,,,,,,,
1.347e+06,60900,62500,61900,59900,59300,70000,1.2e+06,1.2e+06,1.2e+06,1.2e+06,1.596e+06,1.596e+06,,,,,,,,,,,8.4922e+06,82,85,56.4356,27.551,57.5758,58.5859
1.34714e+06,,,,,,,,,,,,,,,,,,,,,,762,,,,,,,
1.3473e+06,,,,,,,,,,,,,,,,,,,,,,673,,,,,,,
1.34731e+06,,,,,,,,,,,,,,,,,,,,,,559,,,,,,,
1.34746e+06,,,,,,,,,,,,,,,,,,,,,,805,,,,,,,
1.348e+06,60700,62500,61900,59900,59300,70000,1.2e+06,1.2e+06,1.2e+06,1.2e+06,1.596e+06,1.596e+06,,,,,,,,,,,8.2112e+06,81.5534,85.7143,57.4257,28,58,59
1.34803e+06,,,,,,,,,,,,,,,,,,,,,,671,,,,,,,
1.34804e+06,,,,,,,,,,,,,,,,,,,,,,1028,,,,,,,
1.34811e+06,,,,,,,,,,,,,,,,,,,,,,1059,,,,,,,
1.34826e+06,,,,,,,,,,,,,,,,,,,,,,862,,,,,,,
1.34842e+06,,,,,,,,,,,,,,,,,,,,,,683,,,,,,,
1.34856e+06,,,,,,,,,,,,,,66.46,61.02,,,,,,,,,,,,,,
1.34857e+06,,,,,,,,,,,,,,,,,,,,,,1070,,,,,,,
1.34877e+06,,,,,,,,,,,,,,,,,,,,,,763,,,,,,,
1.34896e+06,,,,,,,,,,,,,,,,,,,,,,674,,,,,,,
1.349e+06,60900,62800,61900,60100,59700,70000,1.2e+06,1.2e+06,1.2e+06,1.2e+06,1.596e+06,1.596e+06,,,,,,,,,,,9.1082e+06,80.8081,88.8889,67.3469,32.9897,58.5859,57.732
1.34908e+06,,,,,,,,,,,,,,,,,,,,,,806,,,,,,,
1.34916e+06,,,,,,,,,,,,,,,,,,,,,,1029,,,,,,,
1.34922e+06,,,,,,,,,,,,,,,,,,,,,,1060,,,,,,,
1.34949e+06,,,,,,,,,,,,,,,,,,,,,,560,,,,,,,
1.34968e+06,,,,,,,,,,,,,,,,,,,,,,1071,,,,,,,
1.34987e+06,,,,,,,,,,,,,,,,,,,,,,863,,,,,,,
1.35e+06,60500,62300,61900,60100,59700,70000,1.2e+06,1.2e+06,1.2e+06,1.2e+06,1.596e+06,1.596e+06,,,,,,,,,,,9.0176e+06,80.5825,86,58.8235,36.6337,56.5657,58.4158
1.35018e+06,,,,,,,,,,,,,,,,,,,,,,672,,,,,,,
1.35033e+06,,,,,,,,,,,,,,,,,,,,,,1061,,,,,,,
1.35041e+06,,,,,,,,,,,,,,,,,,,,,,764,,,,,,,
1.35055e+06,,,,,,,,,,,,,,,,,,,,,,684,,,,,,,
1.35071e+06,,,,,,,,,,,,,,,,,,,,,,807,,,,,,,
1.35072e+06,,,,,,,,,,,,,,,,,,,,,,1030,,,,,,,
1.35079e+06,,,,,,,,,,,,,,,,,,,,,,1072,,,,,,,
1.351e+06,60900,62600,61900,59900,59700,70000,1.2e+06,1.2e+06,1.2e+06,1.2e+06,1.596e+06,1.596e+06,,,,,,,,,,,8.877e+06,79.798,88.7755,63,36.3636,62.6263,63.9175
1.3511e+06,,,,,,,,,,,,,,,,,,,,,,675,,,,,,,
1.35148e+06,,,,,,,,,,,,,,,,,,,,,,864,,,,,,,
1.35184e+06,,,,,,,,,,,,,,,,,,,,,,1031,,,,,,,
1.35189e+06,,,,,,,,,,,,,,,,,,,,,,1062,,,,,,,
1.352e+06,60900,62600,61900,60100,59700,70000,1.2e+06,1.2e+06,1.2e+06,1.2e+06,1.596e+06,1.596e+06,,,,,,,,,,,8.6164e+06,79.2079,86,59.4059,34.3434,59,60
1.35204e+06,,,,,,,,,,,,,,,,,,,,,,765,,,,,,,
1.35216e+06,,,,,,,,,,,,,,,,,,,,,,561,,,,,,,
1.35221e+06,,,,,,,,,,,,,,,,,,,,,,685,,,,,,,
1.35231e+06,,,,,,,,,,,,,,,,,,,,,,673,,,,,,,
1.35233e+06,,,,,,,,,,,,,,,,,,,,,,808,,,,,,,
1.35234e+06,,,,,,,,,,,,,,,,,,,,,,1073,,,,,,,
1.35296e+06,,,,,,,,,,,,,24.289,,,,,,,,,,,,,,,,
1.353e+06,60900,62500,61900,60100,59500,70000,1.2e+06,1.2e+06,1.2e+06,1.2e+06,1.596e+06,1.596e+06,,,,,,,,,,,9.0038e+06,84.1584,84.8485,58.4158,33,60,60.396
1.353e+06,,,,,,,,,,,,,,,,,,,,,,1063,,,,,,,
1.35309e+06,,,,,,,,,,,,,,,,,,,,,,865,,,,,,,
1.35324e+06,,,,,,,,,,,,,,,,,,,,,,676,,,,,,,
1.35341e+06,,,,,,,,,,,,,,,,,,,,,,1032,,,,,,,
1.35345e+06,,,,,,,,,,,,,,,,,,,,,,1074,,,,,,,
1.35396e+06,,,,,,,,,,,,,,,,,,,,,,809,,,,,,,
1.35398e+06,,,,,,,,,,,,,,,,,,,,,,674,,,,,,,
1.354e+06,60900,62600,61900,59900,59500,70000,1.2e+06,1.2e+06,1.2e+06,1.2e+06,1.596e+06,1.596e+06,,,,,,,,,,,1.0043e+07,83.1683,86,56.5657,28.2828,59,60.6061
1.35411e+06,,,,,,,,,,,,,,,,,,,,,,1064,,,,,,,
1.35415e+06,,,,,,,,,,,,,,,,,,,,,,766,,,,,,,
1.35434e+06,,,,,,,,,,,,,,,,,,,,,,562,,,,,,,
1.35435e+06,,,,,,,,,,,,,,,,,,,,,,686,,,,,,,
1.35453e+06,,,,,,,,,,,,,,,,,,,,,,1033,,,,,,,
1.35457e+06,,,,,,,,,,,,,,,,,,,,,,1075,,,,,,,
1.3547e+06,,,,,,,,,,,,,,,,,,,,,,866,,,,,,,
1.3549e+06,,,,,,,,,,,,,,,,,,,,,,677,,,,,,,
1.355e+06,60900,63000,61900,59900,59500,70000,1.2e+06,1.2e+06,1.2e+06,1.2e+06,1.596e+06,1.596e+06,,,,,,,,,,,8.3508e+06,80.198,87,57,30.6931,58.5859,58.1633
1.35559e+06,,,,,,,,,,,,,,,,,,,,,,810,,,,,,,
1.35564e+06,,,,,,,,,,,,,,,,,,,,,,1034,,,,,,,
1.35567e+06,,,,,,,,,,,,,,,,,,,,,,1065,,,,,,,
1.35579e+06,,,,,,,,,,,,,,,,,,,,,,767,,,,,,,
1.356e+06,60500,62600,61900,59900,59500,70000,1.2e+06,1.2e+06,1.2e+06,1.2e+06,1.596e+06,1.596e+06,,,,,,,,,,,8.853e+06,80,86.8687,65,35,57,56.5657
1.35612e+06,,,,,,,,,,,,,,,,,,,,,,1076,,,,,,,
1.35612e+06,,,,,,,,,,,,,,,,,,,,,,675,,,,,,,
1.35632e+06,,,,,,,,,,,,,,,,,,,,,,867,,,,,,,
1.35648e+06,,,,,,,,,,,,,,,,,,,,,,687,,,,,,,
1.35652e+06,,,,,,,,,,,,,,,,,,,,,,563,,,,,,,
1.35679e+06,,,,,,,,,,,,,,,,,,,,,,1066,,,,,,,
1.357e+06,60700,62500,62100,60100,59500,70000,1.2e+06,1.2e+06,1.2e+06,1.2e+06,1.596e+06,1.596e+06,,,,,,,,,,,9.3858e+06,80.3922,87.8788,57.8431,35.7143,57,59.596
1.35704e+06,,,,,,,,,,,,,,,,,,,,,,678,,,,,,,
1.35721e+06,,,,,,,,,,,,,,,,,,,,,,1035,,,,,,,
1.35721e+06,,,,,,,,,,,,,,,,,,,,,,811,,,,,,,
1.35723e+06,,,,,,,,,,,,,,,,,,,,,,1077,,,,,,,
1.35743e+06,,,,,,,,,,,,,,,,,,,,,,768,,,,,,,
1.3579e+06,,,,,,,,,,,,,,,,,,,,,,1067,,,,,,,
1.35793e+06,,,,,,,,,,,,,,,,,,,,,,868,,,,,,,
1.35799e+06,60900,63200,61700,59700,59500,70000,1.2e+06,1.2e+06,1.2e+06,1.2e+06,1.596e+06,1.596e+06,,,,,,,,,,,9.562e+06,79.2079,88,64,36,65,65.3465
1.35814e+06,,,,,,,,,,,,,,,,,,,,,,688,,,,,,,
1.35826e+06,,,,,,,,,,,,,,,,,,,,,,676,,,,,,,
1.35833e+06,,,,,,,,,,,,,,,,,,,,,,1036,,,,,,,
1.35834e+06,,,,,,,,,,,,,,,,,,,,,,1078,,,,,,,
1.35869e+06,,,,,,,,,,,,,,66.50,60.98,,,,,,,,,,,,,,
1.35883e+06,,,,,,,,,,,,,,,,,,,,,,812,,,,,,,
1.359e+06,60900,62800,61900,59900,59500,70000,1.2e+06,1.2e+06,1.2e+06,1.2e+06,1.596e+06,1.596e+06,,,,,,,,,,,8.6264e+06,80.198,84.8485,58.5859,39,57,58.1633
1.35906e+06,,,,,,,,,,,,,,,,,,,,,,769,,,,,,,
1.35918e+06,,,,,,,,,,,,,,,,,,,,,,679,,,,,,,
1.35919e+06,,,,,,,,,,,,,,,,,,,,,,564,,,,,,,
1.35945e+06,,,,,,,,,,,,,,,,,,,,,,1068,,,,,,,
1.35989e+06,,,,,,,,,,,,,,,,,,,,,,1079,,,,,,,
1.35989e+06,,,,,,,,,,,,,,,,,,,,,,1037,,,,,,,
1.35992e+06,,,,,,,,,,,,,,,,,,,,,,677,,,,,,,
1.35999e+06,60700,62500,61700,59700,59500,70000,1.2e+06,1.2e+06,1.2e+06,1.2e+06,1.596e+06,1.596e+06,,,,,,,,,,,7.888e+06,83,85.8586,58.4158,31,60,59.596
1.36028e+06,,,,,,,,,,,,,,,,,,,,,,689,,,,,,,
1.36046e+06,,,,,,,,,,,,,,,,,,,,,,813,,,,,,,
1.36057e+06,,,,,,,,,,,,,,,,,,,,,,1069,,,,,,,
1.36068e+06,,,,,,,,,,,,,,,,,,,,,,870,,,,,,,
1.36084e+06,,,,,,,,,,,,,,,,,,,,,,680,,,,,,,
1.36099e+06,60700,62500,61900,59700,59500,70000,1.2e+06,1.2e+06,1.2e+06,1.2e+06,1.596e+06,1.596e+06,,,,,,,,,,,9.1344e+06,84.1584,85,56,28.2828,60,60.6061
1.361e+06,,,,,,,,,,,,,,,,,,,,,,1080,,,,,,,
1.36101e+06,,,,,,,,,,,,,,,,,,,,,,1038,,,,,,,
1.36117e+06,,,,,,,,,,,,,,,,,,,,,,770,,,,,,,
1.36137e+06,,,,,,,,,,,,,,,,,,,,,,565,,,,,,,
1.36168e+06,,,,,,,,,,,,,,,,,,,,,,1070,,,,,,,
1.36199e+06,60900,62800,61700,60100,59500,70000,1.2e+06,1.2e+06,1.2e+06,1.2e+06,1.596e+06,1.596e+06,,,,,,,,,,,9.4118e+06,81,88.8889,60.396,30,59.1837,58.1633
1.36206e+06,,,,,,,,,,,,,,,,,,,,,,678,,,,,,,
1.36208e+06,,,,,,,,,,,,,,,,,,,,,,814,,,,,,,
1.36211e+06,,,,,,,,,,,,,,,,,,,,,,1081,,,,,,,
1.36212e+06,,,,,,,,,,,,,,,,,,,,,,1039,,,,,,,
1.36229e+06,,,,,,,,,,,,,,,,,,,,,,871,,,,,,,
1.36242e+06,,,,,,,,,,,,,,,,,,,,,,690,,,,,,,
1.36281e+06,,,,,,,,,,,,,,,,,,,,,,771,,,,,,,
1.36298e+06,,,,,,,,,,,,,,,,,,,,,,681,,,,,,,
1.363e+06,60700,62100,61900,59700,59500,70000,1.2e+06,1.2e+06,1.2e+06,1.2e+06,1.596e+06,1.596e+06,,,,,,,,,,,8.8844e+06,80.3922,85.7143,62.3762,34.6939,56,57.5758
1.36302e+06,,,,,,,,,,,,,24.3,,,,,,,,,,,,,,,,
1.36324e+06,,,,,,,,,,,,,,,,,,,,,,1071,,,,,,,
1.36367e+06,,,,,,,,,,,,,,,,,,,,,,1082,,,,,,,
1.36369e+06,,,,,,,,,,,,,,,,,,,,,,1040,,,,,,,
1.3637e+06,,,,,,,,,,,,,,,,,,,,,,815,,,,,,,
1.3639e+06,,,,,,,,,,,,,,,,,,,,,,872,,,,,,,
1.364e+06,60700,62800,61900,59900,59500,70000,1.2e+06,1.2e+06,1.2e+06,1.2e+06,1.596e+06,1.596e+06,,,,,,,,,,,9.2346e+06,80.198,89,59.596,35,60,60.6061
1.36404e+06,,,,,,,,,,,,,,,,,,,,,,566,,,,,,,
1.36407e+06,,,,,,,,,,,,,,,,,,,,,,691,,,,,,,
1.3642e+06,,,,,,,,,,,,,,,,,,,,,,679,,,,,,,
1.36435e+06,,,,,,,,,,,,,,,,,,,,,,1072,,,,,,,
1.36445e+06,,,,,,,,,,,,,,,,,,,,,,772,,,,,,,
1.36478e+06,,,,,,,,,,,,,,,,,,,,,,1083,,,,,,,
1.36482e+06,,,,,,,,,,,,,,,,,,,,,,1041,,,,,,,
1.36499e+06,60700,62800,61900,60100,59700,70000,1.2e+06,1.2e+06,1.2e+06,1.2e+06,1.596e+06,1.596e+06,,,,,,,,,,,8.9814e+06,79.2079,85.8586,62,37,62,64
1.36512e+06,,,,,,,,,,,,,,,,,,,,,,682,,,,,,,
1.36546e+06,,,,,,,,,,,,,,,,,,,,,,1073,,,,,,,
1.36551e+06,,,,,,,,,,,,,,,,,,,,,,873,,,,,,,
1.36586e+06,,,,,,,,,,,,,,,,,,,,,,680,,,,,,,
1.36589e+06,,,,,,,,,,,,,,,,,,,,,,1084,,,,,,,
1.366e+06,60900,63000,61900,60100,59700,70000,1.2e+06,1.2e+06,1.2e+06,1.2e+06,1.596e+06,1.596e+06,,,,,,,,,,,9.0574e+06,82.1782,85.7143,58.8235,35.3535,58,59.596
1.36608e+06,,,,,,,,,,,,,,,,,,,,,,773,,,,,,,
1.36621e+06,,,,,,,,,,,,,,,,,,,,,,692,,,,,,,
1.36622e+06,,,,,,,,,,,,,,,,,,,,,,567,,,,,,,
1.36678e+06,,,,,,,,,,,,,,,,,,,,,,683,,,,,,,
1.36701e+06,60900,63000,62100,60100,59700,70000,1.2e+06,1.2e+06,1.2e+06,1.2e+06,1.596e+06,1.596e+06,,,,,,,,,,,9.998e+06,81.5534,86.2745,56,31.068,58.4158,58.4158
1.36702e+06,,,,,,,,,,,,,,,,,,,,,,1074,,,,,,,
1.36713e+06,,,,,,,,,,,,,,,,,,,,,,874,,,,,,,
1.36744e+06,,,,,,,,,,,,,,,,,,,,,,817,,,,,,,
1.36745e+06,,,,,,,,,,,,,,,,,,,,,,1085,,,,,,,
1.3675e+06,,,,,,,,,,,,,,,,,,,,,,1043,,,,,,,
1.36787e+06,,,,,,,,,,,,,,,,,,,,,,693,,,,,,,
1.368e+06,60500,62800,61900,59700,59500,70000,1.2e+06,1.2e+06,1.2e+06,1.2e+06,1.596e+06,1.596e+06,,,,,,,,,,,8.7834e+06,82.8283,84.5361,56.1224,27.2727,60.2041,60.2041
1.368e+06,,,,,,,,,,,,,,,,,,,,,,681,,,,,,,
1.36813e+06,,,,,,,,,,,,,,,,,,,,,,1075,,,,,,,
1.36819e+06,,,,,,,,,,,,,,,,,,,,,,774,,,,,,,
1.3684e+06,,,,,,,,,,,,,,,,,,,,,,568,,,,,,,
1.36856e+06,,,,,,,,,,,,,,,,,,,,,,1086,,,,,,,
1.36874e+06,,,,,,,,,,,,,,,,,,,,,,875,,,,,,,
1.36881e+06,,,,,,,,,,,,,,66.62,60.98,,,,,,,,,,,,,,
1.36892e+06,,,,,,,,,,,,,,,,,,,,,,684,,,,,,,
1.369e+06,60700,62800,61900,59900,59700,70000,1.2e+06,1.2e+06,1.2e+06,1.2e+06,1.596e+06,1.596e+06,,,,,,,,,,,8.829e+06,81.1881,89,61.7647,36.0825,60,58.1633
1.36906e+06,,,,,,,,,,,,,,,,,,,,,,818,,,,,,,
1.36906e+06,,,,,,,,,,,,,,,,,,,,,,1044,,,,,,,
1.36924e+06,,,,,,,,,,,,,,,,,,,,,,1076,,,,,,,
1.36967e+06,,,,,,,,,,,,,,,,,,,,,,1087,,,,,,,
1.36983e+06,,,,,,,,,,,,,,,,,,,,,,775,,,,,,,
1.37e+06,60700,62100,61900,59700,59300,70000,1.2e+06,1.2e+06,1.2e+06,1.2e+06,1.596e+06,1.596e+06,,,,,,,,,,,9.0278e+06,80.198,86,60.396,36,55.5556,57.5758
1.37e+06,,,,,,,,,,,,,,,,,,,,,,694,,,,,,,
1.37014e+06,,,,,,,,,,,,,,,,,,,,,,682,,,,,,,
1.37018e+06,,,,,,,,,,,,,,,,,,,,,,1045,,,,,,,
1.37035e+06,,,,,,,,,,,,,,,,,,,,,,876,,,,,,,
1.37068e+06,,,,,,,,,,,,,,,,,,,,,,819,,,,,,,
1.3708e+06,,,,,,,,,,,,,,,,,,,,,,1077,,,,,,,
1.371e+06,60700,63200,61900,60100,59500,70000,1.2e+06,1.2e+06,1.2e+06,1.2e+06,1.596e+06,1.596e+06,,,,,,,,,,,7.8718e+06,80.198,88.8889,61.6162,37,62.3762,62.6263
1.37106e+06,,,,,,,,,,,,,,,,,,,,,,685,,,,,,,
1.37107e+06,,,,,,,,,,,,,,,,,,,,,,569,,,,,,,
1.37122e+06,,,,,,,,,,,,,,,,,,,,,,1088,,,,,,,
1.3713e+06,,,,,,,,,,,,,,,,,,,,,,1046,,,,,,,
1.37146e+06,,,,,,,,,,,,,,,,,,,,,,776,,,,,,,
1.37148e+06,,,,,,,,,,,,,,,,,,,,,,877,,,,,,,
1.3718e+06,,,,,,,,,,,,,,,,,,,,,,683,,,,,,,
1.37191e+06,,,,,,,,,,,,,,,,,,,,,,1078,,,,,,,
1.372e+06,60700,62800,61900,60100,59700,70000,1.2e+06,1.2e+06,1.2e+06,1.2e+06,1.596e+06,1.596e+06,,,,,,,,,,,8.9958e+06,79.4118,85.8586,60.396,36,60.6061,62
1.37214e+06,,,,,,,,,,,,,,,,,,,,,,695,,,,,,,
1.3723e+06,,,,,,,,,,,,,,,,,,,,,,820,,,,,,,
1.37233e+06,,,,,,,,,,,,,,,,,,,,,,1089,,,,,,,
1.37272e+06,,,,,,,,,,,,,,,,,,,,,,686,,,,,,,
1.37286e+06,,,,,,,,,,,,,,,,,,,,,,1047,,,,,,,
1.373e+06,60700,63000,61900,60100,59500,70000,1.2e+06,1.2e+06,1.2e+06,1.2e+06,1.596e+06,1.596e+06,,,,,,,,,,,9.0916e+06,84,85.8586,58,35.6436,60,61.6162
1.37302e+06,,,,,,,,,,,,,,,,,,,,,,1079,,,,,,,
1.37309e+06,,,,,,,,,,,,,24.3,,,,,,,,,,,,,,,,
1.3731e+06,,,,,,,,,,,,,,,,,,,,,,878,,,,,,,
1.3731e+06,,,,,,,,,,,,,,,,,,,,,,777,,,,,,,
1.37325e+06,,,,,,,,,,,,,,,,,,,,,,570,,,,,,,
1.37344e+06,,,,,,,,,,,,,,,,,,,,,,1090,,,,,,,
1.3738e+06,,,,,,,,,,,,,,,,,,,,,,696,,,,,,,
1.37393e+06,,,,,,,,,,,,,,,,,,,,,,821,,,,,,,
1.37394e+06,,,,,,,,,,,,,,,,,,,,,,684,,,,,,,
1.37398e+06,,,,,,,,,,,,,,,,,,,,,,1048,,,,,,,
1.374e+06,60900,62800,62100,60100,59700,70000,1.2e+06,1.2e+06,1.2e+06,1.2e+06,1.596e+06,1.596e+06,,,,,,,,,,,8.9336e+06,82,85,56.4356,30,57,58.5859
1.37455e+06,,,,,,,,,,,,,,,,,,,,,,1091,,,,,,,
1.37458e+06,,,,,,,,,,,,,,,,,,,,,,1080,,,,,,,
1.37471e+06,,,,,,,,,,,,,,,,,,,,,,879,,,,,,,
1.37486e+06,,,,,,,,,,,,,,,,,,,,,,687,,,,,,,
1.375e+06,60700,62500,61900,59700,59500,70000,1.2e+06,1.2e+06,1.2e+06,1.2e+06,1.596e+06,1.596e+06,,,,,,,,,,,9.204e+06,81.3725,85.8586,56,27.7228,58.5859,59
1.37555e+06,,,,,,,,,,,,,,,,,,,,,,1049,,,,,,,
1.37556e+06,,,,,,,,,,,,,,,,,,,,,,822,,,,,,,
1.37569e+06,,,,,,,,,,,,,,,,,,,,,,1081,,,,,,,
1.37592e+06,,,,,,,,,,,,,,,,,,,,,,571,,,,,,,
1.37593e+06,,,,,,,,,,,,,,,,,,,,,,697,,,,,,,
1.37599e+06,60700,62800,61900,59700,59300,70000,1.2e+06,1.2e+06,1.2e+06,1.2e+06,1.596e+06,1.596e+06,,,,,,,,,,,8.318e+06,81,88.8889,63,35.0515,60,58.1633
1.37609e+06,,,,,,,,,,,,,,,,,,,,,,685,,,,,,,
1.3761e+06,,,,,,,,,,,,,,,,,,,,,,1092,,,,,,,
1.37632e+06,,,,,,,,,,,,,,,,,,,,,,880,,,,,,,
1.37667e+06,,,,,,,,,,,,,,,,,,,,,,1050,,,,,,,
1.3768e+06,,,,,,,,,,,,,,,,,,,,,,1082,,,,,,,
1.37685e+06,,,,,,,,,,,,,,,,,,,,,,779,,,,,,,
1.377e+06,60700,62100,62100,60100,59300,70000,1.2e+06,1.2e+06,1.2e+06,1.2e+06,1.596e+06,1.596e+06,,,,,,,,,,,8.8658e+06,80.198,85,58.4158,37.2549,56.4356,57.5758
1.377e+06,,,,,,,,,,,,,,,,,,,,,,688,,,,,,,
1.37719e+06,,,,,,,,,,,,,,,,,,,,,,823,,,,,,,
1.37722e+06,,,,,,,,,,,,,,,,,,,,,,1093,,,,,,,
1.37759e+06,,,,,,,,,,,,,,,,,,,,,,698,,,,,,,
1.37775e+06,,,,,,,,,,,,,,,,,,,,,,686,,,,,,,
1.37778e+06,,,,,,,,,,,,,,,,,,,,,,1051,,,,,,,
1.37793e+06,,,,,,,,,,,,,,,,,,,,,,881,,,,,,,
1.378e+06,60700,63000,61900,60100,59900,70000,1.2e+06,1.2e+06,1.2e+06,1.2e+06,1.596e+06,1.596e+06,,,,,,,,,,,9.0536e+06,80.198,89.7959,64.7059,35.3535,64,65
1.37811e+06,,,,,,,,,,,,,,,,,,,,,,572,,,,,,,
1.37833e+06,,,,,,,,,,,,,,,,,,,,,,1094,,,,,,,
1.37836e+06,,,,,,,,,,,,,,,,,,,,,,1083,,,,,,,
1.37848e+06,,,,,,,,,,,,,,,,,,,,,,780,,,,,,,
1.37866e+06,,,,,,,,,,,,,,,,,,,,,,689,,,,,,,
1.37881e+06,,,,,,,,,,,,,,,,,,,,,,824,,,,,,,
1.37896e+06,,,,,,,,,,,,,,66.66,60.86,,,,,,,,,,,,,,
1.379e+06,60500,62500,61900,60100,59700,70000,1.2e+06,1.2e+06,1.2e+06,1.2e+06,1.596e+06,1.596e+06,,,,,,,,,,,9.3068e+06,80.198,85.1485,59,34.3434,60.396,59.596
1.37935e+06,,,,,,,,,,,,,,,,,,,,,,1052,,,,,,,
1.37947e+06,,,,,,,,,,,,,,,,,,,,,,1084,,,,,,,
1.37954e+06,,,,,,,,,,,,,,,,,,,,,,882,,,,,,,
1.37973e+06,,,,,,,,,,,,,,,,,,,,,,699,,,,,,,
1.37988e+06,,,,,,,,,,,,,,,,,,,,,,1095,,,,,,,
1.37989e+06,,,,,,,,,,,,,,,,,,,,,,687,,,,,,,
1.38e+06,60700,62500,61700,59700,59700,70000,1.2e+06,1.2e+06,1.2e+06,1.2e+06,1.596e+06,1.596e+06,,,,,,,,,,,9.305e+06,83.1683,85.8586,58.2524,33.3333,59.596,60.6061
1.38012e+06,,,,,,,,,,,,,,,,,,,,,,781,,,,,,,
1.38044e+06,,,,,,,,,,,,,,,,,,,,,,825,,,,,,,
1.38046e+06,,,,,,,,,,,,,,,,,,,,,,1053,,,,,,,
1.38058e+06,,,,,,,,,,,,,,,,,,,,,,1085,,,,,,,
1.38077e+06,,,,,,,,,,,,,,,,,,,,,,573,,,,,,,
1.3808e+06,,,,,,,,,,,,,,,,,,,,,,690,,,,,,,
1.38099e+06,,,,,,,,,,,,,,,,,,,,,,1096,,,,,,,
1.38099e+06,60300,62600,61900,59900,59500,70000,1.2e+06,1.2e+06,1.2e+06,1.2e+06,1.596e+06,1.596e+06,,,,,,,,,,,8.6664e+06,83.1683,85.7143,56.5657,28,59,59.596
1.38116e+06,,,,,,,,,,,,,,,,,,,,,,883,,,,,,,
1.38186e+06,,,,,,,,,,,,,,,,,,,,,,700,,,,,,,
1.382e+06,60700,62600,61900,59700,59300,70000,1.2e+06,1.2e+06,1.2e+06,1.2e+06,1.596e+06,1.596e+06,,,,,,,,,,,9.4756e+06,80.8081,87,58.4158,31,57.5758,58.5859
1.38203e+06,,,,,,,,,,,,,,,,,,,,,,688,,,,,,,
1.38204e+06,,,,,,,,,,,,,,,,,,,,,,1054,,,,,,,
1.38206e+06,,,,,,,,,,,,,,,,,,,,,,826,,,,,,,
1.38211e+06,,,,,,,,,,,,,,,,,,,,,,1097,,,,,,,
1.38214e+06,,,,,,,,,,,,,,,,,,,,,,1086,,,,,,,
1.38223e+06,,,,,,,,,,,,,,,,,,,,,,782,,,,,,,
1.38277e+06,,,,,,,,,,,,,,,,,,,,,,884,,,,,,,
1.38294e+06,,,,,,,,,,,,,,,,,,,,,,691,,,,,,,
1.38296e+06,,,,,,,,,,,,,,,,,,,,,,574,,,,,,,
1.383e+06,60500,63000,61900,59700,59300,70000,1.2e+06,1.2e+06,1.2e+06,1.2e+06,1.596e+06,1.596e+06,,,,,,,,,,,8.3048e+06,80.3922,87,63.7255,35.3535,58.4158,56.5657
1.38315e+06,,,,,,,,,,,,,,,,,,,,,,1055,,,,,,,
1.38316e+06,,,,,,,,,,,,,24.3,,,,,,,,,,,,,,,,
1.38325e+06,,,,,,,,,,,,,,,,,,,,,,1087,,,,,,,
1.38352e+06,,,,,,,,,,,,,,,,,,,,,,701,,,,,,,
1.38366e+06,,,,,,,,,,,,,,,,,,,,,,1098,,,,,,,
1.38369e+06,,,,,,,,,,,,,,,,,,,,,,827,,,,,,,
1.38369e+06,,,,,,,,,,,,,,,,,,,,,,689,,,,,,,
1.38387e+06,,,,,,,,,,,,,,,,,,,,,,783,,,,,,,
1.3839e+06,,,,,,,,,,,,,,,,,,,,,,885,,,,,,,
1.384e+06,60900,62300,61900,59700,59700,70000,1.2e+06,1.2e+06,1.2e+06,1.2e+06,1.596e+06,1.596e+06,,,,,,,,,,,8.799e+06,80.198,86.8687,57.5758,36,57.5758,59.596
1.3846e+06,,,,,,,,,,,,,,,,,,,,,,692,,,,,,,
1.38472e+06,,,,,,,,,,,,,,,,,,,,,,1056,,,,,,,
1.38477e+06,,,,,,,,,,,,,,,,,,,,,,1099,,,,,,,
1.385e+06,60700,62800,62100,60100,59700,70000,1.2e+06,1.2e+06,1.2e+06,1.2e+06,1.596e+06,1.596e+06,,,,,,,,,,,9.2514e+06,79.2079,88,64,35.3535,63.2653,65.3465
1.38514e+06,,,,,,,,,,,,,,,,,,,,,,575,,,,,,,
1.3855e+06,,,,,,,,,,,,,,,,,,,,,,784,,,,,,,
1.38552e+06,,,,,,,,,,,,,,,,,,,,,,886,,,,,,,
1.38566e+06,,,,,,,,,,,,,,,,,,,,,,702,,,,,,,
1.38579e+06,,,,,,,,,,,,,,,,,,,,,,828,,,,,,,
1.38583e+06,,,,,,,,,,,,,,,,,,,,,,690,,,,,,,
1.38584e+06,,,,,,,,,,,,,,,,,,,,,,1057,,,,,,,
1.38588e+06,,,,,,,,,,,,,,,,,,,,,,1100,,,,,,,
1.38592e+06,,,,,,,,,,,,,,,,,,,,,,1089,,,,,,,
1.386e+06,60700,62500,61900,60100,59700,70000,1.2e+06,1.2e+06,1.2e+06,1.2e+06,1.596e+06,1.596e+06,,,,,,,,,,,8.9066e+06,81.1881,85.8586,57.4257,36.6337,56.4356,58.5859
1.38674e+06,,,,,,,,,,,,,,,,,,,,,,693,,,,,,,
1.38695e+06,,,,,,,,,,,,,,,,,,,,,,1058,,,,,,,
1.387e+06,60500,62300,61900,59700,59700,70000,1.2e+06,1.2e+06,1.2e+06,1.2e+06,1.596e+06,1.596e+06,,,,,,,,,,,8.8724e+06,83,84.8485,57.4257,32,60,59.596
1.38703e+06,,,,,,,,,,,,,,,,,,,,,,1090,,,,,,,
1.38713e+06,,,,,,,,,,,,,,,,,,,,,,887,,,,,,,
1.38714e+06,,,,,,,,,,,,,,,,,,,,,,785,,,,,,,
1.38731e+06,,,,,,,,,,,,,,,,,,,,,,703,,,,,,,
1.38742e+06,,,,,,,,,,,,,,,,,,,,,,829,,,,,,,
1.38743e+06,,,,,,,,,,,,,,,,,,,,,,1101,,,,,,,
1.38781e+06,,,,,,,,,,,,,,,,,,,,,,576,,,,,,,
1.38797e+06,,,,,,,,,,,,,,,,,,,,,,691,,,,,,,
1.388e+06,60900,62500,61900,59700,59500,70000,1.2e+06,1.2e+06,1.2e+06,1.2e+06,1.596e+06,1.596e+06,,,,,,,,,,,9.0294e+06,83.3333,85.8586,56.5657,28.2828,60.396,60.6061
1.38814e+06,,,,,,,,,,,,,,,,,,,,,,1091,,,,,,,
1.38852e+06,,,,,,,,,,,,,,,,,,,,,,1059,,,,,,,
1.38854e+06,,,,,,,,,,,,,,,,,,,,,,1102,,,,,,,
1.38874e+06,,,,,,,,,,,,,,,,,,,,,,888,,,,,,,
1.38888e+06,,,,,,,,,,,,,,,,,,,,,,694,,,,,,,
1.389e+06,60900,62800,61700,59900,59300,70000,1.2e+06,1.2e+06,1.2e+06,1.2e+06,1.596e+06,1.596e+06,,,,,,,,,,,8.5538e+06,80.198,88.8889,61,31.6832,59.596,58.1633
1.38904e+06,,,,,,,,,,,,,,,,,,,,,,830,,,,,,,
1.38911e+06,,,,,,,,,,,,,,66.42,60.90,,,,,,,,,,,,,,
1.38925e+06,,,,,,,,,,,,,,,,,,,,,,786,,,,,,,
1.38945e+06,,,,,,,,,,,,,,,,,,,,,,704,,,,,,,
1.38965e+06,,,,,,,,,,,,,,,,,,,,,,1060,,,,,,,
1.38966e+06,,,,,,,,,,,,,,,,,,,,,,1103,,,,,,,
1.3897e+06,,,,,,,,,,,,,,,,,,,,,,1092,,,,,,,
1.38999e+06,,,,,,,,,,,,,,,,,,,,,,577,,,,,,,
1.38999e+06,60700,62600,61900,59900,59300,70000,1.2e+06,1.2e+06,1.2e+06,1.2e+06,1.596e+06,1.596e+06,,,,,,,,,,,9.3216e+06,82,85,64.3564,35.3535,56.5657,58
1.39012e+06,,,,,,,,,,,,,,,,,,,,,,692,,,,,,,
1.39035e+06,,,,,,,,,,,,,,,,,,,,,,889,,,,,,,
1.39054e+06,,,,,,,,,,,,,,,,,,,,,,695,,,,,,,
1.39066e+06,,,,,,,,,,,,,,,,,,,,,,831,,,,,,,
1.39081e+06,,,,,,,,,,,,,,,,,,,,,,1093,,,,,,,
1.39089e+06,,,,,,,,,,,,,,,,,,,,,,787,,,,,,,
1.391e+06,60900,62300,61900,59900,59700,70000,1.2e+06,1.2e+06,1.2e+06,1.2e+06,1.596e+06,1.596e+06,,,,,,,,,,,8.9004e+06,79.2079,89.899,60,36.6337,59.4059,60.2041
1.39122e+06,,,,,,,,,,,,,,,,,,,,,,1104,,,,,,,
1.39122e+06,,,,,,,,,,,,,,,,,,,,,,1061,,,,,,,
1.39178e+06,,,,,,,,,,,,,,,,,,,,,,693,,,,,,,
1.39192e+06,,,,,,,,,,,,,,,,,,,,,,1094,,,,,,,
1.39197e+06,,,,,,,,,,,,,,,,,,,,,,890,,,,,,,
1.392e+06,60700,62600,61900,59900,59700,70000,1.2e+06,1.2e+06,1.2e+06,1.2e+06,1.596e+06,1.596e+06,,,,,,,,,,,8.2954e+06,79.2079,85.1485,62,36,62,64.3564
1.39229e+06,,,,,,,,,,,,,,,,,,,,,,832,,,,,,,
1.39233e+06,,,,,,,,,,,,,,,,,,,,,,1105,,,,,,,
1.39234e+06,,,,,,,,,,,,,,,,,,,,,,1062,,,,,,,
1.39252e+06,,,,,,,,,,,,,,,,,,,,,,788,,,,,,,
1.39266e+06,,,,,,,,,,,,,,,,,,,,,,578,,,,,,,
1.39267e+06,,,,,,,,,,,,,,,,,,,,,,696,,,,,,,
1.393e+06,60900,62800,61900,60100,59700,70000,1.2e+06,1.2e+06,1.2e+06,1.2e+06,1.596e+06,1.596e+06,,,,,,,,,,,8.522e+06,82.5243,85.7143,58.4158,34.6939,58.1633,59.596
1.39323e+06,,,,,,,,,,,,,24.311,,,,,,,,,,,,,,,,
1.39324e+06,,,,,,,,,,,,,,,,,,,,,,706,,,,,,,
1.39344e+06,,,,,,,,,,,,,,,,,,,,,,1106,,,,,,,
1.39348e+06,,,,,,,,,,,,,,,,,,,,,,1095,,,,,,,
1.39358e+06,,,,,,,,,,,,,,,,,,,,,,891,,,,,,,
1.3939e+06,,,,,,,,,,,,,,,,,,,,,,1063,,,,,,,
1.39391e+06,,,,,,,,,,,,,,,,,,,,,,833,,,,,,,
1.39392e+06,,,,,,,,,,,,,,,,,,,,,,694,,,,,,,
1.394e+06,60900,62600,62100,60100,59700,70000,1.2e+06,1.2e+06,1.2e+06,1.2e+06,1.596e+06,1.596e+06,,,,,,,,,,,9.5732e+06,80.8081,86,56.4356,29.2929,57.4257,58
1.39416e+06,,,,,,,,,,,,,,,,,,,,,,789,,,,,,,
1.39459e+06,,,,,,,,,,,,,,,,,,,,,,1096,,,,,,,
1.39481e+06,,,,,,,,,,,,,,,,,,,,,,697,,,,,,,
1.39484e+06,,,,,,,,,,,,,,,,,,,,,,579,,,,,,,
1.39499e+06,,,,,,,,,,,,,,,,,,,,,,1107,,,,,,,
1.395e+06,60700,62600,62100,59900,59300,70000,1.2e+06,1.2e+06,1.2e+06,1.2e+06,1.596e+06,1.596e+06,,,,,,,,,,,8.9218e+06,83.1683,84.8485,56.5657,29.703,59.596,59.596
1.39502e+06,,,,,,,,,,,,,,,,,,,,,,1064,,,,,,,
1.39519e+06,,,,,,,,,,,,,,,,,,,,,,892,,,,,,,
1.39538e+06,,,,,,,,,,,,,,,,,,,,,,707,,,,,,,
1.39554e+06,,,,,,,,,,,,,,,,,,,,,,834,,,,,,,
1.39571e+06,,,,,,,,,,,,,,,,,,,,,,1097,,,,,,,
1.396e+06,60700,62800,61900,59700,59500,70000,1.2e+06,1.2e+06,1.2e+06,1.2e+06,1.596e+06,1.596e+06,,,,,,,,,,,8.9948e+06,80.3922,88.7755,61.3861,32.6531,60,58.1633
1.39606e+06,,,,,,,,,,,,,,,,,,,,,,695,,,,,,,
1.3961e+06,,,,,,,,,,,,,,,,,,,,,,1108,,,,,,,
1.39614e+06,,,,,,,,,,,,,,,,,,,,,,1065,,,,,,,
1.39627e+06,,,,,,,,,,,,,,,,,,,,,,790,,,,,,,
1.39632e+06,,,,,,,,,,,,,,,,,,,,,,893,,,,,,,
1.39648e+06,,,,,,,,,,,,,,,,,,,,,,698,,,,,,,
1.39699e+06,60700,62100,61900,59900,59300,70000,1.2e+06,1.2e+06,1.2e+06,1.2e+06,1.596e+06,1.596e+06,,,,,,,,,,,8.9814e+06,80.8081,86.1386,60,36,56.4356,58.1633
1.39702e+06,,,,,,,,,,,,,,,,,,,,,,580,,,,,,,
1.39717e+06,,,,,,,,,,,,,,,,,,,,,,835,,,,,,,
1.39722e+06,,,,,,,,,,,,,,,,,,,,,,1109,,,,,,,
1.39726e+06,,,,,,,,,,,,,,,,,,,,,,1098,,,,,,,
1.39752e+06,,,,,,,,,,,,,,,,,,,,,,708,,,,,,,
1.39771e+06,,,,,,,,,,,,,,,,,,,,,,1066,,,,,,,
1.39772e+06,,,,,,,,,,,,,,,,,,,,,,696,,,,,,,
1.3979e+06,,,,,,,,,,,,,,,,,,,,,,791,,,,,,,
1.39794e+06,,,,,,,,,,,,,,,,,,,,,,894,,,,,,,
1.398e+06,60900,62800,61900,59900,59700,70000,1.2e+06,1.2e+06,1.2e+06,1.2e+06,1.596e+06,1.596e+06,,,,,,,,,,,9.6758e+06,79.6117,89,62.3762,36,62,62.3762
1.39838e+06,,,,,,,,,,,,,,,,,,,,,,1099,,,,,,,
1.39862e+06,,,,,,,,,,,,,,,,,,,,,,699,,,,,,,
1.39877e+06,,,,,,,,,,,,,,,,,,,,,,1110,,,,,,,
1.3988e+06,,,,,,,,,,,,,,,,,,,,,,836,,,,,,,
1.39883e+06,,,,,,,,,,,,,,,,,,,,,,1067,,,,,,,
1.399e+06,60300,62600,61900,60100,59300,70000,1.2e+06,1.2e+06,1.2e+06,1.2e+06,1.596e+06,1.596e+06,,,,,,,,,,,9.8498e+06,79,85.7143,60,35.3535,59.596,62.2449
1.39917e+06,,,,,,,,,,,,,,,,,,,,,,709,,,,,,,
1.39929e+06,,,,,,,,,,,,,,66.42,61.10,,,,,,,,,,,,,,
1.39949e+06,,,,,,,,,,,,,,,,,,,,,,1100,,,,,,,
1.39954e+06,,,,,,,,,,,,,,,,,,,,,,792,,,,,,,
1.39955e+06,,,,,,,,,,,,,,,,,,,,,,895,,,,,,,
1.39969e+06,,,,,,,,,,,,,,,,,,,,,,581,,,,,,,
1.39986e+06,,,,,,,,,,,,,,,,,,,,,,697,,,,,,,
1.39988e+06,,,,,,,,,,,,,,,,,,,,,,1111,,,,,,,
1.39999e+06,60700,62800,61900,59700,59700,70000,1.2e+06,1.2e+06,1.2e+06,1.2e+06,1.596e+06,1.596e+06,,,,,,,,,,,9.5512e+06,84.1584,85,58,41,60.6061,60
1.40039e+06,,,,,,,,,,,,,,,,,,,,,,1068,,,,,,,
1.40042e+06,,,,,,,,,,,,,,,,,,,,,,837,,,,,,,
1.40075e+06,,,,,,,,,,,,,,,,,,,,,,700,,,,,,,
1.40099e+06,,,,,,,,,,,,,,,,,,,,,,1112,,,,,,,
1.401e+06,60700,63000,61900,60100,59500,70000,1.2e+06,1.2e+06,1.2e+06,1.2e+06,1.596e+06,1.596e+06,,,,,,,,,,,8.8492e+06,81,85.8586,57.4257,27.2727,57.4257,58.1633
1.40105e+06,,,,,,,,,,,,,,,,,,,,,,1101,,,,,,,
1.40116e+06,,,,,,,,,,,,,,,,,,,,,,896,,,,,,,
1.40118e+06,,,,,,,,,,,,,,,,,,,,,,793,,,,,,,
1.40131e+06,,,,,,,,,,,,,,,,,,,,,,710,,,,,,,
1.40187e+06,,,,,,,,,,,,,,,,,,,,,,582,,,,,,,
1.40199e+06,60700,63000,61700,59900,59500,70000,1.2e+06,1.2e+06,1.2e+06,1.2e+06,1.596e+06,1.596e+06,,,,,,,,,,,8.7792e+06,82.3529,85,56,29.703,59,59
1.402e+06,,,,,,,,,,,,,,,,,,,,,,698,,,,,,,
1.40204e+06,,,,,,,,,,,,,,,,,,,,,,838,,,,,,,
1.40216e+06,,,,,,,,,,,,,,,,,,,,,,1102,,,,,,,
1.40242e+06,,,,,,,,,,,,,,,,,,,,,,701,,,,,,,
1.40255e+06,,,,,,,,,,,,,,,,,,,,,,1113,,,,,,,
1.40263e+06,,,,,,,,,,,,,,,,,,,,,,1070,,,,,,,
1.40277e+06,,,,,,,,,,,,,,,,,,,,,,897,,,,,,,
1.40297e+06,,,,,,,,,,,,,,,,,,,,,,711,,,,,,,
1.40299e+06,60700,62500,61900,59900,59500,70000,1.2e+06,1.2e+06,1.2e+06,1.2e+06,1.596e+06,1.596e+06,,,,,,,,,,,9.7246e+06,80,88.8889,63.3663,36,59,58.1633
1.40329e+06,,,,,,,,,,,,,24.311,,,,,,,,,,,,,,,,
1.40366e+06,,,,,,,,,,,,,,,,,,,,,,1114,,,,,,,
1.40367e+06,,,,,,,,,,,,,,,,,,,,,,699,,,,,,,
1.40372e+06,,,,,,,,,,,,,,,,,,,,,,1103,,,,,,,
1.404e+06,60900,61900,61900,60100,59300,70000,1.2e+06,1.2e+06,1.2e+06,1.2e+06,1.596e+06,1.596e+06,,,,,,,,,,,8.4234e+06,81.1881,85.8586,58,35,55.102,57.5758
1.40415e+06,,,,,,,,,,,,,,,,,,,,,,839,,,,,,,
1.40419e+06,,,,,,,,,,,,,,,,,,,,,,1071,,,,,,,
1.40439e+06,,,,,,,,,,,,,,,,,,,,,,898,,,,,,,
1.40454e+06,,,,,,,,,,,,,,,,,,,,,,583,,,,,,,
1.40455e+06,,,,,,,,,,,,,,,,,,,,,,702,,,,,,,
1.40477e+06,,,,,,,,,,,,,,,,,,,,,,1115,,,,,,,
1.40483e+06,,,,,,,,,,,,,,,,,,,,,,1104,,,,,,,
1.40492e+06,,,,,,,,,,,,,,,,,,,,,,795,,,,,,,
1.405e+06,60900,63000,61900,60100,59300,70000,1.2e+06,1.2e+06,1.2e+06,1.2e+06,1.596e+06,1.596e+06,,,,,,,,,,,9.153e+06,79.6117,88.8889,63.6364,37.3737,64,65
1.4051e+06,,,,,,,,,,,,,,,,,,,,,,712,,,,,,,
1.40531e+06,,,,,,,,,,,,,,,,,,,,,,1072,,,,,,,
1.40578e+06,,,,,,,,,,,,,,,,,,,,,,840,,,,,,,
1.4058e+06,,,,,,,,,,,,,,,,,,,,,,700,,,,,,,
1.40594e+06,,,,,,,,,,,,,,,,,,,,,,1105,,,,,,,
1.406e+06,60700,63400,62100,60100,59700,70000,1.2e+06,1.2e+06,1.2e+06,1.2e+06,1.596e+06,1.596e+06,,,,,,,,,,,8.9272e+06,79.798,85.8586,59.4059,36.6337,58.5859,60
1.406e+06,,,,,,,,,,,,,,,,,,,,,,899,,,,,,,
1.40633e+06,,,,,,,,,,,,,,,,,,,,,,1116,,,,,,,
1.40656e+06,,,,,,,,,,,,,,,,,,,,,,796,,,,,,,
1.40669e+06,,,,,,,,,,,,,,,,,,,,,,703,,,,,,,
1.40672e+06,,,,,,,,,,,,,,,,,,,,,,584,,,,,,,
1.40687e+06,,,,,,,,,,,,,,,,,,,,,,1073,,,,,,,
1.407e+06,60900,62800,61900,59900,59500,70000,1.2e+06,1.2e+06,1.2e+06,1.2e+06,1.596e+06,1.596e+06,,,,,,,,,,,9.2406e+06,83.3333,86,57.4257,33.3333,60,60.6061
1.40724e+06,,,,,,,,,,,,,,,,,,,,,,713,,,,,,,
1.40741e+06,,,,,,,,,,,,,,,,,,,,,,841,,,,,,,
1.40744e+06,,,,,,,,,,,,,,,,,,,,,,1117,,,,,,,
1.4075e+06,,,,,,,,,,,,,,,,,,,,,,1106,,,,,,,
1.40761e+06,,,,,,,,,,,,,,,,,,,,,,900,,,,,,,
1.40795e+06,,,,,,,,,,,,,,,,,,,,,,701,,,,,,,
1.40799e+06,,,,,,,,,,,,,,,,,,,,,,1074,,,,,,,
1.40799e+06,60700,62800,61900,60100,59700,70000,1.2e+06,1.2e+06,1.2e+06,1.2e+06,1.596e+06,1.596e+06,,,,,,,,,,,9.2728e+06,83.8384,85.7143,56,29.703,60.396,59.596
1.4082e+06,,,,,,,,,,,,,,,,,,,,,,797,,,,,,,
1.40836e+06,,,,,,,,,,,,,,,,,,,,,,704,,,,,,,
1.40855e+06,,,,,,,,,,,,,,,,,,,,,,1118,,,,,,,
1.40861e+06,,,,,,,,,,,,,,,,,,,,,,1107,,,,,,,
1.40874e+06,,,,,,,,,,,,,,,,,,,,,,901,,,,,,,
1.4089e+06,,,,,,,,,,,,,,,,,,,,,,714,,,,,,,
1.409e+06,60900,63200,61900,60100,59700,70000,1.2e+06,1.2e+06,1.2e+06,1.2e+06,1.596e+06,1.596e+06,,,,,,,,,,,8.6308e+06,80.3922,87,58,30,57.1429,58.5859
1.40903e+06,,,,,,,,,,,,,,,,,,,,,,842,,,,,,,
1.40939e+06,,,,,,,,,,,,,,,,,,,,,,585,,,,,,,
1.40943e+06,,,,,,,,,,,,,,66.66,61.06,,,,,,,,,,,,,,
1.40956e+06,,,,,,,,,,,,,,,,,,,,,,1075,,,,,,,
1.40961e+06,,,,,,,,,,,,,,,,,,,,,,702,,,,,,,
1.40972e+06,,,,,,,,,,,,,,,,,,,,,,1108,,,,,,,
1.41e+06,60900,62100,62300,59900,59700,70000,1.2e+06,1.2e+06,1.2e+06,1.2e+06,1.596e+06,1.596e+06,,,,,,,,,,,9.0554e+06,80,87,67.6471,37.3737,58.4158,56.5657
1.4101e+06,,,,,,,,,,,,,,,,,,,,,,1119,,,,,,,
1.4103e+06,,,,,,,,,,,,,,,,,,,,,,798,,,,,,,
1.41036e+06,,,,,,,,,,,,,,,,,,,,,,902,,,,,,,
1.41049e+06,,,,,,,,,,,,,,,,,,,,,,705,,,,,,,
1.41066e+06,,,,,,,,,,,,,,,,,,,,,,843,,,,,,,
1.41067e+06,,,,,,,,,,,,,,,,,,,,,,1076,,,,,,,
1.411e+06,60500,62100,61900,59900,59700,70000,1.2e+06,1.2e+06,1.2e+06,1.2e+06,1.596e+06,1.596e+06,,,,,,,,,,,8.5006e+06,80.3922,87,57.4257,36.6337,57.5758,59.596
1.41104e+06,,,,,,,,,,,,,,,,,,,,,,715,,,,,,,
1.41121e+06,,,,,,,,,,,,,,,,,,,,,,1120,,,,,,,
1.41128e+06,,,,,,,,,,,,,,,,,,,,,,1109,,,,,,,
1.41158e+06,,,,,,,,,,,,,,,,,,,,,,586,,,,,,,
1.41175e+06,,,,,,,,,,,,,,,,,,,,,,703,,,,,,,
1.41179e+06,,,,,,,,,,,,,,,,,,,,,,1077,,,,,,,
1.41194e+06,,,,,,,,,,,,,,,,,,,,,,799,,,,,,,
1.41197e+06,,,,,,,,,,,,,,,,,,,,,,903,,,,,,,
1.412e+06,60700,63000,61900,60100,59300,70000,1.2e+06,1.2e+06,1.2e+06,1.2e+06,1.596e+06,1.596e+06,,,,,,,,,,,8.4988e+06,79.2079,88,63.6364,35.7143,63.6364,65
1.41228e+06,,,,,,,,,,,,,,,,,,,,,,844,,,,,,,
1.41232e+06,,,,,,,,,,,,,,,,,,,,,,1121,,,,,,,
1.41239e+06,,,,,,,,,,,,,,,,,,,,,,1110,,,,,,,
1.41263e+06,,,,,,,,,,,,,,,,,,,,,,706,,,,,,,
1.413e+06,60700,63200,61900,59900,59700,70000,1.2e+06,1.2e+06,1.2e+06,1.2e+06,1.596e+06,1.596e+06,,,,,,,,,,,8.6636e+06,80.198,85.7143,57.4257,35.3535,56,59
1.41317e+06,,,,,,,,,,,,,,,,,,,,,,716,,,,,,,
1.41335e+06,,,,,,,,,,,,,,,,,,,,,,1078,,,,,,,
1.41336e+06,,,,,,,,,,,,,24.311,,,,,,,,,,,,,,,,
1.4135e+06,,,,,,,,,,,,,,,,,,,,,,1111,,,,,,,
1.41358e+06,,,,,,,,,,,,,,,,,,,,,,800,,,,,,,
1.41358e+06,,,,,,,,,,,,,,,,,,,,,,904,,,,,,,
1.41376e+06,,,,,,,,,,,,,,,,,,,,,,587,,,,,,,
1.41387e+06,,,,,,,,,,,,,,,,,,,,,,1122,,,,,,,
1.41389e+06,,,,,,,,,,,,,,,,,,,,,,704,,,,,,,
1.41391e+06,,,,,,,,,,,,,,,,,,,,,,845,,,,,,,
1.41399e+06,60700,62600,61900,60100,59700,70000,1.2e+06,1.2e+06,1.2e+06,1.2e+06,1.596e+06,1.596e+06,,,,,,,,,,,9.2166e+06,82.8283,85,56.5657,33.3333,60.396,59.596
1.41429e+06,,,,,,,,,,,,,,,,,,,,,,707,,,,,,,
1.41447e+06,,,,,,,,,,,,,,,,,,,,,,1079,,,,,,,
1.41483e+06,,,,,,,,,,,,,,,,,,,,,,717,,,,,,,
1.41499e+06,,,,,,,,,,,,,,,,,,,,,,1123,,,,,,,
1.415e+06,60300,62800,61700,59700,59300,70000,1.2e+06,1.2e+06,1.2e+06,1.2e+06,1.596e+06,1.596e+06,,,,,,,,,,,9.2822e+06,83.3333,85.8586,56.8627,27.551,60,60.6061
1.41506e+06,,,,,,,,,,,,,,,,,,,,,,1112,,,,,,,
1.41519e+06,,,,,,,,,,,,,,,,,,,,,,905,,,,,,,
1.41521e+06,,,,,,,,,,,,,,,,,,,,,,801,,,,,,,
1.41553e+06,,,,,,,,,,,,,,,,,,,,,,846,,,,,,,
1.41555e+06,,,,,,,,,,,,,,,,,,,,,,705,,,,,,,
1.416e+06,60700,62800,61900,59700,59700,70000,1.2e+06,1.2e+06,1.2e+06,1.2e+06,1.596e+06,1.596e+06,,,,,,,,,,,8.3622e+06,81,88.8889,60,30.303,59.1837,58
1.41604e+06,,,,,,,,,,,,,,,,,,,,,,1080,,,,,,,
1.4161e+06,,,,,,,,,,,,,,,,,,,,,,1124,,,,,,,
1.41617e+06,,,,,,,,,,,,,,,,,,,,,,1113,,,,,,,
1.41642e+06,,,,,,,,,,,,,,,,,,,,,,588,,,,,,,
1.41643e+06,,,,,,,,,,,,,,,,,,,,,,708,,,,,,,
1.41681e+06,,,,,,,,,,,,,,,,,,,,,,906,,,,,,,
1.41685e+06,,,,,,,,,,,,,,,,,,,,,,802,,,,,,,
1.41697e+06,,,,,,,,,,,,,,,,,,,,,,718,,,,,,,
1.417e+06,60900,62100,62100,59900,59500,70000,1.2e+06,1.2e+06,1.2e+06,1.2e+06,1.596e+06,1.596e+06,,,,,,,,,,,9.2552e+06,80.198,84.8485,62,36,55,58.5859
1.41715e+06,,,,,,,,,,,,,,,,,,,,,,847,,,,,,,
1.41715e+06,,,,,,,,,,,,,,,,,,,,,,1081,,,,,,,
1.41721e+06,,,,,,,,,,,,,,,,,,,,,,1125,,,,,,,
1.41729e+06,,,,,,,,,,,,,,,,,,,,,,1114,,,,,,,
1.41769e+06,,,,,,,,,,,,,,,,,,,,,,706,,,,,,,
1.418e+06,61100,62300,61900,60100,59700,70000,1.2e+06,1.2e+06,1.2e+06,1.2e+06,1.596e+06,1.596e+06,,,,,,,,,,,8.5354e+06,79.4118,90,60,36.6337,59.596,59.596
1.41827e+06,,,,,,,,,,,,,,,,,,,,,,1082,,,,,,,
1.41842e+06,,,,,,,,,,,,,,,,,,,,,,907,,,,,,,
1.41857e+06,,,,,,,,,,,,,,,,,,,,,,709,,,,,,,
1.4186e+06,,,,,,,,,,,,,,,,,,,,,,589,,,,,,,
1.41863e+06,,,,,,,,,,,,,,,,,,,,,,719,,,,,,,
1.41876e+06,,,,,,,,,,,,,,,,,,,,,,1126,,,,,,,
1.41878e+06,,,,,,,,,,,,,,,,,,,,,,848,,,,,,,
1.41885e+06,,,,,,,,,,,,,,,,,,,,,,1115,,,,,,,
1.41896e+06,,,,,,,,,,,,,,,,,,,,,,803,,,,,,,
1.419e+06,60700,62800,61900,60100,59900,70000,1.2e+06,1.2e+06,1.2e+06,1.2e+06,1.596e+06,1.596e+06,,,,,,,,,,,8.7992e+06,80,85,62,36.3636,63,64.6465
1.41956e+06,,,,,,,,,,,,,,66.58,61.10,,,,,,,,,,,,,,
1.41984e+06,,,,,,,,,,,,,,,,,,,,,,1083,,,,,,,
1.41987e+06,,,,,,,,,,,,,,,,,,,,,,1127,,,,,,,
1.41996e+06,,,,,,,,,,,,,,,,,,,,,,1116,,,,,,,
1.42e+06,60900,62600,61900,59700,59700,70000,1.2e+06,1.2e+06,1.2e+06,1.2e+06,1.596e+06,1.596e+06,,,,,,,,,,,8.9236e+06,83.3333,85.8586,57.4257,40.404,59.4059,59.596
1.42003e+06,,,,,,,,,,,,,,,,,,,,,,908,,,,,,,
1.42023e+06,,,,,,,,,,,,,,,,,,,,,,710,,,,,,,
1.4204e+06,,,,,,,,,,,,,,,,,,,,,,849,,,,,,,
1.4206e+06,,,,,,,,,,,,,,,,,,,,,,804,,,,,,,
1.42076e+06,,,,,,,,,,,,,,,,,,,,,,720,,,,,,,
1.42096e+06,,,,,,,,,,,,,,,,,,,,,,1084,,,,,,,
1.42098e+06,,,,,,,,,,,,,,,,,,,,,,1128,,,,,,,
1.421e+06,60900,62300,61900,60100,59700,70000,1.2e+06,1.2e+06,1.2e+06,1.2e+06,1.596e+06,1.596e+06,,,,,,,,,,,9.0188e+06,81.1881,86,56.4356,30,58.4158,57.5758
1.42107e+06,,,,,,,,,,,,,,,,,,,,,,1117,,,,,,,
1.42127e+06,,,,,,,,,,,,,,,,,,,,,,590,,,,,,,
1.42164e+06,,,,,,,,,,,,,,,,,,,,,,909,,,,,,,
1.422e+06,60700,62500,61900,59900,59700,70000,1.2e+06,1.2e+06,1.2e+06,1.2e+06,1.596e+06,1.596e+06,,,,,,,,,,,8.9222e+06,84.466,84.8485,56.1224,29,59.596,60.6061
1.42223e+06,,,,,,,,,,,,,,,,,,,,,,805,,,,,,,
1.42237e+06,,,,,,,,,,,,,,,,,,,,,,711,,,,,,,
1.42252e+06,,,,,,,,,,,,,,,,,,,,,,1085,,,,,,,
1.42253e+06,,,,,,,,,,,,,,,,,,,,,,1129,,,,,,,
1.42263e+06,,,,,,,,,,,,,,,,,,,,,,1118,,,,,,,
1.42278e+06,,,,,,,,,,,,,,,,,,,,,,910,,,,,,,
1.4229e+06,,,,,,,,,,,,,,,,,,,,,,721,,,,,,,
1.423e+06,60700,63000,61900,59900,59500,70000,1.2e+06,1.2e+06,1.2e+06,1.2e+06,1.596e+06,1.596e+06,,,,,,,,,,,8.3152e+06,79.798,88.7755,62.3762,33,59,57.5758
1.42342e+06,,,,,,,,,,,,,24.311,,,,,,,,,,,,,,,,
1.42363e+06,,,,,,,,,,,,,,,,,,,,,,709,,,,,,,
1.42364e+06,,,,,,,,,,,,,,,,,,,,,,851,,,,,,,
1.42364e+06,,,,,,,,,,,,,,,,,,,,,,1086,,,,,,,
1.42364e+06,,,,,,,,,,,,,,,,,,,,,,1130,,,,,,,
1.42374e+06,,,,,,,,,,,,,,,,,,,,,,1119,,,,,,,
1.42387e+06,,,,,,,,,,,,,,,,,,,,,,806,,,,,,,
1.424e+06,60700,62100,61900,60100,59300,70000,1.2e+06,1.2e+06,1.2e+06,1.2e+06,1.596e+06,1.596e+06,,,,,,,,,,,8.452e+06,80.198,86.1386,60.396,35,55.5556,58.1633
1.42439e+06,,,,,,,,,,,,,,,,,,,,,,911,,,,,,,
1.42451e+06,,,,,,,,,,,,,,,,,,,,,,712,,,,,,,
1.42456e+06,,,,,,,,,,,,,,,,,,,,,,722,,,,,,,
1.42476e+06,,,,,,,,,,,,,,,,,,,,,,1131,,,,,,,
1.42476e+06,,,,,,,,,,,,,,,,,,,,,,1087,,,,,,,
1.42486e+06,,,,,,,,,,,,,,,,,,,,,,1120,,,,,,,
1.42499e+06,61100,62500,62300,60100,59900,70000,1.2e+06,1.2e+06,1.2e+06,1.2e+06,1.596e+06,1.596e+06,,,,,,,,,,,9.0136e+06,79.6117,88.8889,61,36.6337,61.6162,62.3762
1.42563e+06,,,,,,,,,,,,,,,,,,,,,,592,,,,,,,
1.42575e+06,,,,,,,,,,,,,,,,,,,,,,852,,,,,,,
1.42577e+06,,,,,,,,,,,,,,,,,,,,,,710,,,,,,,
1.42598e+06,,,,,,,,,,,,,,,,,,,,,,807,,,,,,,
1.426e+06,60900,62500,61900,60100,59700,70000,1.2e+06,1.2e+06,1.2e+06,1.2e+06,1.596e+06,1.596e+06,,,,,,,,,,,1.00242e+07,79.798,85.8586,61,35,60.396,61.6162
1.426e+06,,,,,,,,,,,,,,,,,,,,,,912,,,,,,,
1.42617e+06,,,,,,,,,,,,,,,,,,,,,,713,,,,,,,
1.42631e+06,,,,,,,,,,,,,,,,,,,,,,1132,,,,,,,
1.42633e+06,,,,,,,,,,,,,,,,,,,,,,1088,,,,,,,
1.42641e+06,,,,,,,,,,,,,,,,,,,,,,1121,,,,,,,
1.42669e+06,,,,,,,,,,,,,,,,,,,,,,723,,,,,,,
1.427e+06,60700,62500,62100,60100,59700,70000,1.2e+06,1.2e+06,1.2e+06,1.2e+06,1.596e+06,1.596e+06,,,,,,,,,,,8.7418e+06,84.466,85,57,35.3535,61,60.6061
1.42738e+06,,,,,,,,,,,,,,,,,,,,,,853,,,,,,,
1.42742e+06,,,,,,,,,,,,,,,,,,,,,,1133,,,,,,,
1.42743e+06,,,,,,,,,,,,,,,,,,,,,,711,,,,,,,
1.42745e+06,,,,,,,,,,,,,,,,,,,,,,1089,,,,,,,
1.42752e+06,,,,,,,,,,,,,,,,,,,,,,1122,,,,,,,
1.42761e+06,,,,,,,,,,,,,,,,,,,,,,808,,,,,,,
1.42761e+06,,,,,,,,,,,,,,,,,,,,,,913,,,,,,,
1.42799e+06,60900,62600,61900,60100,59700,70000,1.2e+06,1.2e+06,1.2e+06,1.2e+06,1.596e+06,1.596e+06,,,,,,,,,,,8.7556e+06,81.1881,85.8586,56.5657,29,57.5758,58.1633
1.4283e+06,,,,,,,,,,,,,,,,,,,,,,593,,,,,,,
1.42831e+06,,,,,,,,,,,,,,,,,,,,,,714,,,,,,,
1.42835e+06,,,,,,,,,,,,,,,,,,,,,,724,,,,,,,
1.42853e+06,,,,,,,,,,,,,,,,,,,,,,1134,,,,,,,
1.42864e+06,,,,,,,,,,,,,,,,,,,,,,1123,,,,,,,
1.42899e+06,60700,62600,61900,60100,59300,70000,1.2e+06,1.2e+06,1.2e+06,1.2e+06,1.596e+06,1.596e+06,,,,,,,,,,,9.5276e+06,82.1782,86,57.8431,27.7228,58.8235,59.4059
1.42901e+06,,,,,,,,,,,,,,,,,,,,,,854,,,,,,,
1.42901e+06,,,,,,,,,,,,,,,,,,,,,,1090,,,,,,,
1.42923e+06,,,,,,,,,,,,,,,,,,,,,,914,,,,,,,
1.42925e+06,,,,,,,,,,,,,,,,,,,,,,809,,,,,,,
1.42957e+06,,,,,,,,,,,,,,,,,,,,,,712,,,,,,,
1.42971e+06,,,,,,,,,,,,,,66.58,61.02,,,,,,,,,,,,,,
1.42997e+06,,,,,,,,,,,,,,,,,,,,,,715,,,,,,,
1.43e+06,60700,62800,61900,59900,59300,70000,1.2e+06,1.2e+06,1.2e+06,1.2e+06,1.596e+06,1.596e+06,,,,,,,,,,,9.4064e+06,80.198,88,63,37,58.7629,58.1633
1.43008e+06,,,,,,,,,,,,,,,,,,,,,,1135,,,,,,,
1.43013e+06,,,,,,,,,,,,,,,,,,,,,,1091,,,,,,,
1.43019e+06,,,,,,,,,,,,,,,,,,,,,,1124,,,,,,,
1.43048e+06,,,,,,,,,,,,,,,,,,,,,,594,,,,,,,
1.43049e+06,,,,,,,,,,,,,,,,,,,,,,725,,,,,,,
1.43063e+06,,,,,,,,,,,,,,,,,,,,,,855,,,,,,,
1.43084e+06,,,,,,,,,,,,,,,,,,,,,,915,,,,,,,
1.43089e+06,,,,,,,,,,,,,,,,,,,,,,810,,,,,,,
1.431e+06,60700,62100,61900,59700,59500,70000,1.2e+06,1.2e+06,1.2e+06,1.2e+06,1.596e+06,1.596e+06,,,,,,,,,,,8.833e+06,81,85.7143,59,37.2549,56,57.5758
1.43119e+06,,,,,,,,,,,,,,,,,,,,,,1136,,,,,,,
1.43131e+06,,,,,,,,,,,,,,,,,,,,,,1125,,,,,,,
1.4317e+06,,,,,,,,,,,,,,,,,,,,,,1092,,,,,,,
1.43171e+06,,,,,,,,,,,,,,,,,,,,,,713,,,,,,,
1.432e+06,60900,62800,62100,60100,59700,70000,1.2e+06,1.2e+06,1.2e+06,1.2e+06,1.596e+06,1.596e+06,,,,,,,,,,,8.6974e+06,80.3922,89.899,63,35.3535,63.3663,65
1.43211e+06,,,,,,,,,,,,,,,,,,,,,,716,,,,,,,
1.43225e+06,,,,,,,,,,,,,,,,,,,,,,856,,,,,,,
1.4323e+06,,,,,,,,,,,,,,,,,,,,,,1137,,,,,,,
1.43242e+06,,,,,,,,,,,,,,,,,,,,,,1126,,,,,,,
1.43245e+06,,,,,,,,,,,,,,,,,,,,,,916,,,,,,,
1.43262e+06,,,,,,,,,,,,,,,,,,,,,,726,,,,,,,
1.43266e+06,,,,,,,,,,,,,,,,,,,,,,595,,,,,,,
1.43281e+06,,,,,,,,,,,,,,,,,,,,,,1093,,,,,,,
1.43299e+06,60700,62600,62100,59900,59700,70000,1.2e+06,1.2e+06,1.2e+06,1.2e+06,1.596e+06,1.596e+06,,,,,,,,,,,9.6724e+06,79,85.1485,59.4059,37,57.5758,59.596
1.433e+06,,,,,,,,,,,,,,,,,,,,,,811,,,,,,,
1.43337e+06,,,,,,,,,,,,,,,,,,,,,,714,,,,,,,
1.43341e+06,,,,,,,,,,,,,,,,,,,,,,1138,,,,,,,
1.43349e+06,,,,,,,,,,,,,24.3,,,,,,,,,,,,,,,,
1.43387e+06,,,,,,,,,,,,,,,,,,,,,,857,,,,,,,
1.43393e+06,,,,,,,,,,,,,,,,,,,,,,1094,,,,,,,
1.43398e+06,,,,,,,,,,,,,,,,,,,,,,1127,,,,,,,
1.43399e+06,60700,62600,62300,60100,59900,70000,1.2e+06,1.2e+06,1.2e+06,1.2e+06,1.596e+06,1.596e+06,,,,,,,,,,,8.4988e+06,83.1683,85.7143,57.4257,32.3232,61,60.6061
1.43406e+06,,,,,,,,,,,,,,,,,,,,,,917,,,,,,,
1.43425e+06,,,,,,,,,,,,,,,,,,,,,,717,,,,,,,
1.43428e+06,,,,,,,,,,,,,,,,,,,,,,727,,,,,,,
1.43463e+06,,,,,,,,,,,,,,,,,,,,,,812,,,,,,,
1.43497e+06,,,,,,,,,,,,,,,,,,,,,,1139,,,,,,,
1.435e+06,61100,63400,61900,59900,59700,70000,1.2e+06,1.2e+06,1.2e+06,1.2e+06,1.596e+06,1.596e+06,,,,,,,,,,,7.8628e+06,84,85.8586,56.5657,27.2727,60,60.2041
1.43509e+06,,,,,,,,,,,,,,,,,,,,,,1128,,,,,,,
1.4352e+06,,,,,,,,,,,,,,,,,,,,,,918,,,,,,,
1.43533e+06,,,,,,,,,,,,,,,,,,,,,,596,,,,,,,
1.43549e+06,,,,,,,,,,,,,,,,,,,,,,858,,,,,,,
1.43549e+06,,,,,,,,,,,,,,,,,,,,,,1095,,,,,,,
1.43551e+06,,,,,,,,,,,,,,,,,,,,,,715,,,,,,,
1.43591e+06,,,,,,,,,,,,,,,,,,,,,,718,,,,,,,
1.436e+06,60700,63000,61900,60100,59500,70000,1.2e+06,1.2e+06,1.2e+06,1.2e+06,1.596e+06,1.596e+06,,,,,,,,,,,9.251e+06,80.5825,88,58,29,58.4158,58
1.43609e+06,,,,,,,,,,,,,,,,,,,,,,1140,,,,,,,
1.4362e+06,,,,,,,,,,,,,,,,,,,,,,1129,,,,,,,
1.43627e+06,,,,,,,,,,,,,,,,,,,,,,813,,,,,,,
1.43642e+06,,,,,,,,,,,,,,,,,,,,,,728,,,,,,,
1.43681e+06,,,,,,,,,,,,,,,,,,,,,,919,,,,,,,
1.437e+06,60700,62500,61900,60100,59500,70000,1.2e+06,1.2e+06,1.2e+06,1.2e+06,1.596e+06,1.596e+06,,,,,,,,,,,8.2388e+06,79.4118,86.8687,64.3564,35.3535,57.5758,57.5758
1.43711e+06,,,,,,,,,,,,,,,,,,,,,,859,,,,,,,
1.4375e+06,,,,,,,,,,,,,,,,,,,,,,597,,,,,,,
1.43764e+06,,,,,,,,,,,,,,,,,,,,,,1141,,,,,,,
1.43765e+06,,,,,,,,,,,,,,,,,,,,,,716,,,,,,,
1.43776e+06,,,,,,,,,,,,,,,,,,,,,,1130,,,,,,,
1.4379e+06,,,,,,,,,,,,,,,,,,,,,,814,,,,,,,
1.43799e+06,60700,62500,61900,60100,59300,70000,1.2e+06,1.2e+06,1.2e+06,1.2e+06,1.596e+06,1.596e+06,,,,,,,,,,,8.3766e+06,81,87.8788,57.5758,35.3535,57,60
1.43805e+06,,,,,,,,,,,,,,,,,,,,,,719,,,,,,,
1.43807e+06,,,,,,,,,,,,,,,,,,,,,,729,,,,,,,
1.43818e+06,,,,,,,,,,,,,,,,,,,,,,1097,,,,,,,
1.43842e+06,,,,,,,,,,,,,,,,,,,,,,920,,,,,,,
1.43874e+06,,,,,,,,,,,,,,,,,,,,,,860,,,,,,,
1.43875e+06,,,,,,,,,,,,,,,,,,,,,,1142,,,,,,,
1.43887e+06,,,,,,,,,,,,,,,,,,,,,,1131,,,,,,,
1.439e+06,60900,63200,61900,60100,59500,70000,1.2e+06,1.2e+06,1.2e+06,1.2e+06,1.596e+06,1.596e+06,,,,,,,,,,,9.299e+06,80.198,87,64.0777,38.835,64.6465,64.6465
1.43931e+06,,,,,,,,,,,,,,,,,,,,,,717,,,,,,,
1.43983e+06,,,,,,,,,,,,,,66.62,61.10,,,,,,,,,,,,,,
1.43986e+06,,,,,,,,,,,,,,,,,,,,,,1143,,,,,,,
1.43998e+06,,,,,,,,,,,,,,,,,,,,,,1132,,,,,,,
1.43999e+06,61100,63400,62100,60100,59700,70000,1.2e+06,1.2e+06,1.2e+06,1.2e+06,1.596e+06,1.596e+06,,,,,,,,,,,9.2046e+06,81.1881,85.8586,57.5758,40,57,58
1.44001e+06,,,,,,,,,,,,,,,,,,,,,,815,,,,,,,
1.44003e+06,,,,,,,,,,,,,,,,,,,,,,921,,,,,,,
1.44017e+06,,,,,,,,,,,,,,,,,,,,,,598,,,,,,,
1.44019e+06,,,,,,,,,,,,,,,,,,,,,,720,,,,,,,
1.44021e+06,,,,,,,,,,,,,,,,,,,,,,730,,,,,,,
1.44037e+06,,,,,,,,,,,,,,,,,,,,,,861,,,,,,,
1.44041e+06,,,,,,,,,,,,,,,,,,,,,,1099,,,,,,,
1.441e+06,60700,62800,62300,60100,59700,70000,1.2e+06,1.2e+06,1.2e+06,1.2e+06,1.596e+06,1.596e+06,,,,,,,,,,,9.562e+06,83,84.8485,57,30.6122,59,59.596
1.44146e+06,,,,,,,,,,,,,,,,,,,,,,718,,,,,,,
1.44154e+06,,,,,,,,,,,,,,,,,,,,,,1133,,,,,,,
1.44165e+06,,,,,,,,,,,,,,,,,,,,,,922,,,,,,,
1.44165e+06,,,,,,,,,,,,,,,,,,,,,,816,,,,,,,
1.44185e+06,,,,,,,,,,,,,,,,,,,,,,721,,,,,,,
1.44198e+06,,,,,,,,,,,,,,,,,,,,,,1100,,,,,,,
1.44199e+06,,,,,,,,,,,,,,,,,,,,,,862,,,,,,,
1.442e+06,60700,62800,61900,60100,59500,70000,1.2e+06,1.2e+06,1.2e+06,1.2e+06,1.596e+06,1.596e+06,,,,,,,,,,,9.1668e+06,83.1683,86,56,27.7228,60,61.2245
1.44235e+06,,,,,,,,,,,,,,,,,,,,,,731,,,,,,,
1.44235e+06,,,,,,,,,,,,,,,,,,,,,,599,,,,,,,
1.44252e+06,,,,,,,,,,,,,,,,,,,,,,1145,,,,,,,
1.44266e+06,,,,,,,,,,,,,,,,,,,,,,1134,,,,,,,
1.44299e+06,60700,62800,61900,60100,59700,70000,1.2e+06,1.2e+06,1.2e+06,1.2e+06,1.596e+06,1.596e+06,,,,,,,,,,,8.5154e+06,80.198,89.6907,60.396,31.6832,59.596,57.5758
1.4431e+06,,,,,,,,,,,,,,,,,,,,,,1101,,,,,,,
1.44326e+06,,,,,,,,,,,,,,,,,,,,,,923,,,,,,,
1.44329e+06,,,,,,,,,,,,,,,,,,,,,,817,,,,,,,
1.44356e+06,,,,,,,,,,,,,24.3,,,,,,,,,,,,,,,,
1.44359e+06,,,,,,,,,,,,,,,,,,,,,,719,,,,,,,
1.44361e+06,,,,,,,,,,,,,,,,,,,,,,863,,,,,,,
1.44363e+06,,,,,,,,,,,,,,,,,,,,,,1146,,,,,,,
1.44377e+06,,,,,,,,,,,,,,,,,,,,,,1135,,,,,,,
1.44399e+06,,,,,,,,,,,,,,,,,,,,,,722,,,,,,,
1.444e+06,60900,62100,61900,60100,59700,70000,1.2e+06,1.2e+06,1.2e+06,1.2e+06,1.596e+06,1.596e+06,,,,,,,,,,,9.2932e+06,80.198,85.1485,62,35.7143,55.102,58.1633
1.444e+06,,,,,,,,,,,,,,,,,,,,,,732,,,,,,,
1.44453e+06,,,,,,,,,,,,,,,,,,,,,,600,,,,,,,
1.44466e+06,,,,,,,,,,,,,,,,,,,,,,1102,,,,,,,
1.44474e+06,,,,,,,,,,,,,,,,,,,,,,1147,,,,,,,
1.44487e+06,,,,,,,,,,,,,,,,,,,,,,924,,,,,,,
1.44492e+06,,,,,,,,,,,,,,,,,,,,,,818,,,,,,,
1.445e+06,61100,63200,61900,60100,59500,70000,1.2e+06,1.2e+06,1.2e+06,1.2e+06,1.596e+06,1.596e+06,,,,,,,,,,,9.017e+06,80.198,89.899,59.4059,36,60.396,60.396
1.44524e+06,,,,,,,,,,,,,,,,,,,,,,864,,,,,,,
1.44533e+06,,,,,,,,,,,,,,,,,,,,,,1136,,,,,,,
1.44574e+06,,,,,,,,,,,,,,,,,,,,,,720,,,,,,,
1.44578e+06,,,,,,,,,,,,,,,,,,,,,,1103,,,,,,,
1.446e+06,60900,63000,62100,60100,59700,70000,1.2e+06,1.2e+06,1.2e+06,1.2e+06,1.596e+06,1.596e+06,,,,,,,,,,,8.924e+06,79.2079,84.8485,62.3762,35.0515,62,64
1.44613e+06,,,,,,,,,,,,,,,,,,,,,,723,,,,,,,
1.44614e+06,,,,,,,,,,,,,,,,,,,,,,733,,,,,,,
1.44629e+06,,,,,,,,,,,,,,,,,,,,,,1148,,,,,,,
1.44644e+06,,,,,,,,,,,,,,,,,,,,,,1137,,,,,,,
1.44648e+06,,,,,,,,,,,,,,,,,,,,,,925,,,,,,,
1.44686e+06,,,,,,,,,,,,,,,,,,,,,,865,,,,,,,
1.4469e+06,,,,,,,,,,,,,,,,,,,,,,1104,,,,,,,
1.447e+06,60700,63200,62100,60100,59700,70000,1.2e+06,1.2e+06,1.2e+06,1.2e+06,1.596e+06,1.596e+06,,,,,,,,,,,8.8506e+06,83,85.8586,57.5758,37,59,59.596
1.44703e+06,,,,,,,,,,,,,,,,,,,,,,819,,,,,,,
1.44721e+06,,,,,,,,,,,,,,,,,,,,,,601,,,,,,,
1.4474e+06,,,,,,,,,,,,,,,,,,,,,,721,,,,,,,
1.4474e+06,,,,,,,,,,,,,,,,,,,,,,1149,,,,,,,
1.44762e+06,,,,,,,,,,,,,,,,,,,,,,926,,,,,,,
1.44779e+06,,,,,,,,,,,,,,,,,,,,,,724,,,,,,,
1.44801e+06,60900,63000,61700,60100,59700,70000,1.2e+06,1.2e+06,1.2e+06,1.2e+06,1.596e+06,1.596e+06,,,,,,,,,,,9.3672e+06,81.3725,86,56.3107,32.6733,58,58
1.44801e+06,,,,,,,,,,,,,,,,,,,,,,1138,,,,,,,
1.44828e+06,,,,,,,,,,,,,,,,,,,,,,734,,,,,,,
1.44846e+06,,,,,,,,,,,,,,,,,,,,,,1105,,,,,,,
1.44848e+06,,,,,,,,,,,,,,,,,,,,,,866,,,,,,,
1.44852e+06,,,,,,,,,,,,,,,,,,,,,,1150,,,,,,,
1.44867e+06,,,,,,,,,,,,,,,,,,,,,,820,,,,,,,
1.449e+06,60700,62600,61900,59900,59500,70000,1.2e+06,1.2e+06,1.2e+06,1.2e+06,1.596e+06,1.596e+06,,,,,,,,,,,8.5906e+06,83,85,56.5657,26.8041,59.1837,60.2041
1.44911e+06,,,,,,,,,,,,,,,,,,,,,,1139,,,,,,,
1.44923e+06,,,,,,,,,,,,,,,,,,,,,,927,,,,,,,
1.44939e+06,,,,,,,,,,,,,,,,,,,,,,602,,,,,,,
1.44953e+06,,,,,,,,,,,,,,,,,,,,,,722,,,,,,,
1.44958e+06,,,,,,,,,,,,,,,,,,,,,,1106,,,,,,,
1.44993e+06,,,,,,,,,,,,,,,,,,,,,,725,,,,,,,
1.44993e+06,,,,,,,,,,,,,,,,,,,,,,735,,,,,,,
1.44996e+06,,,,,,,,,,,,,,66.54,60.94,,,,,,,,,,,,,,
1.45e+06,60700,62800,61900,60100,59500,70000,1.2e+06,1.2e+06,1.2e+06,1.2e+06,1.596e+06,1.596e+06,,,,,,,,,,,9.8566e+06,80.198,88.7755,62,38.6139,59.1837,58.1633
1.45007e+06,,,,,,,,,,,,,,,,,,,,,,1151,,,,,,,
1.45011e+06,,,,,,,,,,,,,,,,,,,,,,867,,,,,,,
1.45022e+06,,,,,,,,,,,,,,,,,,,,,,1140,,,,,,,
1.45031e+06,,,,,,,,,,,,,,,,,,,,,,821,,,,,,,
1.45084e+06,,,,,,,,,,,,,,,,,,,,,,928,,,,,,,
1.45099e+06,60700,62100,61900,59700,59300,70000,1.2e+06,1.2e+06,1.2e+06,1.2e+06,1.596e+06,1.596e+06,,,,,,,,,,,9.2196e+06,81.1881,86,60,35.3535,56.4356,57.5758
1.45115e+06,,,,,,,,,,,,,,,,,,,,,,1107,,,,,,,
1.45118e+06,,,,,,,,,,,,,,,,,,,,,,1152,,,,,,,
1.45119e+06,,,,,,,,,,,,,,,,,,,,,,723,,,,,,,
1.45173e+06,,,,,,,,,,,,,,,,,,,,,,868,,,,,,,
1.45178e+06,,,,,,,,,,,,,,,,,,,,,,1141,,,,,,,
1.45194e+06,,,,,,,,,,,,,,,,,,,,,,822,,,,,,,
1.452e+06,60900,63000,61900,60300,59700,70000,1.2e+06,1.2e+06,1.2e+06,1.2e+06,1.596e+06,1.596e+06,,,,,,,,,,,9.5044e+06,79.2079,89,62.3762,35.3535,61.6162,63
1.45206e+06,,,,,,,,,,,,,,,,,,,,,,603,,,,,,,
1.45207e+06,,,,,,,,,,,,,,,,,,,,,,736,,,,,,,
1.45207e+06,,,,,,,,,,,,,,,,,,,,,,726,,,,,,,
1.45226e+06,,,,,,,,,,,,,,,,,,,,,,1108,,,,,,,
1.45229e+06,,,,,,,,,,,,,,,,,,,,,,1153,,,,,,,
1.45245e+06,,,,,,,,,,,,,,,,,,,,,,929,,,,,,,
1.45289e+06,,,,,,,,,,,,,,,,,,,,,,1142,,,,,,,
1.45299e+06,60700,63000,61900,60100,59700,70000,1.2e+06,1.2e+06,1.2e+06,1.2e+06,1.596e+06,1.596e+06,,,,,,,,,,,8.695e+06,79.2079,85.7143,61.7647,37.2549,59.596,61.6162
1.45333e+06,,,,,,,,,,,,,,,,,,,,,,724,,,,,,,
1.45335e+06,,,,,,,,,,,,,,,,,,,,,,869,,,,,,,
1.45338e+06,,,,,,,,,,,,,,,,,,,,,,1109,,,,,,,
1.45363e+06,,,,,,,,,,,,,24.311,,,,,,,,,,,,,,,,
1.45373e+06,,,,,,,,,,,,,,,,,,,,,,737,,,,,,,
1.45373e+06,,,,,,,,,,,,,,,,,,,,,,727,,,,,,,
1.45399e+06,60900,62800,61900,59700,59500,70000,1.2e+06,1.2e+06,1.2e+06,1.2e+06,1.596e+06,1.596e+06,,,,,,,,,,,8.6886e+06,84.1584,85.8586,57.5758,35,60.7843,59.596
1.454e+06,,,,,,,,,,,,,,,,,,,,,,1143,,,,,,,
1.45405e+06,,,,,,,,,,,,,,,,,,,,,,823,,,,,,,
1.45407e+06,,,,,,,,,,,,,,,,,,,,,,930,,,,,,,
1.45424e+06,,,,,,,,,,,,,,,,,,,,,,604,,,,,,,
1.45494e+06,,,,,,,,,,,,,,,,,,,,,,1110,,,,,,,
1.45495e+06,,,,,,,,,,,,,,,,,,,,,,1155,,,,,,,
1.455e+06,60700,62800,61700,59900,59700,70000,1.2e+06,1.2e+06,1.2e+06,1.2e+06,1.596e+06,1.596e+06,,,,,,,,,,,8.551e+06,81.1881,85,56.5657,27.2727,57.5758,59
1.45547e+06,,,,,,,,,,,,,,,,,,,,,,725,,,,,,,
1.45556e+06,,,,,,,,,,,,,,,,,,,,,,1144,,,,,,,
1.45568e+06,,,,,,,,,,,,,,,,,,,,,,931,,,,,,,
1.45569e+06,,,,,,,,,,,,,,,,,,,,,,824,,,,,,,
1.45587e+06,,,,,,,,,,,,,,,,,,,,,,738,,,,,,,
1.45587e+06,,,,,,,,,,,,,,,,,,,,,,728,,,,,,,
1.456e+06,60500,62100,61900,60100,59300,70000,1.2e+06,1.2e+06,1.2e+06,1.2e+06,1.596e+06,1.596e+06,,,,,,,,,,,9.1408e+06,81.3725,85.8586,57.2816,29.703,58.4158,59
1.45606e+06,,,,,,,,,,,,,,,,,,,,,,1111,,,,,,,
1.45606e+06,,,,,,,,,,,,,,,,,,,,,,1156,,,,,,,
1.45642e+06,,,,,,,,,,,,,,,,,,,,,,605,,,,,,,
1.45667e+06,,,,,,,,,,,,,,,,,,,,,,1145,,,,,,,
1.457e+06,60700,62600,61900,60100,59300,70000,1.2e+06,1.2e+06,1.2e+06,1.2e+06,1.596e+06,1.596e+06,,,,,,,,,,,8.6168e+06,81,88.8889,62.6263,33.6735,59.596,58.5859
1.45708e+06,,,,,,,,,,,,,,,,,,,,,,871,,,,,,,
1.45713e+06,,,,,,,,,,,,,,,,,,,,,,726,,,,,,,
1.45729e+06,,,,,,,,,,,,,,,,,,,,,,932,,,,,,,
1.45732e+06,,,,,,,,,,,,,,,,,,,,,,825,,,,,,,
1.45762e+06,,,,,,,,,,,,,,,,,,,,,,1157,,,,,,,
1.45763e+06,,,,,,,,,,,,,,,,,,,,,,1112,,,,,,,
1.45778e+06,,,,,,,,,,,,,,,,,,,,,,1146,,,,,,,
1.45799e+06,60900,62100,61900,60100,59300,70000,1.2e+06,1.2e+06,1.2e+06,1.2e+06,1.596e+06,1.596e+06,,,,,,,,,,,9.0292e+06,80.198,85.8586,58.5859,36,55.5556,58.5859
1.458e+06,,,,,,,,,,,,,,,,,,,,,,739,,,,,,,
1.45801e+06,,,,,,,,,,,,,,,,,,,,,,729,,,,,,,
1.4587e+06,,,,,,,,,,,,,,,,,,,,,,872,,,,,,,
1.45873e+06,,,,,,,,,,,,,,,,,,,,,,1158,,,,,,,
1.45875e+06,,,,,,,,,,,,,,,,,,,,,,1113,,,,,,,
1.45896e+06,,,,,,,,,,,,,,,,,,,,,,826,,,,,,,
1.459e+06,61100,63000,61900,60100,59700,70000,1.2e+06,1.2e+06,1.2e+06,1.2e+06,1.596e+06,1.596e+06,,,,,,,,,,,9.0728e+06,79.798,88.8889,64.7059,35.3535,63.2653,64.2857
1.45909e+06,,,,,,,,,,,,,,,,,,,,,,606,,,,,,,
1.45927e+06,,,,,,,,,,,,,,,,,,,,,,727,,,,,,,
1.45934e+06,,,,,,,,,,,,,,,,,,,,,,1147,,,,,,,
1.45966e+06,,,,,,,,,,,,,,,,,,,,,,740,,,,,,,
1.45967e+06,,,,,,,,,,,,,,,,,,,,,,730,,,,,,,
1.45984e+06,,,,,,,,,,,,,,,,,,,,,,1159,,,,,,,
1.45986e+06,,,,,,,,,,,,,,,,,,,,,,1114,,,,,,,
1.46e+06,60700,62300,61900,59900,59700,70000,1.2e+06,1.2e+06,1.2e+06,1.2e+06,1.596e+06,1.596e+06,,,,,,,,,,,8.3588e+06,79.6117,85.8586,58,36.3636,58.4158,60
1.46004e+06,,,,,,,,,,,,,,,,,,,,,,934,,,,,,,
1.46013e+06,,,,,,,,,,,,,,66.50,60.90,,,,,,,,,,,,,,
1.46032e+06,,,,,,,,,,,,,,,,,,,,,,873,,,,,,,
1.46045e+06,,,,,,,,,,,,,,,,,,,,,,1148,,,,,,,
1.46095e+06,,,,,,,,,,,,,,,,,,,,,,1160,,,,,,,
1.461e+06,60700,62300,62100,60100,59700,70000,1.2e+06,1.2e+06,1.2e+06,1.2e+06,1.596e+06,1.596e+06,,,,,,,,,,,8.3482e+06,84,85,62,33.3333,59.596,60.2041
1.46107e+06,,,,,,,,,,,,,,,,,,,,,,827,,,,,,,
1.46127e+06,,,,,,,,,,,,,,,,,,,,,,607,,,,,,,
1.46141e+06,,,,,,,,,,,,,,,,,,,,,,728,,,,,,,
1.46143e+06,,,,,,,,,,,,,,,,,,,,,,1115,,,,,,,
1.46156e+06,,,,,,,,,,,,,,,,,,,,,,1149,,,,,,,
1.46165e+06,,,,,,,,,,,,,,,,,,,,,,935,,,,,,,
1.4618e+06,,,,,,,,,,,,,,,,,,,,,,741,,,,,,,
1.46181e+06,,,,,,,,,,,,,,,,,,,,,,731,,,,,,,
1.46195e+06,,,,,,,,,,,,,,,,,,,,,,874,,,,,,,
1.462e+06,60700,62600,61900,60100,59900,70000,1.2e+06,1.2e+06,1.2e+06,1.2e+06,1.596e+06,1.596e+06,,,,,,,,,,,8.064e+06,83.1683,85.8586,56.4356,28,59.596,60
1.46251e+06,,,,,,,,,,,,,,,,,,,,,,1161,,,,,,,
1.46255e+06,,,,,,,,,,,,,,,,,,,,,,1116,,,,,,,
1.4627e+06,,,,,,,,,,,,,,,,,,,,,,828,,,,,,,
1.463e+06,60700,62800,62100,60100,59500,70000,1.2e+06,1.2e+06,1.2e+06,1.2e+06,1.596e+06,1.596e+06,,,,,,,,,,,7.9962e+06,80,87,57.5758,30.303,59.4059,58.5859
1.46307e+06,,,,,,,,,,,,,,,,,,,,,,729,,,,,,,
1.46312e+06,,,,,,,,,,,,,,,,,,,,,,1150,,,,,,,
1.46326e+06,,,,,,,,,,,,,,,,,,,,,,936,,,,,,,
1.46357e+06,,,,,,,,,,,,,,,,,,,,,,875,,,,,,,
1.46362e+06,,,,,,,,,,,,,,,,,,,,,,1162,,,,,,,
1.46369e+06,,,,,,,,,,,,,24.311,,,,,,,,,,,,,,,,
1.46394e+06,,,,,,,,,,,,,,,,,,,,,,742,,,,,,,
1.46394e+06,,,,,,,,,,,,,,,,,,,,,,608,,,,,,,
1.46395e+06,,,,,,,,,,,,,,,,,,,,,,732,,,,,,,
1.464e+06,60700,62800,61700,60100,59500,70000,1.2e+06,1.2e+06,1.2e+06,1.2e+06,1.596e+06,1.596e+06,,,,,,,,,,,8.5998e+06,79.6117,86.8687,63.3663,38,57,56.5657
1.46411e+06,,,,,,,,,,,,,,,,,,,,,,1117,,,,,,,
1.46423e+06,,,,,,,,,,,,,,,,,,,,,,1151,,,,,,,
1.46434e+06,,,,,,,,,,,,,,,,,,,,,,829,,,,,,,
1.46488e+06,,,,,,,,,,,,,,,,,,,,,,937,,,,,,,
1.465e+06,61100,62500,61900,60100,59500,70000,1.2e+06,1.2e+06,1.2e+06,1.2e+06,1.596e+06,1.596e+06,,,,,,,,,,,9.3416e+06,80.8081,87.8788,58,35.3535,58,60
1.46517e+06,,,,,,,,,,,,,,,,,,,,,,1163,,,,,,,
1.4652e+06,,,,,,,,,,,,,,,,,,,,,,876,,,,,,,
1.46521e+06,,,,,,,,,,,,,,,,,,,,,,730,,,,,,,
1.46523e+06,,,,,,,,,,,,,,,,,,,,,,1118,,,,,,,
1.46534e+06,,,,,,,,,,,,,,,,,,,,,,1152,,,,,,,
1.46559e+06,,,,,,,,,,,,,,,,,,,,,,743,,,,,,,
1.46561e+06,,,,,,,,,,,,,,,,,,,,,,733,,,,,,,
1.46598e+06,,,,,,,,,,,,,,,,,,,,,,830,,,,,,,
1.466e+06,60900,62500,62100,60100,59700,70000,1.2e+06,1.2e+06,1.2e+06,1.2e+06,1.596e+06,1.596e+06,,,,,,,,,,,9.3538e+06,79.4118,88,64.7059,35.3535,64,64.6465
1.46612e+06,,,,,,,,,,,,,,,,,,,,,,609,,,,,,,
1.46629e+06,,,,,,,,,,,,,,,,,,,,,,1164,,,,,,,
1.46649e+06,,,,,,,,,,,,,,,,,,,,,,938,,,,,,,
1.46679e+06,,,,,,,,,,,,,,,,,,,,,,1119,,,,,,,
1.46683e+06,,,,,,,,,,,,,,,,,,,,,,877,,,,,,,
1.4669e+06,,,,,,,,,,,,,,,,,,,,,,1153,,,,,,,
1.467e+06,61100,62600,61900,60100,59700,70000,1.2e+06,1.2e+06,1.2e+06,1.2e+06,1.596e+06,1.596e+06,,,,,,,,,,,8.3374e+06,80.198,84.8485,57,36.6337,57.5758,58.5859
1.46736e+06,,,,,,,,,,,,,,,,,,,,,,731,,,,,,,
1.4674e+06,,,,,,,,,,,,,,,,,,,,,,1165,,,,,,,
1.46773e+06,,,,,,,,,,,,,,,,,,,,,,744,,,,,,,
1.46775e+06,,,,,,,,,,,,,,,,,,,,,,734,,,,,,,
1.46791e+06,,,,,,,,,,,,,,,,,,,,,,1120,,,,,,,
1.468e+06,60700,62500,62300,60100,59700,70000,1.2e+06,1.2e+06,1.2e+06,1.2e+06,1.596e+06,1.596e+06,,,,,,,,,,,8.662e+06,83.8384,85.7143,57.4257,30.6122,60,60
1.46801e+06,,,,,,,,,,,,,,,,,,,,,,1154,,,,,,,
1.46808e+06,,,,,,,,,,,,,,,,,,,,,,831,,,,,,,
1.4681e+06,,,,,,,,,,,,,,,,,,,,,,939,,,,,,,
1.46845e+06,,,,,,,,,,,,,,,,,,,,,,878,,,,,,,
1.46851e+06,,,,,,,,,,,,,,,,,,,,,,1166,,,,,,,
1.46879e+06,,,,,,,,,,,,,,,,,,,,,,610,,,,,,,
1.46899e+06,60900,62500,61900,60100,59500,70000,1.2e+06,1.2e+06,1.2e+06,1.2e+06,1.596e+06,1.596e+06,,,,,,,,,,,8.7828e+06,83.3333,85.1485,57,30.0971,60,60.6061
1.46903e+06,,,,,,,,,,,,,,,,,,,,,,1121,,,,,,,
1.46912e+06,,,,,,,,,,,,,,,,,,,,,,1155,,,,,,,
1.46939e+06,,,,,,,,,,,,,,,,,,,,,,745,,,,,,,
1.4695e+06,,,,,,,,,,,,,,,,,,,,,,732,,,,,,,
1.46971e+06,,,,,,,,,,,,,,,,,,,,,,940,,,,,,,
1.46972e+06,,,,,,,,,,,,,,,,,,,,,,832,,,,,,,
1.46989e+06,,,,,,,,,,,,,,,,,,,,,,735,,,,,,,
1.47e+06,60900,62800,61900,60100,59700,70000,1.2e+06,1.2e+06,1.2e+06,1.2e+06,1.596e+06,1.596e+06,,,,,,,,,,,9.6838e+06,81,88.7755,59.596,32,59,58.1633
1.47006e+06,,,,,,,,,,,,,,,,,,,,,,1167,,,,,,,
1.47008e+06,,,,,,,,,,,,,,,,,,,,,,879,,,,,,,
1.47026e+06,,,,,,,,,,,,,,66.54,61.02,,,,,,,,,,,,,,
1.4706e+06,,,,,,,,,,,,,,,,,,,,,,1122,,,,,,,
1.47068e+06,,,,,,,,,,,,,,,,,,,,,,1156,,,,,,,
1.47097e+06,,,,,,,,,,,,,,,,,,,,,,611,,,,,,,
1.471e+06,60500,62300,61900,60100,59300,70000,1.2e+06,1.2e+06,1.2e+06,1.2e+06,1.596e+06,1.596e+06,,,,,,,,,,,8.0654e+06,81,85.8586,63.3663,38.3838,56.1224,58.1633
1.47116e+06,,,,,,,,,,,,,,,,,,,,,,733,,,,,,,
1.47117e+06,,,,,,,,,,,,,,,,,,,,,,1168,,,,,,,
1.47136e+06,,,,,,,,,,,,,,,,,,,,,,833,,,,,,,
1.47155e+06,,,,,,,,,,,,,,,,,,,,,,736,,,,,,,
1.4717e+06,,,,,,,,,,,,,,,,,,,,,,880,,,,,,,
1.47171e+06,,,,,,,,,,,,,,,,,,,,,,1123,,,,,,,
1.47179e+06,,,,,,,,,,,,,,,,,,,,,,1157,,,,,,,
1.472e+06,60900,62500,62300,60100,59700,70000,1.2e+06,1.2e+06,1.2e+06,1.2e+06,1.596e+06,1.596e+06,,,,,,,,,,,9.3594e+06,79.8077,89,60.6061,34.6939,59.4059,60.396
1.47228e+06,,,,,,,,,,,,,,,,,,,,,,1169,,,,,,,
1.47246e+06,,,,,,,,,,,,,,,,,,,,,,942,,,,,,,
1.47291e+06,,,,,,,,,,,,,,,,,,,,,,1158,,,,,,,
1.473e+06,60700,62600,62100,60100,59700,70000,1.2e+06,1.2e+06,1.2e+06,1.2e+06,1.596e+06,1.596e+06,,,,,,,,,,,8.4652e+06,79.798,85.8586,62.3762,36.6337,62.6263,63.6364
1.473e+06,,,,,,,,,,,,,,,,,,,,,,834,,,,,,,
1.47316e+06,,,,,,,,,,,,,,,,,,,,,,612,,,,,,,
1.47328e+06,,,,,,,,,,,,,,,,,,,,,,1124,,,,,,,
1.47329e+06,,,,,,,,,,,,,,,,,,,,,,734,,,,,,,
1.47332e+06,,,,,,,,,,,,,,,,,,,,,,881,,,,,,,
1.47366e+06,,,,,,,,,,,,,,,,,,,,,,747,,,,,,,
1.47369e+06,,,,,,,,,,,,,,,,,,,,,,737,,,,,,,
1.47376e+06,,,,,,,,,,,,,24.311,,,,,,,,,,,,,,,,
1.47384e+06,,,,,,,,,,,,,,,,,,,,,,1170,,,,,,,
1.474e+06,61100,63200,61900,60100,59700,70000,1.2e+06,1.2e+06,1.2e+06,1.2e+06,1.596e+06,1.596e+06,,,,,,,,,,,9.4672e+06,82.3529,85.7143,57.4257,35.3535,57.5758,59.596
1.47407e+06,,,,,,,,,,,,,,,,,,,,,,943,,,,,,,
1.4744e+06,,,,,,,,,,,,,,,,,,,,,,1125,,,,,,,
1.47446e+06,,,,,,,,,,,,,,,,,,,,,,1159,,,,,,,
1.47463e+06,,,,,,,,,,,,,,,,,,,,,,835,,,,,,,
1.47495e+06,,,,,,,,,,,,,,,,,,,,,,882,,,,,,,
1.47495e+06,,,,,,,,,,,,,,,,,,,,,,1171,,,,,,,
1.475e+06,61100,63000,61900,60100,59700,70000,1.2e+06,1.2e+06,1.2e+06,1.2e+06,1.596e+06,1.596e+06,,,,,,,,,,,8.3394e+06,82.3529,85.2941,56.4356,29,59,57.5758
1.47532e+06,,,,,,,,,,,,,,,,,,,,,,748,,,,,,,
1.47543e+06,,,,,,,,,,,,,,,,,,,,,,735,,,,,,,
1.47551e+06,,,,,,,,,,,,,,,,,,,,,,1126,,,,,,,
1.47558e+06,,,,,,,,,,,,,,,,,,,,,,1160,,,,,,,
1.47568e+06,,,,,,,,,,,,,,,,,,,,,,944,,,,,,,
1.47582e+06,,,,,,,,,,,,,,,,,,,,,,613,,,,,,,
1.47583e+06,,,,,,,,,,,,,,,,,,,,,,738,,,,,,,
1.476e+06,60700,62800,61900,60100,59700,70000,1.2e+06,1.2e+06,1.2e+06,1.2e+06,1.596e+06,1.596e+06,,,,,,,,,,,7.1288e+06,82.8283,85.567,56.1224,28.5714,59.596,60.6061
1.47606e+06,,,,,,,,,,,,,,,,,,,,,,1172,,,,,,,
1.47657e+06,,,,,,,,,,,,,,,,,,,,,,883,,,,,,,
1.47669e+06,,,,,,,,,,,,,,,,,,,,,,1161,,,,,,,
1.47674e+06,,,,,,,,,,,,,,,,,,,,,,836,,,,,,,
1.477e+06,60700,63000,61900,60100,59900,70000,1.2e+06,1.2e+06,1.2e+06,1.2e+06,1.596e+06,1.596e+06,,,,,,,,,,,9.7388e+06,80.3922,88.1188,61.3861,35.3535,59.596,58.1633
1.47708e+06,,,,,,,,,,,,,,,,,,,,,,1127,,,,,,,
1.4771e+06,,,,,,,,,,,,,,,,,,,,,,736,,,,,,,
1.4773e+06,,,,,,,,,,,,,,,,,,,,,,945,,,,,,,
1.47745e+06,,,,,,,,,,,,,,,,,,,,,,749,,,,,,,
1.47749e+06,,,,,,,,,,,,,,,,,,,,,,739,,,,,,,
1.47762e+06,,,,,,,,,,,,,,,,,,,,,,1173,,,,,,,
1.478e+06,60900,62100,61900,60100,59700,70000,1.2e+06,1.2e+06,1.2e+06,1.2e+06,1.596e+06,1.596e+06,,,,,,,,,,,8.5436e+06,81.1881,86,60,35.3535,56,58.4158
1.4782e+06,,,,,,,,,,,,,,,,,,,,,,1128,,,,,,,
1.47824e+06,,,,,,,,,,,,,,,,,,,,,,1162,,,,,,,
1.47838e+06,,,,,,,,,,,,,,,,,,,,,,837,,,,,,,
1.47874e+06,,,,,,,,,,,,,,,,,,,,,,1174,,,,,,,
1.47891e+06,,,,,,,,,,,,,,,,,,,,,,946,,,,,,,
1.479e+06,61100,63200,61900,60300,59500,70000,1.2e+06,1.2e+06,1.2e+06,1.2e+06,1.596e+06,1.596e+06,,,,,,,,,,,9.8228e+06,80.198,89.7959,62.3762,35.6436,61.6162,62.6263
1.47911e+06,,,,,,,,,,,,,,,,,,,,,,750,,,,,,,
1.47924e+06,,,,,,,,,,,,,,,,,,,,,,737,,,,,,,
1.47936e+06,,,,,,,,,,,,,,,,,,,,,,1163,,,,,,,
1.47963e+06,,,,,,,,,,,,,,,,,,,,,,740,,,,,,,
1.47976e+06,,,,,,,,,,,,,,,,,,,,,,1129,,,,,,,
1.47984e+06,,,,,,,,,,,,,,,,,,,,,,1175,,,,,,,
1.48e+06,61100,62800,62100,60100,59700,70000,1.2e+06,1.2e+06,1.2e+06,1.2e+06,1.596e+06,1.596e+06,,,,,,,,,,,9.1742e+06,79,86,61,36,60,61.6162
1.48001e+06,,,,,,,,,,,,,,,,,,,,,,838,,,,,,,
1.4803e+06,,,,,,,,,,,,,,,,,,,,,,885,,,,,,,
1.48042e+06,,,,,,,,,,,,,,66.54,60.98,,,,,,,,,,,,,,
1.48047e+06,,,,,,,,,,,,,,,,,,,,,,1164,,,,,,,
1.48052e+06,,,,,,,,,,,,,,,,,,,,,,947,,,,,,,
1.48068e+06,,,,,,,,,,,,,,,,,,,,,,615,,,,,,,
1.4809e+06,,,,,,,,,,,,,,,,,,,,,,1130,,,,,,,
1.48099e+06,61100,63000,62100,60100,59700,70000,1.2e+06,1.2e+06,1.2e+06,1.2e+06,1.596e+06,1.596e+06,,,,,,,,,,,8.299e+06,85.2941,85,58,35,59.596,60.6061
1.48125e+06,,,,,,,,,,,,,,,,,,,,,,751,,,,,,,
1.48138e+06,,,,,,,,,,,,,,,,,,,,,,738,,,,,,,
1.4814e+06,,,,,,,,,,,,,,,,,,,,,,1176,,,,,,,
1.48165e+06,,,,,,,,,,,,,,,,,,,,,,839,,,,,,,
1.48177e+06,,,,,,,,,,,,,,,,,,,,,,741,,,,,,,
1.48192e+06,,,,,,,,,,,,,,,,,,,,,,886,,,,,,,
1.482e+06,61100,63200,62300,60300,59900,70000,1.2e+06,1.2e+06,1.2e+06,1.2e+06,1.596e+06,1.596e+06,,,,,,,,,,,9.3594e+06,81.1881,85.7143,56.8627,29.703,58.8235,58
1.48203e+06,,,,,,,,,,,,,,,,,,,,,,1165,,,,,,,
1.48213e+06,,,,,,,,,,,,,,,,,,,,,,948,,,,,,,
1.48247e+06,,,,,,,,,,,,,,,,,,,,,,1131,,,,,,,
1.48251e+06,,,,,,,,,,,,,,,,,,,,,,1177,,,,,,,
1.48285e+06,,,,,,,,,,,,,,,,,,,,,,616,,,,,,,
1.48299e+06,60700,63200,61900,60100,59500,70000,1.2e+06,1.2e+06,1.2e+06,1.2e+06,1.596e+06,1.596e+06,,,,,,,,,,,9.5738e+06,82.3529,86.1386,57,27.7228,58,59.596
1.48304e+06,,,,,,,,,,,,,,,,,,,,,,739,,,,,,,
1.48314e+06,,,,,,,,,,,,,,,,,,,,,,1166,,,,,,,
1.48338e+06,,,,,,,,,,,,,,,,,,,,,,752,,,,,,,
1.48343e+06,,,,,,,,,,,,,,,,,,,,,,742,,,,,,,
1.48355e+06,,,,,,,,,,,,,,,,,,,,,,887,,,,,,,
1.48359e+06,,,,,,,,,,,,,,,,,,,,,,1132,,,,,,,
1.48362e+06,,,,,,,,,,,,,,,,,,,,,,1178,,,,,,,
1.48375e+06,,,,,,,,,,,,,,,,,,,,,,949,,,,,,,
1.48376e+06,,,,,,,,,,,,,,,,,,,,,,840,,,,,,,
1.48382e+06,,,,,,,,,,,,,24.3,,,,,,,,,,,,,,,,
1.484e+06,60700,63000,62100,60100,59500,70000,1.2e+06,1.2e+06,1.2e+06,1.2e+06,1.596e+06,1.596e+06,,,,,,,,,,,9.7988e+06,79.798,88.8889,63,36,60,57.5758
1.48425e+06,,,,,,,,,,,,,,,,,,,,,,1167,,,,,,,
1.4847e+06,,,,,,,,,,,,,,,,,,,,,,1133,,,,,,,
1.48488e+06,,,,,,,,,,,,,,,,,,,,,,950,,,,,,,
1.485e+06,60900,62100,61900,60100,59700,70000,1.2e+06,1.2e+06,1.2e+06,1.2e+06,1.596e+06,1.596e+06,,,,,,,,,,,8.8342e+06,81.1881,85,59.8039,34.3434,56.1224,59.4059
1.48503e+06,,,,,,,,,,,,,,,,,,,,,,617,,,,,,,
1.48504e+06,,,,,,,,,,,,,,,,,,,,,,753,,,,,,,
1.48517e+06,,,,,,,,,,,,,,,,,,,,,,888,,,,,,,
1.48518e+06,,,,,,,,,,,,,,,,,,,,,,1179,,,,,,,
1.48518e+06,,,,,,,,,,,,,,,,,,,,,,740,,,,,,,
1.48539e+06,,,,,,,,,,,,,,,,,,,,,,841,,,,,,,
1.48557e+06,,,,,,,,,,,,,,,,,,,,,,743,,,,,,,
1.48581e+06,,,,,,,,,,,,,,,,,,,,,,1168,,,,,,,
1.48599e+06,61100,63200,62100,60100,59700,70000,1.2e+06,1.2e+06,1.2e+06,1.2e+06,1.596e+06,1.596e+06,,,,,,,,,,,8.375e+06,79.2079,89.7959,64,35.0515,63,63.9175
1.48627e+06,,,,,,,,,,,,,,,,,,,,,,1134,,,,,,,
1.48629e+06,,,,,,,,,,,,,,,,,,,,,,1180,,,,,,,
1.48649e+06,,,,,,,,,,,,,,,,,,,,,,951,,,,,,,
1.48679e+06,,,,,,,,,,,,,,,,,,,,,,889,,,,,,,
1.48692e+06,,,,,,,,,,,,,,,,,,,,,,1169,,,,,,,
1.487e+06,60700,63200,61900,60100,59700,70000,1.2e+06,1.2e+06,1.2e+06,1.2e+06,1.596e+06,1.596e+06,,,,,,,,,,,9.5742e+06,79.4118,85,58,36.6337,58,59.596
1.48718e+06,,,,,,,,,,,,,,,,,,,,,,754,,,,,,,
1.48732e+06,,,,,,,,,,,,,,,,,,,,,,741,,,,,,,
1.48738e+06,,,,,,,,,,,,,,,,,,,,,,1135,,,,,,,
1.4874e+06,,,,,,,,,,,,,,,,,,,,,,1181,,,,,,,
1.4877e+06,,,,,,,,,,,,,,,,,,,,,,618,,,,,,,
1.48771e+06,,,,,,,,,,,,,,,,,,,,,,744,,,,,,,
1.48799e+06,61100,63200,61900,60100,59900,70000,1.2e+06,1.2e+06,1.2e+06,1.2e+06,1.596e+06,1.596e+06,,,,,,,,,,,8.8728e+06,84.1584,85.8586,57,32.6531,61.3861,60.396
1.48803e+06,,,,,,,,,,,,,,,,,,,,,,1170,,,,,,,
1.4881e+06,,,,,,,,,,,,,,,,,,,,,,952,,,,,,,
1.48842e+06,,,,,,,,,,,,,,,,,,,,,,890,,,,,,,
1.48867e+06,,,,,,,,,,,,,,,,,,,,,,843,,,,,,,
1.48895e+06,,,,,,,,,,,,,,,,,,,,,,1182,,,,,,,
1.48898e+06,,,,,,,,,,,,,,,,,,,,,,742,,,,,,,
1.48899e+06,60900,62800,61900,59900,59700,70000,1.2e+06,1.2e+06,1.2e+06,1.2e+06,1.596e+06,1.596e+06,,,,,,,,,,,9e+06,83.1683,85.7143,57,28.7129,59.1837,60.6061
1.48931e+06,,,,,,,,,,,,,,,,,,,,,,755,,,,,,,
1.48937e+06,,,,,,,,,,,,,,,,,,,,,,745,,,,,,,
1.48959e+06,,,,,,,,,,,,,,,,,,,,,,1171,,,,,,,
1.48972e+06,,,,,,,,,,,,,,,,,,,,,,953,,,,,,,
1.48988e+06,,,,,,,,,,,,,,,,,,,,,,619,,,,,,,
1.48999e+06,60700,63200,62100,60100,59500,70000,1.2e+06,1.2e+06,1.2e+06,1.2e+06,1.596e+06,1.596e+06,,,,,,,,,,,8.7432e+06,80,87.1287,57.8431,29.2929,57.5758,58.1633
1.49004e+06,,,,,,,,,,,,,,,,,,,,,,891,,,,,,,
1.49006e+06,,,,,,,,,,,,,,,,,,,,,,1183,,,,,,,
1.49007e+06,,,,,,,,,,,,,,,,,,,,,,1137,,,,,,,
1.49055e+06,,,,,,,,,,,,,,66.70,61.10,,,,,,,,,,,,,,
1.4907e+06,,,,,,,,,,,,,,,,,,,,,,1172,,,,,,,
1.49078e+06,,,,,,,,,,,,,,,,,,,,,,844,,,,,,,
1.49097e+06,,,,,,,,,,,,,,,,,,,,,,756,,,,,,,
1.491e+06,60700,62800,62100,60100,59700,70000,1.2e+06,1.2e+06,1.2e+06,1.2e+06,1.596e+06,1.596e+06,,,,,,,,,,,9.1636e+06,80,86.8687,64.3564,39.604,58.4158,57
1.49112e+06,,,,,,,,,,,,,,,,,,,,,,743,,,,,,,
1.49117e+06,,,,,,,,,,,,,,,,,,,,,,1184,,,,,,,
1.49118e+06,,,,,,,,,,,,,,,,,,,,,,1138,,,,,,,
1.49133e+06,,,,,,,,,,,,,,,,,,,,,,954,,,,,,,
1.49151e+06,,,,,,,,,,,,,,,,,,,,,,746,,,,,,,
1.49166e+06,,,,,,,,,,,,,,,,,,,,,,892,,,,,,,
1.49181e+06,,,,,,,,,,,,,,,,,,,,,,1173,,,,,,,
1.492e+06,60900,62100,62100,60100,59700,70000,1.2e+06,1.2e+06,1.2e+06,1.2e+06,1.596e+06,1.596e+06,,,,,,,,,,,9.2674e+06,80.5825,87.8788,58.4158,35.0515,57,59.596
1.49206e+06,,,,,,,,,,,,,,,,,,,,,,620,,,,,,,
1.49241e+06,,,,,,,,,,,,,,,,,,,,,,845,,,,,,,
1.49272e+06,,,,,,,,,,,,,,,,,,,,,,1185,,,,,,,
1.49275e+06,,,,,,,,,,,,,,,,,,,,,,1139,,,,,,,
1.49294e+06,,,,,,,,,,,,,,,,,,,,,,955,,,,,,,
1.49299e+06,60900,62800,61900,60100,59500,70000,1.2e+06,1.2e+06,1.2e+06,1.2e+06,1.596e+06,1.596e+06,,,,,,,,,,,8.455e+06,79.798,88,65.6863,35,63.6364,64.6465
1.49311e+06,,,,,,,,,,,,,,,,,,,,,,757,,,,,,,
1.49326e+06,,,,,,,,,,,,,,,,,,,,,,744,,,,,,,
1.49329e+06,,,,,,,,,,,,,,,,,,,,,,893,,,,,,,
1.49337e+06,,,,,,,,,,,,,,,,,,,,,,1174,,,,,,,
1.49365e+06,,,,,,,,,,,,,,,,,,,,,,747,,,,,,,
1.49383e+06,,,,,,,,,,,,,,,,,,,,,,1186,,,,,,,
1.49386e+06,,,,,,,,,,,,,,,,,,,,,,1140,,,,,,,
1.49388e+06,,,,,,,,,,,,,24.311,,,,,,,,,,,,,,,,
1.494e+06,60900,63200,61900,60100,59900,70000,1.2e+06,1.2e+06,1.2e+06,1.2e+06,1.596e+06,1.596e+06,,,,,,,,,,,8.231e+06,80.5825,85.7143,57.4257,35,57.4257,58.5859
1.49405e+06,,,,,,,,,,,,,,,,,,,,,,846,,,,,,,
1.49448e+06,,,,,,,,,,,,,,,,,,,,,,1175,,,,,,,
1.49455e+06,,,,,,,,,,,,,,,,,,,,,,956,,,,,,,
1.49473e+06,,,,,,,,,,,,,,,,,,,,,,621,,,,,,,
1.49477e+06,,,,,,,,,,,,,,,,,,,,,,758,,,,,,,
1.49491e+06,,,,,,,,,,,,,,,,,,,,,,894,,,,,,,
1.49492e+06,,,,,,,,,,,,,,,,,,,,,,745,,,,,,,
1.49494e+06,,,,,,,,,,,,,,,,,,,,,,1187,,,,,,,
1.49499e+06,60700,62500,62100,60100,59900,70000,1.2e+06,1.2e+06,1.2e+06,1.2e+06,1.596e+06,1.596e+06,,,,,,,,,,,9.3656e+06,83,85.8586,57.5758,30.303,60,59.596
1.49531e+06,,,,,,,,,,,,,,,,,,,,,,748,,,,,,,
1.49543e+06,,,,,,,,,,,,,,,,,,,,,,1141,,,,,,,
1.49559e+06,,,,,,,,,,,,,,,,,,,,,,1176,,,,,,,
1.49568e+06,,,,,,,,,,,,,,,,,,,,,,847,,,,,,,
1.49599e+06,60700,62800,61900,60100,59500,70000,1.2e+06,1.2e+06,1.2e+06,1.2e+06,1.596e+06,1.596e+06,,,,,,,,,,,9.3072e+06,83,85,56.4356,29.703,59.596,60.6061
1.49605e+06,,,,,,,,,,,,,,,,,,,,,,1188,,,,,,,
1.49617e+06,,,,,,,,,,,,,,,,,,,,,,957,,,,,,,
1.49655e+06,,,,,,,,,,,,,,,,,,,,,,1142,,,,,,,
1.4969e+06,,,,,,,,,,,,,,,,,,,,,,759,,,,,,,
1.49691e+06,,,,,,,,,,,,,,,,,,,,,,622,,,,,,,
1.49699e+06,60900,63200,61900,60300,59700,70000,1.2e+06,1.2e+06,1.2e+06,1.2e+06,1.596e+06,1.596e+06,,,,,,,,,,,8.9598e+06,80.5825,88.8889,60,31,60,58
1.49706e+06,,,,,,,,,,,,,,,,,,,,,,746,,,,,,,
1.49715e+06,,,,,,,,,,,,,,,,,,,,,,1177,,,,,,,
1.4973e+06,,,,,,,,,,,,,,,,,,,,,,958,,,,,,,
1.49745e+06,,,,,,,,,,,,,,,,,,,,,,749,,,,,,,
1.49766e+06,,,,,,,,,,,,,,,,,,,,,,1143,,,,,,,
1.49779e+06,,,,,,,,,,,,,,,,,,,,,,848,,,,,,,
1.498e+06,61100,62800,61900,59900,59500,70000,1.2e+06,1.2e+06,1.2e+06,1.2e+06,1.596e+06,1.596e+06,,,,,,,,,,,8.7732e+06,81,85.8586,63.3663,36,55,59
1.49816e+06,,,,,,,,,,,,,,,,,,,,,,896,,,,,,,
1.49826e+06,,,,,,,,,,,,,,,,,,,,,,1178,,,,,,,
1.49871e+06,,,,,,,,,,,,,,,,,,,,,,1190,,,,,,,
1.49891e+06,,,,,,,,,,,,,,,,,,,,,,959,,,,,,,
1.499e+06,60900,62300,62300,60100,59700,70000,1.2e+06,1.2e+06,1.2e+06,1.2e+06,1.596e+06,1.596e+06,,,,,,,,,,,9.3732e+06,79.4118,89.899,59.8039,36,60.396,60
1.49904e+06,,,,,,,,,,,,,,,,,,,,,,760,,,,,,,
1.4992e+06,,,,,,,,,,,,,,,,,,,,,,747,,,,,,,
1.49923e+06,,,,,,,,,,,,,,,,,,,,,,1144,,,,,,,
1.49937e+06,,,,,,,,,,,,,,,,,,,,,,1179,,,,,,,
1.49943e+06,,,,,,,,,,,,,,,,,,,,,,849,,,,,,,
1.49958e+06,,,,,,,,,,,,,,,,,,,,,,623,,,,,,,
1.49959e+06,,,,,,,,,,,,,,,,,,,,,,750,,,,,,,
1.49979e+06,,,,,,,,,,,,,,,,,,,,,,897,,,,,,,
1.49982e+06,,,,,,,,,,,,,,,,,,,,,,1191,,,,,,,
1.5e+06,60700,62600,61900,59900,59900,70000,1.2e+06,1.2e+06,1.2e+06,1.2e+06,1.596e+06,1.596e+06,,,,,,,,,,,1.0525e+07,79,84.8485,62.6263,35.3535,62.6263,64.2857
1.50035e+06,,,,,,,,,,,,,,,,,,,,,,1145,,,,,,,
1.50053e+06,,,,,,,,,,,,,,,,,,,,,,960,,,,,,,
1.5007e+06,,,,,,,,,,,,,,,,,,,,,,761,,,,,,,
1.50071e+06,,,,,,,,,,,,,,66.66,61.22,,,,,,,,,,,,,,
1.50086e+06,,,,,,,,,,,,,,,,,,,,,,748,,,,,,,
1.50093e+06,,,,,,,,,,,,,,,,,,,,,,1180,,,,,,,
1.501e+06,61100,62800,62100,60100,59700,70000,1.2e+06,1.2e+06,1.2e+06,1.2e+06,1.596e+06,1.596e+06,,,,,,,,,,,9.6962e+06,82.1782,87,57.5758,38.6139,58.5859,59.596
1.50107e+06,,,,,,,,,,,,,,,,,,,,,,850,,,,,,,
1.50125e+06,,,,,,,,,,,,,,,,,,,,,,751,,,,,,,
1.50138e+06,,,,,,,,,,,,,,,,,,,,,,1192,,,,,,,
1.50176e+06,,,,,,,,,,,,,,,,,,,,,,624,,,,,,,
1.5019e+06,,,,,,,,,,,,,,,,,,,,,,898,,,,,,,
1.50191e+06,,,,,,,,,,,,,,,,,,,,,,1146,,,,,,,
1.502e+06,60700,62600,62100,60100,59700,70000,1.2e+06,1.2e+06,1.2e+06,1.2e+06,1.596e+06,1.596e+06,,,,,,,,,,,8.6986e+06,81.5534,86.4078,57,30.6931,57.4257,58.4158
1.50205e+06,,,,,,,,,,,,,,,,,,,,,,1181,,,,,,,
1.50214e+06,,,,,,,,,,,,,,,,,,,,,,961,,,,,,,
1.50248e+06,,,,,,,,,,,,,,,,,,,,,,1193,,,,,,,
1.5027e+06,,,,,,,,,,,,,,,,,,,,,,851,,,,,,,
1.50283e+06,,,,,,,,,,,,,,,,,,,,,,762,,,,,,,
1.50299e+06,60900,62500,61900,60100,59700,70000,1.2e+06,1.2e+06,1.2e+06,1.2e+06,1.596e+06,1.596e+06,,,,,,,,,,,8.4164e+06,83.6735,85.567,56.5657,28.7129,60.2041,60.2041
1.503e+06,,,,,,,,,,,,,,,,,,,,,,749,,,,,,,
1.50303e+06,,,,,,,,,,,,,,,,,,,,,,1147,,,,,,,
1.50339e+06,,,,,,,,,,,,,,,,,,,,,,752,,,,,,,
1.50352e+06,,,,,,,,,,,,,,,,,,,,,,899,,,,,,,
1.5036e+06,,,,,,,,,,,,,,,,,,,,,,1194,,,,,,,
1.50375e+06,,,,,,,,,,,,,,,,,,,,,,962,,,,,,,
1.50394e+06,,,,,,,,,,,,,,,,,,,,,,625,,,,,,,
1.50395e+06,,,,,,,,,,,,,24.321,,,,,,,,,,,,,,,,
1.504e+06,60900,63000,62300,60100,59700,70000,1.2e+06,1.2e+06,1.2e+06,1.2e+06,1.596e+06,1.596e+06,,,,,,,,,,,9.1636e+06,80.5825,88,61.3861,33,59.596,57.5758
1.50414e+06,,,,,,,,,,,,,,,,,,,,,,1148,,,,,,,
1.50449e+06,,,,,,,,,,,,,,,,,,,,,,763,,,,,,,
1.50472e+06,,,,,,,,,,,,,,,,,,,,,,1183,,,,,,,
1.50481e+06,,,,,,,,,,,,,,,,,,,,,,852,,,,,,,
1.505e+06,60900,62600,62300,59900,59700,70000,1.2e+06,1.2e+06,1.2e+06,1.2e+06,1.596e+06,1.596e+06,,,,,,,,,,,9.2854e+06,81,86,61,34.6939,55,59
1.50514e+06,,,,,,,,,,,,,,,,,,,,,,900,,,,,,,
1.50514e+06,,,,,,,,,,,,,,,,,,,,,,750,,,,,,,
1.50515e+06,,,,,,,,,,,,,,,,,,,,,,1195,,,,,,,
1.50536e+06,,,,,,,,,,,,,,,,,,,,,,963,,,,,,,
1.50553e+06,,,,,,,,,,,,,,,,,,,,,,753,,,,,,,
1.50571e+06,,,,,,,,,,,,,,,,,,,,,,1149,,,,,,,
1.50583e+06,,,,,,,,,,,,,,,,,,,,,,1184,,,,,,,
1.506e+06,61100,62500,61900,60100,59700,70000,1.2e+06,1.2e+06,1.2e+06,1.2e+06,1.596e+06,1.596e+06,,,,,,,,,,,9.324e+06,79,89.7959,61.3861,37,62.3762,61.6162
1.50626e+06,,,,,,,,,,,,,,,,,,,,,,1196,,,,,,,
1.50645e+06,,,,,,,,,,,,,,,,,,,,,,853,,,,,,,
1.50663e+06,,,,,,,,,,,,,,,,,,,,,,764,,,,,,,
1.50676e+06,,,,,,,,,,,,,,,,,,,,,,901,,,,,,,
1.5068e+06,,,,,,,,,,,,,,,,,,,,,,751,,,,,,,
1.50683e+06,,,,,,,,,,,,,,,,,,,,,,1150,,,,,,,
1.50694e+06,,,,,,,,,,,,,,,,,,,,,,1185,,,,,,,
1.50697e+06,,,,,,,,,,,,,,,,,,,,,,964,,,,,,,
1.507e+06,60700,62600,61900,60100,59700,70000,1.2e+06,1.2e+06,1.2e+06,1.2e+06,1.596e+06,1.596e+06,,,,,,,,,,,8.9834e+06,79.4118,85,60.396,36,60,61.6162
1.50719e+06,,,,,,,,,,,,,,,,,,,,,,754,,,,,,,
1.50737e+06,,,,,,,,,,,,,,,,,,,,,,1197,,,,,,,
1.50799e+06,60700,62500,61900,60100,59700,70000,1.2e+06,1.2e+06,1.2e+06,1.2e+06,1.596e+06,1.596e+06,,,,,,,,,,,9.7384e+06,84.8485,85.8586,58,36,61,60.6061
1.50808e+06,,,,,,,,,,,,,,,,,,,,,,854,,,,,,,
1.50838e+06,,,,,,,,,,,,,,,,,,,,,,902,,,,,,,
1.50839e+06,,,,,,,,,,,,,,,,,,,,,,1151,,,,,,,
1.5085e+06,,,,,,,,,,,,,,,,,,,,,,1186,,,,,,,
1.50859e+06,,,,,,,,,,,,,,,,,,,,,,965,,,,,,,
1.50876e+06,,,,,,,,,,,,,,,,,,,,,,765,,,,,,,
1.50879e+06,,,,,,,,,,,,,,,,,,,,,,627,,,,,,,
1.50892e+06,,,,,,,,,,,,,,,,,,,,,,1198,,,,,,,
1.50894e+06,,,,,,,,,,,,,,,,,,,,,,752,,,,,,,
1.509e+06,60900,62800,61900,59900,59700,70000,1.2e+06,1.2e+06,1.2e+06,1.2e+06,1.596e+06,1.596e+06,,,,,,,,,,,8.1026e+06,81.3725,84.8485,56.5657,27.2727,57.5758,58.5859
1.50933e+06,,,,,,,,,,,,,,,,,,,,,,755,,,,,,,
1.50951e+06,,,,,,,,,,,,,,,,,,,,,,1152,,,,,,,
1.50961e+06,,,,,,,,,,,,,,,,,,,,,,1187,,,,,,,
1.50972e+06,,,,,,,,,,,,,,,,,,,,,,855,,,,,,,
1.50972e+06,,,,,,,,,,,,,,,,,,,,,,966,,,,,,,
1.51e+06,60700,63200,62100,60100,59700,70000,1.2e+06,1.2e+06,1.2e+06,1.2e+06,1.596e+06,1.596e+06,,,,,,,,,,,7.9628e+06,82.3529,86,57,28.4314,58.4158,59
1.51e+06,,,,,,,,,,,,,,,,,,,,,,903,,,,,,,
1.51003e+06,,,,,,,,,,,,,,,,,,,,,,1199,,,,,,,
1.51042e+06,,,,,,,,,,,,,,,,,,,,,,766,,,,,,,
1.51063e+06,,,,,,,,,,,,,,,,,,,,,,1153,,,,,,,
1.51073e+06,,,,,,,,,,,,,,,,,,,,,,1188,,,,,,,
1.51084e+06,,,,,,,,,,,,,,66.54,61.02,,,,,,,,,,,,,,
1.51099e+06,61100,63000,62100,60500,59900,70000,1.2e+06,1.2e+06,1.2e+06,1.2e+06,1.596e+06,1.596e+06,,,,,,,,,,,9.3994e+06,80.6122,88.7755,64,39.1753,58.5859,58.5859
1.51108e+06,,,,,,,,,,,,,,,,,,,,,,753,,,,,,,
1.51114e+06,,,,,,,,,,,,,,,,,,,,,,1200,,,,,,,
1.51133e+06,,,,,,,,,,,,,,,,,,,,,,967,,,,,,,
1.51146e+06,,,,,,,,,,,,,,,,,,,,,,628,,,,,,,
1.51147e+06,,,,,,,,,,,,,,,,,,,,,,756,,,,,,,
1.51163e+06,,,,,,,,,,,,,,,,,,,,,,904,,,,,,,
1.51183e+06,,,,,,,,,,,,,,,,,,,,,,856,,,,,,,
1.512e+06,60900,62100,62100,60100,59500,70000,1.2e+06,1.2e+06,1.2e+06,1.2e+06,1.596e+06,1.596e+06,,,,,,,,,,,8.3166e+06,81.3725,86,58,36.6337,56.5657,58
1.51219e+06,,,,,,,,,,,,,,,,,,,,,,1154,,,,,,,
1.51225e+06,,,,,,,,,,,,,,,,,,,,,,1201,,,,,,,
1.51228e+06,,,,,,,,,,,,,,,,,,,,,,1189,,,,,,,
1.51256e+06,,,,,,,,,,,,,,,,,,,,,,767,,,,,,,
1.51274e+06,,,,,,,,,,,,,,,,,,,,,,754,,,,,,,
1.51295e+06,,,,,,,,,,,,,,,,,,,,,,968,,,,,,,
1.513e+06,61100,63200,62100,60300,59700,70000,1.2e+06,1.2e+06,1.2e+06,1.2e+06,1.596e+06,1.596e+06,,,,,,,,,,,9.273e+06,79.2079,88.8889,63,37,63.3663,64.2857
1.51313e+06,,,,,,,,,,,,,,,,,,,,,,757,,,,,,,
1.51325e+06,,,,,,,,,,,,,,,,,,,,,,905,,,,,,,
1.51331e+06,,,,,,,,,,,,,,,,,,,,,,1155,,,,,,,
1.51339e+06,,,,,,,,,,,,,,,,,,,,,,1190,,,,,,,
1.51346e+06,,,,,,,,,,,,,,,,,,,,,,857,,,,,,,
1.51364e+06,,,,,,,,,,,,,,,,,,,,,,629,,,,,,,
1.51381e+06,,,,,,,,,,,,,,,,,,,,,,1202,,,,,,,
1.514e+06,60900,63000,62300,60100,59700,70000,1.2e+06,1.2e+06,1.2e+06,1.2e+06,1.596e+06,1.596e+06,,,,,,,,,,,8.802e+06,79.4118,85,58.5859,36,59.4059,59.596
1.51401e+06,,,,,,,,,,,,,24.321,,,,,,,,,,,,,,,,
1.51451e+06,,,,,,,,,,,,,,,,,,,,,,1191,,,,,,,
1.51456e+06,,,,,,,,,,,,,,,,,,,,,,969,,,,,,,
1.51469e+06,,,,,,,,,,,,,,,,,,,,,,768,,,,,,,
1.51487e+06,,,,,,,,,,,,,,,,,,,,,,1156,,,,,,,
1.51488e+06,,,,,,,,,,,,,,,,,,,,,,755,,,,,,,
1.51488e+06,,,,,,,,,,,,,,,,,,,,,,906,,,,,,,
1.515e+06,61100,62600,62300,60100,59700,70000,1.2e+06,1.2e+06,1.2e+06,1.2e+06,1.596e+06,1.596e+06,,,,,,,,,,,9.1304e+06,83.8384,85.7143,58.4158,33.6634,60,60.6061
1.5151e+06,,,,,,,,,,,,,,,,,,,,,,858,,,,,,,
1.51527e+06,,,,,,,,,,,,,,,,,,,,,,758,,,,,,,
1.51582e+06,,,,,,,,,,,,,,,,,,,,,,630,,,,,,,
1.51599e+06,,,,,,,,,,,,,,,,,,,,,,1157,,,,,,,
1.51599e+06,60900,63200,62100,60300,59700,70000,1.2e+06,1.2e+06,1.2e+06,1.2e+06,1.596e+06,1.596e+06,,,,,,,,,,,9.6904e+06,83.1683,86,57.4257,25.7732,59.1837,60.6061
1.51603e+06,,,,,,,,,,,,,,,,,,,,,,1204,,,,,,,
1.51606e+06,,,,,,,,,,,,,,,,,,,,,,1192,,,,,,,
1.51617e+06,,,,,,,,,,,,,,,,,,,,,,970,,,,,,,
1.51635e+06,,,,,,,,,,,,,,,,,,,,,,769,,,,,,,
1.51674e+06,,,,,,,,,,,,,,,,,,,,,,859,,,,,,,
1.517e+06,60700,63200,62100,60100,59700,70000,1.2e+06,1.2e+06,1.2e+06,1.2e+06,1.596e+06,1.596e+06,,,,,,,,,,,8.9626e+06,80.3922,87,57.5758,30,58,57.5758
1.51702e+06,,,,,,,,,,,,,,,,,,,,,,756,,,,,,,
1.51717e+06,,,,,,,,,,,,,,,,,,,,,,1193,,,,,,,
1.51741e+06,,,,,,,,,,,,,,,,,,,,,,759,,,,,,,
1.51756e+06,,,,,,,,,,,,,,,,,,,,,,1158,,,,,,,
1.51758e+06,,,,,,,,,,,,,,,,,,,,,,1205,,,,,,,
1.51778e+06,,,,,,,,,,,,,,,,,,,,,,971,,,,,,,
1.518e+06,60900,62300,62100,60100,59700,70000,1.2e+06,1.2e+06,1.2e+06,1.2e+06,1.596e+06,1.596e+06,,,,,,,,,,,9.5512e+06,79,86.8687,63.7255,35,58,57.5758
1.51814e+06,,,,,,,,,,,,,,,,,,,,,,908,,,,,,,
1.51829e+06,,,,,,,,,,,,,,,,,,,,,,1194,,,,,,,
1.51849e+06,,,,,,,,,,,,,,,,,,,,,,631,,,,,,,
1.51849e+06,,,,,,,,,,,,,,,,,,,,,,770,,,,,,,
1.51868e+06,,,,,,,,,,,,,,,,,,,,,,1159,,,,,,,
1.51868e+06,,,,,,,,,,,,,,,,,,,,,,757,,,,,,,
1.51869e+06,,,,,,,,,,,,,,,,,,,,,,1206,,,,,,,
1.519e+06,60900,62100,62300,60100,59700,70000,1.2e+06,1.2e+06,1.2e+06,1.2e+06,1.596e+06,1.596e+06,,,,,,,,,,,9.6298e+06,81.3725,87.8788,58,34.6939,58,59.596
1.51907e+06,,,,,,,,,,,,,,,,,,,,,,760,,,,,,,
1.51939e+06,,,,,,,,,,,,,,,,,,,,,,972,,,,,,,
1.51976e+06,,,,,,,,,,,,,,,,,,,,,,909,,,,,,,
1.51979e+06,,,,,,,,,,,,,,,,,,,,,,1160,,,,,,,
1.51981e+06,,,,,,,,,,,,,,,,,,,,,,1207,,,,,,,
1.51984e+06,,,,,,,,,,,,,,,,,,,,,,1195,,,,,,,
1.52e+06,61100,63200,62100,60100,60100,70000,1.2e+06,1.2e+06,1.2e+06,1.2e+06,1.596e+06,1.596e+06,,,,,,,,,,,8.6004e+06,79,87.8788,64.3564,37.8641,63.6364,64.6465
1.52014e+06,,,,,,,,,,,,,,,,,,,,,,771,,,,,,,
1.52048e+06,,,,,,,,,,,,,,,,,,,,,,861,,,,,,,
1.52067e+06,,,,,,,,,,,,,,,,,,,,,,632,,,,,,,
1.52083e+06,,,,,,,,,,,,,,,,,,,,,,758,,,,,,,
1.52096e+06,,,,,,,,,,,,,,,,,,,,,,1196,,,,,,,
1.521e+06,61100,63200,61900,60100,60100,70000,1.2e+06,1.2e+06,1.2e+06,1.2e+06,1.596e+06,1.596e+06,,,,,,,,,,,9.4024e+06,80.198,85,57.4257,35.3535,59.4059,59
1.521e+06,,,,,,,,,,,,,,66.54,60.86,,,,,,,,,,,,,,
1.52101e+06,,,,,,,,,,,,,,,,,,,,,,973,,,,,,,
1.52121e+06,,,,,,,,,,,,,,,,,,,,,,761,,,,,,,
1.52136e+06,,,,,,,,,,,,,,,,,,,,,,1161,,,,,,,
1.52137e+06,,,,,,,,,,,,,,,,,,,,,,1208,,,,,,,
1.52139e+06,,,,,,,,,,,,,,,,,,,,,,910,,,,,,,
1.522e+06,60700,63200,62100,59900,59700,70000,1.2e+06,1.2e+06,1.2e+06,1.2e+06,1.596e+06,1.596e+06,,,,,,,,,,,8.9512e+06,83.1683,85.7143,56.5657,30.303,59,59.596
1.52212e+06,,,,,,,,,,,,,,,,,,,,,,862,,,,,,,
1.52214e+06,,,,,,,,,,,,,,,,,,,,,,974,,,,,,,
1.52228e+06,,,,,,,,,,,,,,,,,,,,,,772,,,,,,,
1.52248e+06,,,,,,,,,,,,,,,,,,,,,,1209,,,,,,,
1.52248e+06,,,,,,,,,,,,,,,,,,,,,,1162,,,,,,,
1.52252e+06,,,,,,,,,,,,,,,,,,,,,,1197,,,,,,,
1.52296e+06,,,,,,,,,,,,,,,,,,,,,,759,,,,,,,
1.52299e+06,60900,63200,61900,60100,59700,70000,1.2e+06,1.2e+06,1.2e+06,1.2e+06,1.596e+06,1.596e+06,,,,,,,,,,,9.0384e+06,84,86,56.4356,29.2929,59.596,60.6061
1.52334e+06,,,,,,,,,,,,,,,,,,,,,,633,,,,,,,
1.52335e+06,,,,,,,,,,,,,,,,,,,,,,762,,,,,,,
1.52349e+06,,,,,,,,,,,,,,,,,,,,,,911,,,,,,,
1.52359e+06,,,,,,,,,,,,,,,,,,,,,,1210,,,,,,,
1.52363e+06,,,,,,,,,,,,,,,,,,,,,,1198,,,,,,,
1.52375e+06,,,,,,,,,,,,,,,,,,,,,,975,,,,,,,
1.52376e+06,,,,,,,,,,,,,,,,,,,,,,863,,,,,,,
1.524e+06,60700,63000,62100,60100,59700,70000,1.2e+06,1.2e+06,1.2e+06,1.2e+06,1.596e+06,1.596e+06,,,,,,,,,,,9.6404e+06,80.3922,87.8788,60,32,60,58
1.52409e+06,,,,,,,,,,,,,24.332,,,,,,,,,,,,,,,,
1.52442e+06,,,,,,,,,,,,,,,,,,,,,,773,,,,,,,
1.52463e+06,,,,,,,,,,,,,,,,,,,,,,760,,,,,,,
1.52474e+06,,,,,,,,,,,,,,,,,,,,,,1199,,,,,,,
1.525e+06,60700,62100,62300,60100,59700,70000,1.2e+06,1.2e+06,1.2e+06,1.2e+06,1.596e+06,1.596e+06,,,,,,,,,,,9.1256e+06,81.1881,85.8586,62.3762,37.6238,56,58.5859
1.52501e+06,,,,,,,,,,,,,,,,,,,,,,763,,,,,,,
1.52512e+06,,,,,,,,,,,,,,,,,,,,,,912,,,,,,,
1.52514e+06,,,,,,,,,,,,,,,,,,,,,,1211,,,,,,,
1.52516e+06,,,,,,,,,,,,,,,,,,,,,,1164,,,,,,,
1.52537e+06,,,,,,,,,,,,,,,,,,,,,,976,,,,,,,
1.52552e+06,,,,,,,,,,,,,,,,,,,,,,634,,,,,,,
1.52587e+06,,,,,,,,,,,,,,,,,,,,,,864,,,,,,,
1.52599e+06,61100,62100,62300,60100,59700,70000,1.2e+06,1.2e+06,1.2e+06,1.2e+06,1.596e+06,1.596e+06,,,,,,,,,,,8.9984e+06,80.198,89,59.596,36,59.596,60
1.52608e+06,,,,,,,,,,,,,,,,,,,,,,774,,,,,,,
1.52625e+06,,,,,,,,,,,,,,,,,,,,,,1212,,,,,,,
1.52628e+06,,,,,,,,,,,,,,,,,,,,,,1165,,,,,,,
1.52631e+06,,,,,,,,,,,,,,,,,,,,,,1200,,,,,,,
1.52674e+06,,,,,,,,,,,,,,,,,,,,,,913,,,,,,,
1.52677e+06,,,,,,,,,,,,,,,,,,,,,,761,,,,,,,
1.52698e+06,,,,,,,,,,,,,,,,,,,,,,977,,,,,,,
1.527e+06,61100,63000,62300,60100,59700,70000,1.2e+06,1.2e+06,1.2e+06,1.2e+06,1.596e+06,1.596e+06,,,,,,,,,,,9.2244e+06,80.3922,85.8586,62.3762,35.3535,62,64.2857
1.52715e+06,,,,,,,,,,,,,,,,,,,,,,764,,,,,,,
1.52736e+06,,,,,,,,,,,,,,,,,,,,,,1213,,,,,,,
1.52741e+06,,,,,,,,,,,,,,,,,,,,,,1201,,,,,,,
1.5275e+06,,,,,,,,,,,,,,,,,,,,,,865,,,,,,,
1.5277e+06,,,,,,,,,,,,,,,,,,,,,,635,,,,,,,
1.52784e+06,,,,,,,,,,,,,,,,,,,,,,1166,,,,,,,
1.528e+06,61100,63000,62100,60100,59700,70000,1.2e+06,1.2e+06,1.2e+06,1.2e+06,1.596e+06,1.596e+06,,,,,,,,,,,9.2764e+06,82,85.7143,58.4158,35.6436,59,59
1.52821e+06,,,,,,,,,,,,,,,,,,,,,,775,,,,,,,
1.52837e+06,,,,,,,,,,,,,,,,,,,,,,914,,,,,,,
1.52852e+06,,,,,,,,,,,,,,,,,,,,,,1202,,,,,,,
1.52859e+06,,,,,,,,,,,,,,,,,,,,,,978,,,,,,,
1.52891e+06,,,,,,,,,,,,,,,,,,,,,,762,,,,,,,
1.52891e+06,,,,,,,,,,,,,,,,,,,,,,1214,,,,,,,
1.52896e+06,,,,,,,,,,,,,,,,,,,,,,1167,,,,,,,
1.529e+06,60700,63000,61900,59900,59900,70000,1.2e+06,1.2e+06,1.2e+06,1.2e+06,1.596e+06,1.596e+06,,,,,,,,,,,9.0446e+06,81.3725,85.1485,56,30.303,57.4257,58
1.52914e+06,,,,,,,,,,,,,,,,,,,,,,866,,,,,,,
1.52929e+06,,,,,,,,,,,,,,,,,,,,,,765,,,,,,,
1.52987e+06,,,,,,,,,,,,,,,,,,,,,,776,,,,,,,
1.53e+06,60700,62800,61900,59900,59500,70000,1.2e+06,1.2e+06,1.2e+06,1.2e+06,1.596e+06,1.596e+06,,,,,,,,,,,9.5346e+06,82.8283,85.8586,56.4356,27.2727,59.596,60.6061
1.53e+06,,,,,,,,,,,,,,,,,,,,,,915,,,,,,,
1.53003e+06,,,,,,,,,,,,,,,,,,,,,,1215,,,,,,,
1.53008e+06,,,,,,,,,,,,,,,,,,,,,,1203,,,,,,,
1.5302e+06,,,,,,,,,,,,,,,,,,,,,,979,,,,,,,
1.53037e+06,,,,,,,,,,,,,,,,,,,,,,636,,,,,,,
1.53053e+06,,,,,,,,,,,,,,,,,,,,,,1168,,,,,,,
1.53057e+06,,,,,,,,,,,,,,,,,,,,,,763,,,,,,,
1.53078e+06,,,,,,,,,,,,,,,,,,,,,,867,,,,,,,
1.53095e+06,,,,,,,,,,,,,,,,,,,,,,766,,,,,,,
1.531e+06,60700,62800,61700,59900,59500,70000,1.2e+06,1.2e+06,1.2e+06,1.2e+06,1.596e+06,1.596e+06,,,,,,,,,,,9.53e+06,80.3922,88,62,33,59,59
1.53113e+06,,,,,,,,,,,,,,,,,,,,,,1216,,,,,,,
1.53115e+06,,,,,,,,,,,,,,66.29,60.65,,,,,,,,,,,,,,
1.53119e+06,,,,,,,,,,,,,,,,,,,,,,1204,,,,,,,
1.53163e+06,,,,,,,,,,,,,,,,,,,,,,916,,,,,,,
1.53165e+06,,,,,,,,,,,,,,,,,,,,,,1169,,,,,,,
1.53182e+06,,,,,,,,,,,,,,,,,,,,,,980,,,,,,,
1.532e+06,60900,62300,61900,59900,59500,70000,1.2e+06,1.2e+06,1.2e+06,1.2e+06,1.596e+06,1.596e+06,,,,,,,,,,,9.6272e+06,82.1782,86.8687,61,37,57,58.1633
1.53201e+06,,,,,,,,,,,,,,,,,,,,,,777,,,,,,,
1.5323e+06,,,,,,,,,,,,,,,,,,,,,,1205,,,,,,,
1.53256e+06,,,,,,,,,,,,,,,,,,,,,,637,,,,,,,
1.53269e+06,,,,,,,,,,,,,,,,,,,,,,1217,,,,,,,
1.53272e+06,,,,,,,,,,,,,,,,,,,,,,764,,,,,,,
1.53277e+06,,,,,,,,,,,,,,,,,,,,,,1170,,,,,,,
1.53288e+06,,,,,,,,,,,,,,,,,,,,,,868,,,,,,,
1.533e+06,60900,62500,61900,60100,59700,70000,1.2e+06,1.2e+06,1.2e+06,1.2e+06,1.596e+06,1.596e+06,,,,,,,,,,,8.5768e+06,79.2079,89,61.3861,36.3636,61.6162,62
1.53309e+06,,,,,,,,,,,,,,,,,,,,,,767,,,,,,,
1.53325e+06,,,,,,,,,,,,,,,,,,,,,,917,,,,,,,
1.53343e+06,,,,,,,,,,,,,,,,,,,,,,981,,,,,,,
1.53386e+06,,,,,,,,,,,,,,,,,,,,,,1206,,,,,,,
1.534e+06,60900,62800,61900,59900,59700,70000,1.2e+06,1.2e+06,1.2e+06,1.2e+06,1.596e+06,1.596e+06,,,,,,,,,,,8.825e+06,80.3922,85.7143,60,34.0206,59.596,61.6162
1.53414e+06,,,,,,,,,,,,,,,,,,,,,,778,,,,,,,
1.53415e+06,,,,,,,,,,,,,24.343,,,,,,,,,,,,,,,,
1.53433e+06,,,,,,,,,,,,,,,,,,,,,,1171,,,,,,,
1.53452e+06,,,,,,,,,,,,,,,,,,,,,,869,,,,,,,
1.53456e+06,,,,,,,,,,,,,,,,,,,,,,982,,,,,,,
1.53486e+06,,,,,,,,,,,,,,,,,,,,,,765,,,,,,,
1.53488e+06,,,,,,,,,,,,,,,,,,,,,,918,,,,,,,
1.53491e+06,,,,,,,,,,,,,,,,,,,,,,1219,,,,,,,
1.53497e+06,,,,,,,,,,,,,,,,,,,,,,1207,,,,,,,
1.53499e+06,60900,62800,62100,59900,59700,70000,1.2e+06,1.2e+06,1.2e+06,1.2e+06,1.596e+06,1.596e+06,,,,,,,,,,,9.3864e+06,84,85,57.4257,36.6337,60.396,60.6061
1.53523e+06,,,,,,,,,,,,,,,,,,,,,,768,,,,,,,
1.53545e+06,,,,,,,,,,,,,,,,,,,,,,1172,,,,,,,
1.5358e+06,,,,,,,,,,,,,,,,,,,,,,779,,,,,,,
1.536e+06,60700,62800,61900,60100,59700,70000,1.2e+06,1.2e+06,1.2e+06,1.2e+06,1.596e+06,1.596e+06,,,,,,,,,,,9.3918e+06,81.3725,85.8586,57,28.2828,57.5758,58.1633
1.53616e+06,,,,,,,,,,,,,,,,,,,,,,870,,,,,,,
1.53617e+06,,,,,,,,,,,,,,,,,,,,,,983,,,,,,,
1.53646e+06,,,,,,,,,,,,,,,,,,,,,,1220,,,,,,,
1.5365e+06,,,,,,,,,,,,,,,,,,,,,,919,,,,,,,
1.53689e+06,,,,,,,,,,,,,,,,,,,,,,769,,,,,,,
1.53699e+06,60700,62600,62100,60100,59500,70000,1.2e+06,1.2e+06,1.2e+06,1.2e+06,1.596e+06,1.596e+06,,,,,,,,,,,9.593e+06,81.1881,86,56,28.4314,58.4158,59.4059
1.53701e+06,,,,,,,,,,,,,,,,,,,,,,766,,,,,,,
1.53701e+06,,,,,,,,,,,,,,,,,,,,,,1173,,,,,,,
1.53741e+06,,,,,,,,,,,,,,,,,,,,,,639,,,,,,,
1.53757e+06,,,,,,,,,,,,,,,,,,,,,,1221,,,,,,,
1.53764e+06,,,,,,,,,,,,,,,,,,,,,,1209,,,,,,,
1.53779e+06,,,,,,,,,,,,,,,,,,,,,,984,,,,,,,
1.53779e+06,,,,,,,,,,,,,,,,,,,,,,871,,,,,,,
1.53794e+06,,,,,,,,,,,,,,,,,,,,,,780,,,,,,,
1.538e+06,60900,63200,61900,60100,59500,70000,1.2e+06,1.2e+06,1.2e+06,1.2e+06,1.596e+06,1.596e+06,,,,,,,,,,,8.8028e+06,80,88,63.3663,35.3535,59.1837,58.5859
1.53813e+06,,,,,,,,,,,,,,,,,,,,,,920,,,,,,,
1.53813e+06,,,,,,,,,,,,,,,,,,,,,,1174,,,,,,,
1.53866e+06,,,,,,,,,,,,,,,,,,,,,,767,,,,,,,
1.53869e+06,,,,,,,,,,,,,,,,,,,,,,1222,,,,,,,
1.53875e+06,,,,,,,,,,,,,,,,,,,,,,1210,,,,,,,
1.539e+06,61100,62300,62100,60100,59500,70000,1.2e+06,1.2e+06,1.2e+06,1.2e+06,1.596e+06,1.596e+06,,,,,,,,,,,9.3788e+06,81.1881,85.7143,58,35.3535,56.5657,57.5758
1.53903e+06,,,,,,,,,,,,,,,,,,,,,,770,,,,,,,
1.5394e+06,,,,,,,,,,,,,,,,,,,,,,985,,,,,,,
1.53943e+06,,,,,,,,,,,,,,,,,,,,,,872,,,,,,,
1.5397e+06,,,,,,,,,,,,,,,,,,,,,,1175,,,,,,,
1.53986e+06,,,,,,,,,,,,,,,,,,,,,,1211,,,,,,,
1.54e+06,61100,62800,62300,60500,59900,70000,1.2e+06,1.2e+06,1.2e+06,1.2e+06,1.596e+06,1.596e+06,,,,,,,,,,,8.1852e+06,80.198,89.899,64,37.6238,63,64.6465
1.54007e+06,,,,,,,,,,,,,,,,,,,,,,781,,,,,,,
1.54008e+06,,,,,,,,,,,,,,,,,,,,,,640,,,,,,,
1.54024e+06,,,,,,,,,,,,,,,,,,,,,,1223,,,,,,,
1.54024e+06,,,,,,,,,,,,,,,,,,,,,,921,,,,,,,
1.5408e+06,,,,,,,,,,,,,,,,,,,,,,768,,,,,,,
1.54081e+06,,,,,,,,,,,,,,,,,,,,,,1176,,,,,,,
1.54099e+06,60700,62600,61900,60100,59900,70000,1.2e+06,1.2e+06,1.2e+06,1.2e+06,1.596e+06,1.596e+06,,,,,,,,,,,9.8032e+06,79.2079,85,58.8235,35,58.1633,59.596
1.54101e+06,,,,,,,,,,,,,,,,,,,,,,986,,,,,,,
1.54117e+06,,,,,,,,,,,,,,,,,,,,,,771,,,,,,,
1.54128e+06,,,,,,,,,,,,,,66.21,60.61,,,,,,,,,,,,,,
1.54135e+06,,,,,,,,,,,,,,,,,,,,,,1224,,,,,,,
1.54142e+06,,,,,,,,,,,,,,,,,,,,,,1212,,,,,,,
1.54154e+06,,,,,,,,,,,,,,,,,,,,,,873,,,,,,,
1.54173e+06,,,,,,,,,,,,,,,,,,,,,,782,,,,,,,
1.54186e+06,,,,,,,,,,,,,,,,,,,,,,922,,,,,,,
1.54193e+06,,,,,,,,,,,,,,,,,,,,,,1177,,,,,,,
1.54199e+06,61100,62600,62300,60500,59700,70000,1.2e+06,1.2e+06,1.2e+06,1.2e+06,1.596e+06,1.596e+06,,,,,,,,,,,9.5826e+06,84,85.8586,60.396,35.0515,61.165,59.596
1.54226e+06,,,,,,,,,,,,,,,,,,,,,,641,,,,,,,
1.54246e+06,,,,,,,,,,,,,,,,,,,,,,1225,,,,,,,
1.54253e+06,,,,,,,,,,,,,,,,,,,,,,1213,,,,,,,
1.54262e+06,,,,,,,,,,,,,,,,,,,,,,987,,,,,,,
1.54283e+06,,,,,,,,,,,,,,,,,,,,,,772,,,,,,,
1.54294e+06,,,,,,,,,,,,,,,,,,,,,,769,,,,,,,
1.543e+06,60900,62500,62300,60300,59700,70000,1.2e+06,1.2e+06,1.2e+06,1.2e+06,1.596e+06,1.596e+06,,,,,,,,,,,9.5938e+06,83.1683,85,57,29.4118,59.596,60.6061
1.54317e+06,,,,,,,,,,,,,,,,,,,,,,874,,,,,,,
1.54348e+06,,,,,,,,,,,,,,,,,,,,,,923,,,,,,,
1.5435e+06,,,,,,,,,,,,,,,,,,,,,,1178,,,,,,,
1.54357e+06,,,,,,,,,,,,,,,,,,,,,,1226,,,,,,,
1.54365e+06,,,,,,,,,,,,,,,,,,,,,,1214,,,,,,,
1.54387e+06,,,,,,,,,,,,,,,,,,,,,,783,,,,,,,
1.544e+06,60900,63000,62100,60100,59900,70000,1.2e+06,1.2e+06,1.2e+06,1.2e+06,1.596e+06,1.596e+06,,,,,,,,,,,8.0068e+06,80.5825,87.8788,57.5758,31,58.5859,58.5859
1.54421e+06,,,,,,,,,,,,,24.343,,,,,,,,,,,,,,,,
1.54424e+06,,,,,,,,,,,,,,,,,,,,,,988,,,,,,,
1.54444e+06,,,,,,,,,,,,,,,,,,,,,,642,,,,,,,
1.5446e+06,,,,,,,,,,,,,,,,,,,,,,770,,,,,,,
1.54462e+06,,,,,,,,,,,,,,,,,,,,,,1179,,,,,,,
1.54481e+06,,,,,,,,,,,,,,,,,,,,,,875,,,,,,,
1.54497e+06,,,,,,,,,,,,,,,,,,,,,,773,,,,,,,
1.545e+06,60700,62800,61900,60100,59700,70000,1.2e+06,1.2e+06,1.2e+06,1.2e+06,1.596e+06,1.596e+06,,,,,,,,,,,8.4448e+06,79.798,86.8687,64.3564,37,57,57
1.54511e+06,,,,,,,,,,,,,,,,,,,,,,924,,,,,,,
1.54512e+06,,,,,,,,,,,,,,,,,,,,,,1227,,,,,,,
1.5452e+06,,,,,,,,,,,,,,,,,,,,,,1215,,,,,,,
1.54553e+06,,,,,,,,,,,,,,,,,,,,,,784,,,,,,,
1.54585e+06,,,,,,,,,,,,,,,,,,,,,,989,,,,,,,
1.546e+06,61300,62600,62300,60300,59700,70000,1.2e+06,1.2e+06,1.2e+06,1.2e+06,1.596e+06,1.596e+06,,,,,,,,,,,1.03722e+07,80.3922,86.8687,57.5758,35.3535,57.5758,59.596
1.54618e+06,,,,,,,,,,,,,,,,,,,,,,1180,,,,,,,
1.54623e+06,,,,,,,,,,,,,,,,,,,,,,1228,,,,,,,
1.54631e+06,,,,,,,,,,,,,,,,,,,,,,1216,,,,,,,
1.54645e+06,,,,,,,,,,,,,,,,,,,,,,876,,,,,,,
1.54673e+06,,,,,,,,,,,,,,,,,,,,,,925,,,,,,,
1.54674e+06,,,,,,,,,,,,,,,,,,,,,,771,,,,,,,
1.54698e+06,,,,,,,,,,,,,,,,,,,,,,990,,,,,,,
1.547e+06,61100,63200,62300,60300,60100,70000,1.2e+06,1.2e+06,1.2e+06,1.2e+06,1.596e+06,1.596e+06,,,,,,,,,,,1.01138e+07,80,88,64,35.3535,64.3564,65
1.54711e+06,,,,,,,,,,,,,,,,,,,,,,643,,,,,,,
1.54711e+06,,,,,,,,,,,,,,,,,,,,,,774,,,,,,,
1.5473e+06,,,,,,,,,,,,,,,,,,,,,,1181,,,,,,,
1.54734e+06,,,,,,,,,,,,,,,,,,,,,,1229,,,,,,,
1.54743e+06,,,,,,,,,,,,,,,,,,,,,,1217,,,,,,,
1.54766e+06,,,,,,,,,,,,,,,,,,,,,,785,,,,,,,
1.54799e+06,61100,63200,62300,60500,59900,70000,1.2e+06,1.2e+06,1.2e+06,1.2e+06,1.596e+06,1.596e+06,,,,,,,,,,,8.8138e+06,80.3922,85,57.4257,36,57,58.1633
1.54835e+06,,,,,,,,,,,,,,,,,,,,,,926,,,,,,,
1.54842e+06,,,,,,,,,,,,,,,,,,,,,,1182,,,,,,,
1.54856e+06,,,,,,,,,,,,,,,,,,,,,,877,,,,,,,
1.5486e+06,,,,,,,,,,,,,,,,,,,,,,991,,,,,,,
1.54877e+06,,,,,,,,,,,,,,,,,,,,,,775,,,,,,,
1.54888e+06,,,,,,,,,,,,,,,,,,,,,,772,,,,,,,
1.54889e+06,,,,,,,,,,,,,,,,,,,,,,1230,,,,,,,
1.54898e+06,,,,,,,,,,,,,,,,,,,,,,1218,,,,,,,
1.549e+06,60700,62600,62300,60100,59900,70000,1.2e+06,1.2e+06,1.2e+06,1.2e+06,1.596e+06,1.596e+06,,,,,,,,,,,8.4722e+06,83.1683,85.7143,57.4257,32,60,59.596
1.54929e+06,,,,,,,,,,,,,,,,,,,,,,644,,,,,,,
1.5498e+06,,,,,,,,,,,,,,,,,,,,,,786,,,,,,,
1.54998e+06,,,,,,,,,,,,,,,,,,,,,,927,,,,,,,
1.54998e+06,,,,,,,,,,,,,,,,,,,,,,1183,,,,,,,
1.55e+06,60900,62800,62100,60100,59900,70000,1.2e+06,1.2e+06,1.2e+06,1.2e+06,1.596e+06,1.596e+06,,,,,,,,,,,8.9246e+06,83,86,57,26.5306,60,60.6061
1.55001e+06,,,,,,,,,,,,,,,,,,,,,,1231,,,,,,,
1.5501e+06,,,,,,,,,,,,,,,,,,,,,,1219,,,,,,,
1.55019e+06,,,,,,,,,,,,,,,,,,,,,,878,,,,,,,
1.55021e+06,,,,,,,,,,,,,,,,,,,,,,992,,,,,,,
1.55054e+06,,,,,,,,,,,,,,,,,,,,,,773,,,,,,,
1.55091e+06,,,,,,,,,,,,,,,,,,,,,,776,,,,,,,
1.551e+06,61100,63200,62100,60300,60100,70000,1.2e+06,1.2e+06,1.2e+06,1.2e+06,1.596e+06,1.596e+06,,,,,,,,,,,8.985e+06,80.198,87.8788,60.396,32.6733,59.596,59
1.5511e+06,,,,,,,,,,,,,,,,,,,,,,1184,,,,,,,
1.55112e+06,,,,,,,,,,,,,,,,,,,,,,1232,,,,,,,
1.5514e+06,,,,,,,,,,,,,,66.25,60.65,,,,,,,,,,,,,,
1.55146e+06,,,,,,,,,,,,,,,,,,,,,,787,,,,,,,
1.5516e+06,,,,,,,,,,,,,,,,,,,,,,928,,,,,,,
1.55182e+06,,,,,,,,,,,,,,,,,,,,,,993,,,,,,,
1.55183e+06,,,,,,,,,,,,,,,,,,,,,,879,,,,,,,
1.55196e+06,,,,,,,,,,,,,,,,,,,,,,645,,,,,,,
1.55199e+06,61100,62500,62300,60100,59700,70000,1.2e+06,1.2e+06,1.2e+06,1.2e+06,1.596e+06,1.596e+06,,,,,,,,,,,9.7906e+06,80.198,85.8586,62,40.404,55,57.5758
1.55267e+06,,,,,,,,,,,,,,,,,,,,,,1233,,,,,,,
1.55268e+06,,,,,,,,,,,,,,,,,,,,,,774,,,,,,,
1.55277e+06,,,,,,,,,,,,,,,,,,,,,,1221,,,,,,,
1.55299e+06,61100,62800,62300,60300,59900,70000,1.2e+06,1.2e+06,1.2e+06,1.2e+06,1.596e+06,1.596e+06,,,,,,,,,,,9.1538e+06,79.4118,89,60,33.6735,59.596,60.6061
1.55305e+06,,,,,,,,,,,,,,,,,,,,,,777,,,,,,,
1.55322e+06,,,,,,,,,,,,,,,,,,,,,,929,,,,,,,
1.55343e+06,,,,,,,,,,,,,,,,,,,,,,994,,,,,,,
1.55347e+06,,,,,,,,,,,,,,,,,,,,,,880,,,,,,,
1.55359e+06,,,,,,,,,,,,,,,,,,,,,,788,,,,,,,
1.55378e+06,,,,,,,,,,,,,,,,,,,,,,1234,,,,,,,
1.55378e+06,,,,,,,,,,,,,,,,,,,,,,1186,,,,,,,
1.55388e+06,,,,,,,,,,,,,,,,,,,,,,1222,,,,,,,
1.554e+06,61100,63200,62300,60100,59700,70000,1.2e+06,1.2e+06,1.2e+06,1.2e+06,1.596e+06,1.596e+06,,,,,,,,,,,9.6606e+06,80,86.8687,63,35.6436,62.6263,63.6364
1.55414e+06,,,,,,,,,,,,,,,,,,,,,,646,,,,,,,
1.55428e+06,,,,,,,,,,,,,24.343,,,,,,,,,,,,,,,,
1.55471e+06,,,,,,,,,,,,,,,,,,,,,,778,,,,,,,
1.55485e+06,,,,,,,,,,,,,,,,,,,,,,930,,,,,,,
1.55489e+06,,,,,,,,,,,,,,,,,,,,,,1235,,,,,,,
1.5549e+06,,,,,,,,,,,,,,,,,,,,,,1187,,,,,,,
1.55499e+06,,,,,,,,,,,,,,,,,,,,,,1223,,,,,,,
1.555e+06,61100,63400,62300,60100,59900,70000,1.2e+06,1.2e+06,1.2e+06,1.2e+06,1.596e+06,1.596e+06,,,,,,,,,,,8.2822e+06,82.1782,85,57.4257,36,59,59.596
1.55504e+06,,,,,,,,,,,,,,,,,,,,,,995,,,,,,,
1.55525e+06,,,,,,,,,,,,,,,,,,,,,,789,,,,,,,
1.55557e+06,,,,,,,,,,,,,,,,,,,,,,881,,,,,,,
1.55601e+06,61100,63200,61900,60300,59900,70000,1.2e+06,1.2e+06,1.2e+06,1.2e+06,1.596e+06,1.596e+06,,,,,,,,,,,8.127e+06,81.5534,86,56.4356,31.3725,58.4158,58.4158
1.55632e+06,,,,,,,,,,,,,,,,,,,,,,647,,,,,,,
1.55644e+06,,,,,,,,,,,,,,,,,,,,,,1236,,,,,,,
1.55647e+06,,,,,,,,,,,,,,,,,,,,,,1188,,,,,,,
1.55647e+06,,,,,,,,,,,,,,,,,,,,,,931,,,,,,,
1.55648e+06,,,,,,,,,,,,,,,,,,,,,,776,,,,,,,
1.55655e+06,,,,,,,,,,,,,,,,,,,,,,1224,,,,,,,
1.55666e+06,,,,,,,,,,,,,,,,,,,,,,996,,,,,,,
1.55685e+06,,,,,,,,,,,,,,,,,,,,,,779,,,,,,,
1.557e+06,61100,63200,61900,60100,59700,70000,1.2e+06,1.2e+06,1.2e+06,1.2e+06,1.596e+06,1.596e+06,,,,,,,,,,,9.2006e+06,82.6531,85,56.1224,29,58.5859,60.2041
1.55721e+06,,,,,,,,,,,,,,,,,,,,,,882,,,,,,,
1.55739e+06,,,,,,,,,,,,,,,,,,,,,,790,,,,,,,
1.55756e+06,,,,,,,,,,,,,,,,,,,,,,1237,,,,,,,
1.55759e+06,,,,,,,,,,,,,,,,,,,,,,1189,,,,,,,
1.55766e+06,,,,,,,,,,,,,,,,,,,,,,1225,,,,,,,
1.558e+06,61100,63200,62300,60300,60100,70000,1.2e+06,1.2e+06,1.2e+06,1.2e+06,1.596e+06,1.596e+06,,,,,,,,,,,8.9744e+06,80.198,88.7755,61.7647,33.6735,59.1837,58.4158
1.5581e+06,,,,,,,,,,,,,,,,,,,,,,932,,,,,,,
1.55827e+06,,,,,,,,,,,,,,,,,,,,,,997,,,,,,,
1.55863e+06,,,,,,,,,,,,,,,,,,,,,,777,,,,,,,
1.55867e+06,,,,,,,,,,,,,,,,,,,,,,1238,,,,,,,
1.55877e+06,,,,,,,,,,,,,,,,,,,,,,1226,,,,,,,
1.55885e+06,,,,,,,,,,,,,,,,,,,,,,883,,,,,,,
1.55899e+06,,,,,,,,,,,,,,,,,,,,,,780,,,,,,,
1.55899e+06,60700,62100,62100,60100,59900,70000,1.2e+06,1.2e+06,1.2e+06,1.2e+06,1.596e+06,1.596e+06,,,,,,,,,,,8.4402e+06,81.3725,86,60,36,57,58.1633
1.559e+06,,,,,,,,,,,,,,,,,,,,,,648,,,,,,,
1.5594e+06,,,,,,,,,,,,,,,,,,,,,,998,,,,,,,
1.55953e+06,,,,,,,,,,,,,,,,,,,,,,791,,,,,,,
1.55973e+06,,,,,,,,,,,,,,,,,,,,,,933,,,,,,,
1.56e+06,61100,63400,62100,60300,59700,70000,1.2e+06,1.2e+06,1.2e+06,1.2e+06,1.596e+06,1.596e+06,,,,,,,,,,,9.3524e+06,80.198,89,61,36,61,61.6162
1.56022e+06,,,,,,,,,,,,,,,,,,,,,,1239,,,,,,,
1.56027e+06,,,,,,,,,,,,,,,,,,,,,,1191,,,,,,,
1.56033e+06,,,,,,,,,,,,,,,,,,,,,,1227,,,,,,,
1.56048e+06,,,,,,,,,,,,,,,,,,,,,,884,,,,,,,
1.56065e+06,,,,,,,,,,,,,,,,,,,,,,781,,,,,,,
1.56078e+06,,,,,,,,,,,,,,,,,,,,,,778,,,,,,,
1.561e+06,61100,63200,62300,60300,59900,70000,1.2e+06,1.2e+06,1.2e+06,1.2e+06,1.596e+06,1.596e+06,,,,,,,,,,,8.4158e+06,79.2079,85.7143,61,35.7143,60.6061,61.6162
1.56102e+06,,,,,,,,,,,,,,,,,,,,,,999,,,,,,,
1.56118e+06,,,,,,,,,,,,,,,,,,,,,,649,,,,,,,
1.56119e+06,,,,,,,,,,,,,,,,,,,,,,792,,,,,,,
1.56134e+06,,,,,,,,,,,,,,,,,,,,,,1240,,,,,,,
1.56144e+06,,,,,,,,,,,,,,,,,,,,,,1228,,,,,,,
1.56151e+06,,,,,,,,,,,,,,66.54,60.73,,,,,,,,,,,,,,
1.56184e+06,,,,,,,,,,,,,,,,,,,,,,1192,,,,,,,
1.56184e+06,,,,,,,,,,,,,,,,,,,,,,934,,,,,,,
1.562e+06,61100,63000,62100,60100,59900,70000,1.2e+06,1.2e+06,1.2e+06,1.2e+06,1.596e+06,1.596e+06,,,,,,,,,,,9.7104e+06,85.1485,86,57,35.3535,62,61
1.56245e+06,,,,,,,,,,,,,,,,,,,,,,1241,,,,,,,
1.56255e+06,,,,,,,,,,,,,,,,,,,,,,1229,,,,,,,
1.56259e+06,,,,,,,,,,,,,,,,,,,,,,885,,,,,,,
1.56263e+06,,,,,,,,,,,,,,,,,,,,,,1000,,,,,,,
1.56279e+06,,,,,,,,,,,,,,,,,,,,,,782,,,,,,,
1.56292e+06,,,,,,,,,,,,,,,,,,,,,,779,,,,,,,
1.56295e+06,,,,,,,,,,,,,,,,,,,,,,1193,,,,,,,
1.56299e+06,60700,63200,62100,60100,59900,70000,1.2e+06,1.2e+06,1.2e+06,1.2e+06,1.596e+06,1.596e+06,,,,,,,,,,,9.1204e+06,81.3725,85.8586,56.4356,28,58,58.5859
1.56332e+06,,,,,,,,,,,,,,,,,,,,,,793,,,,,,,
1.56346e+06,,,,,,,,,,,,,,,,,,,,,,935,,,,,,,
1.56385e+06,,,,,,,,,,,,,,,,,,,,,,650,,,,,,,
1.564e+06,60700,62800,62300,60100,59700,70000,1.2e+06,1.2e+06,1.2e+06,1.2e+06,1.596e+06,1.596e+06,,,,,,,,,,,8.3916e+06,81.1881,85.1485,56,29,58,59
1.56401e+06,,,,,,,,,,,,,,,,,,,,,,1242,,,,,,,
1.56407e+06,,,,,,,,,,,,,,,,,,,,,,1194,,,,,,,
1.56411e+06,,,,,,,,,,,,,,,,,,,,,,1230,,,,,,,
1.56423e+06,,,,,,,,,,,,,,,,,,,,,,886,,,,,,,
1.56424e+06,,,,,,,,,,,,,,,,,,,,,,1001,,,,,,,
1.56434e+06,,,,,,,,,,,,,24.332,,,,,,,,,,,,,,,,
1.56458e+06,,,,,,,,,,,,,,,,,,,,,,780,,,,,,,
1.56493e+06,,,,,,,,,,,,,,,,,,,,,,783,,,,,,,
1.56499e+06,60900,63200,62300,59900,59700,70000,1.2e+06,1.2e+06,1.2e+06,1.2e+06,1.596e+06,1.596e+06,,,,,,,,,,,8.3952e+06,81,88.7755,64.7059,37.6238,59.1837,58.5859
1.56509e+06,,,,,,,,,,,,,,,,,,,,,,936,,,,,,,
1.56512e+06,,,,,,,,,,,,,,,,,,,,,,1243,,,,,,,
1.56522e+06,,,,,,,,,,,,,,,,,,,,,,1231,,,,,,,
1.56546e+06,,,,,,,,,,,,,,,,,,,,,,794,,,,,,,
1.56563e+06,,,,,,,,,,,,,,,,,,,,,,1195,,,,,,,
1.56585e+06,,,,,,,,,,,,,,,,,,,,,,1002,,,,,,,
1.56587e+06,,,,,,,,,,,,,,,,,,,,,,887,,,,,,,
1.56599e+06,60700,62300,62100,60100,59700,70000,1.2e+06,1.2e+06,1.2e+06,1.2e+06,1.596e+06,1.596e+06,,,,,,,,,,,9.0062e+06,81.1881,86.8687,58,35,56.4356,58.5859
1.56603e+06,,,,,,,,,,,,,,,,,,,,,,651,,,,,,,
1.56623e+06,,,,,,,,,,,,,,,,,,,,,,1244,,,,,,,
1.56633e+06,,,,,,,,,,,,,,,,,,,,,,1232,,,,,,,
1.56659e+06,,,,,,,,,,,,,,,,,,,,,,784,,,,,,,
1.56671e+06,,,,,,,,,,,,,,,,,,,,,,937,,,,,,,
1.56672e+06,,,,,,,,,,,,,,,,,,,,,,781,,,,,,,
1.56675e+06,,,,,,,,,,,,,,,,,,,,,,1196,,,,,,,
1.567e+06,61100,63200,62500,60300,59900,70000,1.2e+06,1.2e+06,1.2e+06,1.2e+06,1.596e+06,1.596e+06,,,,,,,,,,,8.9378e+06,79.4118,88.8889,65.3465,36,63.2653,63.6364
1.56746e+06,,,,,,,,,,,,,,,,,,,,,,1003,,,,,,,
1.5675e+06,,,,,,,,,,,,,,,,,,,,,,888,,,,,,,
1.56778e+06,,,,,,,,,,,,,,,,,,,,,,1245,,,,,,,
1.56787e+06,,,,,,,,,,,,,,,,,,,,,,1197,,,,,,,
1.56789e+06,,,,,,,,,,,,,,,,,,,,,,1233,,,,,,,
1.56799e+06,60700,62800,62100,60300,59700,70000,1.2e+06,1.2e+06,1.2e+06,1.2e+06,1.596e+06,1.596e+06,,,,,,,,,,,9.2662e+06,79.2079,85.8586,59,36,57.4257,59.596
1.56833e+06,,,,,,,,,,,,,,,,,,,,,,938,,,,,,,
1.5687e+06,,,,,,,,,,,,,,,,,,,,,,652,,,,,,,
1.56873e+06,,,,,,,,,,,,,,,,,,,,,,785,,,,,,,
1.56886e+06,,,,,,,,,,,,,,,,,,,,,,782,,,,,,,
1.56889e+06,,,,,,,,,,,,,,,,,,,,,,1246,,,,,,,
1.569e+06,61100,63200,62100,60300,60100,70000,1.2e+06,1.2e+06,1.2e+06,1.2e+06,1.596e+06,1.596e+06,,,,,,,,,,,9.0978e+06,83.3333,84.8485,57.4257,33.6634,61,61
1.569e+06,,,,,,,,,,,,,,,,,,,,,,1234,,,,,,,
1.56908e+06,,,,,,,,,,,,,,,,,,,,,,1004,,,,,,,
1.56925e+06,,,,,,,,,,,,,,,,,,,,,,796,,,,,,,
1.56943e+06,,,,,,,,,,,,,,,,,,,,,,1198,,,,,,,
1.56961e+06,,,,,,,,,,,,,,,,,,,,,,889,,,,,,,
1.56996e+06,,,,,,,,,,,,,,,,,,,,,,939,,,,,,,
1.57e+06,61100,63000,62300,60300,59900,70000,1.2e+06,1.2e+06,1.2e+06,1.2e+06,1.596e+06,1.596e+06,,,,,,,,,,,8.9258e+06,83,86.1386,56.5657,27.2727,59.596,60.2041
1.57e+06,,,,,,,,,,,,,,,,,,,,,,1247,,,,,,,
1.57012e+06,,,,,,,,,,,,,,,,,,,,,,1235,,,,,,,
1.57053e+06,,,,,,,,,,,,,,,,,,,,,,783,,,,,,,
1.57055e+06,,,,,,,,,,,,,,,,,,,,,,1199,,,,,,,
1.57069e+06,,,,,,,,,,,,,,,,,,,,,,1005,,,,,,,
1.57087e+06,,,,,,,,,,,,,,,,,,,,,,786,,,,,,,
1.57087e+06,,,,,,,,,,,,,,,,,,,,,,653,,,,,,,
1.57091e+06,,,,,,,,,,,,,,,,,,,,,,797,,,,,,,
1.57099e+06,61100,63200,62100,60100,59700,70000,1.2e+06,1.2e+06,1.2e+06,1.2e+06,1.596e+06,1.596e+06,,,,,,,,,,,9.4e+06,81,87.8788,57.4257,30,58.4158,59
1.57125e+06,,,,,,,,,,,,,,,,,,,,,,890,,,,,,,
1.57158e+06,,,,,,,,,,,,,,,,,,,,,,940,,,,,,,
1.57167e+06,,,,,,,,,,,,,,66.38,60.65,,,,,,,,,,,,,,
1.57167e+06,,,,,,,,,,,,,,,,,,,,,,1236,,,,,,,
1.57182e+06,,,,,,,,,,,,,,,,,,,,,,1006,,,,,,,
1.57199e+06,61100,63000,61900,59900,59700,70000,1.2e+06,1.2e+06,1.2e+06,1.2e+06,1.596e+06,1.596e+06,,,,,,,,,,,9.4354e+06,80.198,86.8687,63.6364,37,58.5859,56.5657
1.57212e+06,,,,,,,,,,,,,,,,,,,,,,1200,,,,,,,
1.57253e+06,,,,,,,,,,,,,,,,,,,,,,787,,,,,,,
1.57267e+06,,,,,,,,,,,,,,,,,,,,,,784,,,,,,,
1.57268e+06,,,,,,,,,,,,,,,,,,,,,,1249,,,,,,,
1.57278e+06,,,,,,,,,,,,,,,,,,,,,,1237,,,,,,,
1.57288e+06,,,,,,,,,,,,,,,,,,,,,,891,,,,,,,
1.573e+06,61100,62300,62300,60100,59700,70000,1.2e+06,1.2e+06,1.2e+06,1.2e+06,1.596e+06,1.596e+06,,,,,,,,,,,8.396e+06,80.5825,86.8687,58,34.6939,58,59.596
1.57305e+06,,,,,,,,,,,,,,,,,,,,,,798,,,,,,,
1.57306e+06,,,,,,,,,,,,,,,,,,,,,,654,,,,,,,
1.57321e+06,,,,,,,,,,,,,,,,,,,,,,941,,,,,,,
1.57324e+06,,,,,,,,,,,,,,,,,,,,,,1201,,,,,,,
1.57344e+06,,,,,,,,,,,,,,,,,,,,,,1007,,,,,,,
1.5739e+06,,,,,,,,,,,,,,,,,,,,,,1238,,,,,,,
1.574e+06,61100,62800,62300,60300,59900,70000,1.2e+06,1.2e+06,1.2e+06,1.2e+06,1.596e+06,1.596e+06,,,,,,,,,,,9.173e+06,80,88,63.7255,36,63.6364,64.6465
1.57441e+06,,,,,,,,,,,,,24.332,,,,,,,,,,,,,,,,
1.57452e+06,,,,,,,,,,,,,,,,,,,,,,892,,,,,,,
1.57467e+06,,,,,,,,,,,,,,,,,,,,,,788,,,,,,,
1.5748e+06,,,,,,,,,,,,,,,,,,,,,,1202,,,,,,,
1.57481e+06,,,,,,,,,,,,,,,,,,,,,,785,,,,,,,
1.57484e+06,,,,,,,,,,,,,,,,,,,,,,942,,,,,,,
1.57499e+06,60900,62500,62300,60300,60100,70000,1.2e+06,1.2e+06,1.2e+06,1.2e+06,1.596e+06,1.596e+06,,,,,,,,,,,9.8606e+06,80.198,85.8586,57,36,58.4158,58.5859
1.57505e+06,,,,,,,,,,,,,,,,,,,,,,1008,,,,,,,
1.57518e+06,,,,,,,,,,,,,,,,,,,,,,799,,,,,,,
1.57535e+06,,,,,,,,,,,,,,,,,,,,,,1251,,,,,,,
1.57545e+06,,,,,,,,,,,,,,,,,,,,,,1239,,,,,,,
1.57573e+06,,,,,,,,,,,,,,,,,,,,,,655,,,,,,,
1.57592e+06,,,,,,,,,,,,,,,,,,,,,,1203,,,,,,,
1.576e+06,60900,62500,62300,60300,59900,70000,1.2e+06,1.2e+06,1.2e+06,1.2e+06,1.596e+06,1.596e+06,,,,,,,,,,,8.8634e+06,83.1683,85.7143,57,32,59.4059,59.596
1.57646e+06,,,,,,,,,,,,,,,,,,,,,,943,,,,,,,
1.57647e+06,,,,,,,,,,,,,,,,,,,,,,786,,,,,,,
1.57656e+06,,,,,,,,,,,,,,,,,,,,,,1240,,,,,,,
1.57663e+06,,,,,,,,,,,,,,,,,,,,,,893,,,,,,,
1.57666e+06,,,,,,,,,,,,,,,,,,,,,,1009,,,,,,,
1.57681e+06,,,,,,,,,,,,,,,,,,,,,,789,,,,,,,
1.57684e+06,,,,,,,,,,,,,,,,,,,,,,800,,,,,,,
1.57699e+06,61100,62500,61900,60100,59700,70000,1.2e+06,1.2e+06,1.2e+06,1.2e+06,1.596e+06,1.596e+06,,,,,,,,,,,9.6038e+06,83.1683,86.1386,57.5758,27.551,59.596,60.6061
1.57704e+06,,,,,,,,,,,,,,,,,,,,,,1204,,,,,,,
1.57758e+06,,,,,,,,,,,,,,,,,,,,,,1253,,,,,,,
1.57768e+06,,,,,,,,,,,,,,,,,,,,,,1241,,,,,,,
1.57791e+06,,,,,,,,,,,,,,,,,,,,,,656,,,,,,,
1.578e+06,61100,63000,62100,60100,59700,70000,1.2e+06,1.2e+06,1.2e+06,1.2e+06,1.596e+06,1.596e+06,,,,,,,,,,,9.03e+06,80.3922,88.7755,59.8039,30.303,58.5859,58.4158
1.57808e+06,,,,,,,,,,,,,,,,,,,,,,944,,,,,,,
1.57827e+06,,,,,,,,,,,,,,,,,,,,,,894,,,,,,,
1.57827e+06,,,,,,,,,,,,,,,,,,,,,,1010,,,,,,,
1.57847e+06,,,,,,,,,,,,,,,,,,,,,,790,,,,,,,
1.57861e+06,,,,,,,,,,,,,,,,,,,,,,1205,,,,,,,
1.57861e+06,,,,,,,,,,,,,,,,,,,,,,787,,,,,,,
1.57898e+06,,,,,,,,,,,,,,,,,,,,,,801,,,,,,,
1.579e+06,61100,63200,62300,60100,59700,70000,1.2e+06,1.2e+06,1.2e+06,1.2e+06,1.596e+06,1.596e+06,,,,,,,,,,,8.9454e+06,80.8081,85.8586,62.6263,36.3636,57,58.5859
1.57913e+06,,,,,,,,,,,,,,,,,,,,,,1254,,,,,,,
1.57924e+06,,,,,,,,,,,,,,,,,,,,,,1242,,,,,,,
1.57971e+06,,,,,,,,,,,,,,,,,,,,,,945,,,,,,,
1.57972e+06,,,,,,,,,,,,,,,,,,,,,,1206,,,,,,,
1.57989e+06,,,,,,,,,,,,,,,,,,,,,,1011,,,,,,,
1.5799e+06,,,,,,,,,,,,,,,,,,,,,,895,,,,,,,
1.57999e+06,61100,62500,62300,60300,59700,70000,1.2e+06,1.2e+06,1.2e+06,1.2e+06,1.596e+06,1.596e+06,,,,,,,,,,,9.0148e+06,79.2079,89,59.4059,35.7143,59.4059,60.6061
1.58024e+06,,,,,,,,,,,,,,,,,,,,,,1255,,,,,,,
1.58035e+06,,,,,,,,,,,,,,,,,,,,,,1243,,,,,,,
1.58058e+06,,,,,,,,,,,,,,,,,,,,,,657,,,,,,,
1.58061e+06,,,,,,,,,,,,,,,,,,,,,,791,,,,,,,
1.58063e+06,,,,,,,,,,,,,,,,,,,,,,802,,,,,,,
1.58075e+06,,,,,,,,,,,,,,,,,,,,,,788,,,,,,,
1.581e+06,60700,62500,62300,60300,60100,70000,1.2e+06,1.2e+06,1.2e+06,1.2e+06,1.596e+06,1.596e+06,,,,,,,,,,,9.5856e+06,80,85.8586,62.3762,36,63,63.6364
1.58129e+06,,,,,,,,,,,,,,,,,,,,,,1207,,,,,,,
1.58135e+06,,,,,,,,,,,,,,,,,,,,,,1256,,,,,,,
1.58146e+06,,,,,,,,,,,,,,,,,,,,,,1244,,,,,,,
1.5815e+06,,,,,,,,,,,,,,,,,,,,,,1012,,,,,,,
1.58154e+06,,,,,,,,,,,,,,,,,,,,,,896,,,,,,,
1.58181e+06,,,,,,,,,,,,,,,,,,,,,,946,,,,,,,
1.58188e+06,,,,,,,,,,,,,,66.50,60.73,,,,,,,,,,,,,,
1.582e+06,61300,63000,62100,60300,60100,70000,1.2e+06,1.2e+06,1.2e+06,1.2e+06,1.596e+06,1.596e+06,,,,,,,,,,,8.9276e+06,83.1683,84.8485,60,37,57.5758,59.596
1.58241e+06,,,,,,,,,,,,,,,,,,,,,,1208,,,,,,,
1.58275e+06,,,,,,,,,,,,,,,,,,,,,,792,,,,,,,
1.58276e+06,,,,,,,,,,,,,,,,,,,,,,658,,,,,,,
1.58277e+06,,,,,,,,,,,,,,,,,,,,,,803,,,,,,,
1.58289e+06,,,,,,,,,,,,,,,,,,,,,,789,,,,,,,
1.5829e+06,,,,,,,,,,,,,,,,,,,,,,1257,,,,,,,
1.58301e+06,61100,62800,62300,60300,60100,70000,1.2e+06,1.2e+06,1.2e+06,1.2e+06,1.596e+06,1.596e+06,,,,,,,,,,,8.7064e+06,81.7308,86.2745,57.8431,29,58.4158,58
1.58302e+06,,,,,,,,,,,,,,,,,,,,,,1245,,,,,,,
1.58311e+06,,,,,,,,,,,,,,,,,,,,,,1013,,,,,,,
1.58344e+06,,,,,,,,,,,,,,,,,,,,,,947,,,,,,,
1.58365e+06,,,,,,,,,,,,,,,,,,,,,,897,,,,,,,
1.58398e+06,,,,,,,,,,,,,,,,,,,,,,1209,,,,,,,
1.584e+06,60900,62800,62100,60100,59700,70000,1.2e+06,1.2e+06,1.2e+06,1.2e+06,1.596e+06,1.596e+06,,,,,,,,,,,9.7486e+06,82.6531,85.567,57.5758,26.2626,59.596,59.7938
1.58402e+06,,,,,,,,,,,,,,,,,,,,,,1258,,,,,,,
1.58413e+06,,,,,,,,,,,,,,,,,,,,,,1246,,,,,,,
1.58424e+06,,,,,,,,,,,,,,,,,,,,,,1014,,,,,,,
1.58441e+06,,,,,,,,,,,,,,,,,,,,,,793,,,,,,,
1.58448e+06,,,,,,,,,,,,,24.343,,,,,,,,,,,,,,,,
1.58455e+06,,,,,,,,,,,,,,,,,,,,,,790,,,,,,,
1.58491e+06,,,,,,,,,,,,,,,,,,,,,,804,,,,,,,
1.58494e+06,,,,,,,,,,,,,,,,,,,,,,659,,,,,,,
1.585e+06,61100,63200,62300,60300,59700,70000,1.2e+06,1.2e+06,1.2e+06,1.2e+06,1.596e+06,1.596e+06,,,,,,,,,,,9.1426e+06,80.198,88.1188,61.6162,33.6634,59.1837,58.4158
1.58506e+06,,,,,,,,,,,,,,,,,,,,,,948,,,,,,,
1.58509e+06,,,,,,,,,,,,,,,,,,,,,,1210,,,,,,,
1.58513e+06,,,,,,,,,,,,,,,,,,,,,,1259,,,,,,,
1.58524e+06,,,,,,,,,,,,,,,,,,,,,,1247,,,,,,,
1.58528e+06,,,,,,,,,,,,,,,,,,,,,,898,,,,,,,
1.58586e+06,,,,,,,,,,,,,,,,,,,,,,1015,,,,,,,
1.586e+06,61100,62600,62300,60300,59700,70000,1.2e+06,1.2e+06,1.2e+06,1.2e+06,1.596e+06,1.596e+06,,,,,,,,,,,9.8932e+06,80.5825,86.8687,60,36,56.4356,58.1633
1.58621e+06,,,,,,,,,,,,,,,,,,,,,,1211,,,,,,,
1.58655e+06,,,,,,,,,,,,,,,,,,,,,,794,,,,,,,
1.58656e+06,,,,,,,,,,,,,,,,,,,,,,805,,,,,,,
1.58668e+06,,,,,,,,,,,,,,,,,,,,,,1260,,,,,,,
1.58669e+06,,,,,,,,,,,,,,,,,,,,,,949,,,,,,,
1.58669e+06,,,,,,,,,,,,,,,,,,,,,,791,,,,,,,
1.5868e+06,,,,,,,,,,,,,,,,,,,,,,1248,,,,,,,
1.58692e+06,,,,,,,,,,,,,,,,,,,,,,899,,,,,,,
1.587e+06,61100,63000,62300,60300,59900,70000,1.2e+06,1.2e+06,1.2e+06,1.2e+06,1.596e+06,1.596e+06,,,,,,,,,,,8.7378e+06,80,88.8889,61.6162,36.3636,61.6162,62.6263
1.58747e+06,,,,,,,,,,,,,,,,,,,,,,1016,,,,,,,
1.5876e+06,,,,,,,,,,,,,,,,,,,,,,660,,,,,,,
1.58777e+06,,,,,,,,,,,,,,,,,,,,,,1212,,,,,,,
1.58779e+06,,,,,,,,,,,,,,,,,,,,,,1261,,,,,,,
1.58791e+06,,,,,,,,,,,,,,,,,,,,,,1249,,,,,,,
1.58799e+06,60900,62600,62300,60100,59700,70000,1.2e+06,1.2e+06,1.2e+06,1.2e+06,1.596e+06,1.596e+06,,,,,,,,,,,8.437e+06,80.3922,84.8485,60.7843,38.835,60.396,61.6162
1.58831e+06,,,,,,,,,,,,,,,,,,,,,,950,,,,,,,
1.58856e+06,,,,,,,,,,,,,,,,,,,,,,900,,,,,,,
1.58869e+06,,,,,,,,,,,,,,,,,,,,,,795,,,,,,,
1.5887e+06,,,,,,,,,,,,,,,,,,,,,,806,,,,,,,
1.58883e+06,,,,,,,,,,,,,,,,,,,,,,792,,,,,,,
1.58889e+06,,,,,,,,,,,,,,,,,,,,,,1213,,,,,,,
1.5889e+06,,,,,,,,,,,,,,,,,,,,,,1262,,,,,,,
1.589e+06,61100,63400,62300,60100,59900,70000,1.2e+06,1.2e+06,1.2e+06,1.2e+06,1.596e+06,1.596e+06,,,,,,,,,,,8.347e+06,84,86,57,35.3535,60.6061,60.396
1.58902e+06,,,,,,,,,,,,,,,,,,,,,,1250,,,,,,,
1.58908e+06,,,,,,,,,,,,,,,,,,,,,,1017,,,,,,,
1.58979e+06,,,,,,,,,,,,,,,,,,,,,,661,,,,,,,
1.58999e+06,61100,63200,62300,60100,60100,70000,1.2e+06,1.2e+06,1.2e+06,1.2e+06,1.596e+06,1.596e+06,,,,,,,,,,,9.1148e+06,81,85.7143,57,27.551,58,58.1633
1.59035e+06,,,,,,,,,,,,,,,,,,,,,,796,,,,,,,
1.59046e+06,,,,,,,,,,,,,,,,,,,,,,1214,,,,,,,
1.59046e+06,,,,,,,,,,,,,,,,,,,,,,1263,,,,,,,
1.5905e+06,,,,,,,,,,,,,,,,,,,,,,793,,,,,,,
1.59058e+06,,,,,,,,,,,,,,,,,,,,,,1251,,,,,,,
1.59067e+06,,,,,,,,,,,,,,,,,,,,,,901,,,,,,,
1.59069e+06,,,,,,,,,,,,,,,,,,,,,,1018,,,,,,,
1.59084e+06,,,,,,,,,,,,,,,,,,,,,,807,,,,,,,
1.591e+06,61100,63200,62300,60100,59700,70000,1.2e+06,1.2e+06,1.2e+06,1.2e+06,1.596e+06,1.596e+06,,,,,,,,,,,8.2906e+06,82.5243,85.1485,56.3107,30.3922,58.4158,59.4059
1.59156e+06,,,,,,,,,,,,,,,,,,,,,,952,,,,,,,
1.59157e+06,,,,,,,,,,,,,,,,,,,,,,1264,,,,,,,
1.59158e+06,,,,,,,,,,,,,,,,,,,,,,1215,,,,,,,
1.59169e+06,,,,,,,,,,,,,,,,,,,,,,1252,,,,,,,
1.592e+06,61100,62800,62300,60100,59900,70000,1.2e+06,1.2e+06,1.2e+06,1.2e+06,1.596e+06,1.596e+06,,,,,,,,,,,8.5976e+06,80,88.7755,63.6364,39.3939,59.1837,59
1.59201e+06,,,,,,,,,,,,,,66.62,60.77,,,,,,,,,,,,,,
1.5923e+06,,,,,,,,,,,,,,,,,,,,,,902,,,,,,,
1.59231e+06,,,,,,,,,,,,,,,,,,,,,,1019,,,,,,,
1.59246e+06,,,,,,,,,,,,,,,,,,,,,,662,,,,,,,
1.59249e+06,,,,,,,,,,,,,,,,,,,,,,797,,,,,,,
1.5925e+06,,,,,,,,,,,,,,,,,,,,,,808,,,,,,,
1.59268e+06,,,,,,,,,,,,,,,,,,,,,,1265,,,,,,,
1.5927e+06,,,,,,,,,,,,,,,,,,,,,,1216,,,,,,,
1.5928e+06,,,,,,,,,,,,,,,,,,,,,,1253,,,,,,,
1.593e+06,61100,62100,62300,60100,59700,70000,1.2e+06,1.2e+06,1.2e+06,1.2e+06,1.596e+06,1.596e+06,,,,,,,,,,,9.716e+06,81.1881,85.8586,58.4158,35.7143,56.4356,57.5758
1.59318e+06,,,,,,,,,,,,,,,,,,,,,,953,,,,,,,
1.59379e+06,,,,,,,,,,,,,,,,,,,,,,1266,,,,,,,
1.59392e+06,,,,,,,,,,,,,,,,,,,,,,1020,,,,,,,
1.59394e+06,,,,,,,,,,,,,,,,,,,,,,903,,,,,,,
1.59399e+06,61100,63400,62300,60100,59700,70000,1.2e+06,1.2e+06,1.2e+06,1.2e+06,1.596e+06,1.596e+06,,,,,,,,,,,9.6002e+06,79.2079,89,64.3564,36.3636,63.3663,64.6465
1.59436e+06,,,,,,,,,,,,,,,,,,,,,,1254,,,,,,,
1.59454e+06,,,,,,,,,,,,,24.343,,,,,,,,,,,,,,,,
1.59463e+06,,,,,,,,,,,,,,,,,,,,,,798,,,,,,,
1.59463e+06,,,,,,,,,,,,,,,,,,,,,,809,,,,,,,
1.59464e+06,,,,,,,,,,,,,,,,,,,,,,663,,,,,,,
1.59477e+06,,,,,,,,,,,,,,,,,,,,,,795,,,,,,,
1.5948e+06,,,,,,,,,,,,,,,,,,,,,,954,,,,,,,
1.595e+06,61100,63200,62300,60500,59700,70000,1.2e+06,1.2e+06,1.2e+06,1.2e+06,1.596e+06,1.596e+06,,,,,,,,,,,8.5272e+06,79,85.8586,57.5758,34.3434,58.1633,59.596
1.59534e+06,,,,,,,,,,,,,,,,,,,,,,1267,,,,,,,
1.59538e+06,,,,,,,,,,,,,,,,,,,,,,1218,,,,,,,
1.59547e+06,,,,,,,,,,,,,,,,,,,,,,1255,,,,,,,
1.59553e+06,,,,,,,,,,,,,,,,,,,,,,1021,,,,,,,
1.59558e+06,,,,,,,,,,,,,,,,,,,,,,904,,,,,,,
1.59599e+06,61100,63200,62100,60100,60100,70000,1.2e+06,1.2e+06,1.2e+06,1.2e+06,1.596e+06,1.596e+06,,,,,,,,,,,9.7576e+06,84.466,85,59,33.3333,61,60.6061
1.59629e+06,,,,,,,,,,,,,,,,,,,,,,810,,,,,,,
1.59629e+06,,,,,,,,,,,,,,,,,,,,,,799,,,,,,,
1.59643e+06,,,,,,,,,,,,,,,,,,,,,,955,,,,,,,
1.59643e+06,,,,,,,,,,,,,,,,,,,,,,796,,,,,,,
1.59645e+06,,,,,,,,,,,,,,,,,,,,,,1268,,,,,,,
1.59658e+06,,,,,,,,,,,,,,,,,,,,,,1256,,,,,,,
1.59666e+06,,,,,,,,,,,,,,,,,,,,,,1022,,,,,,,
1.59682e+06,,,,,,,,,,,,,,,,,,,,,,664,,,,,,,
1.59694e+06,,,,,,,,,,,,,,,,,,,,,,1219,,,,,,,
1.59699e+06,61100,63200,62100,60500,59900,70000,1.2e+06,1.2e+06,1.2e+06,1.2e+06,1.596e+06,1.596e+06,,,,,,,,,,,8.8192e+06,83.6735,85.8586,56,28,58.5859,59.596
1.59756e+06,,,,,,,,,,,,,,,,,,,,,,1269,,,,,,,
1.59768e+06,,,,,,,,,,,,,,,,,,,,,,905,,,,,,,
1.59799e+06,60700,63000,62100,60100,59700,70000,1.2e+06,1.2e+06,1.2e+06,1.2e+06,1.596e+06,1.596e+06,,,,,,,,,,,9.3706e+06,80.7692,87,58.4158,29.5918,58,59
1.59805e+06,,,,,,,,,,,,,,,,,,,,,,956,,,,,,,
1.59806e+06,,,,,,,,,,,,,,,,,,,,,,1220,,,,,,,
1.59814e+06,,,,,,,,,,,,,,,,,,,,,,1257,,,,,,,
1.59828e+06,,,,,,,,,,,,,,,,,,,,,,1023,,,,,,,
1.59843e+06,,,,,,,,,,,,,,,,,,,,,,811,,,,,,,
1.59843e+06,,,,,,,,,,,,,,,,,,,,,,800,,,,,,,
1.59857e+06,,,,,,,,,,,,,,,,,,,,,,797,,,,,,,
1.599e+06,60700,62100,61900,60100,59700,70000,1.2e+06,1.2e+06,1.2e+06,1.2e+06,1.596e+06,1.596e+06,,,,,,,,,,,8.6644e+06,79.798,87.7551,64,35,58,56.5657
1.59918e+06,,,,,,,,,,,,,,,,,,,,,,1221,,,,,,,
1.59925e+06,,,,,,,,,,,,,,,,,,,,,,1258,,,,,,,
1.59932e+06,,,,,,,,,,,,,,,,,,,,,,906,,,,,,,
1.59949e+06,,,,,,,,,,,,,,,,,,,,,,665,,,,,,,
1.59967e+06,,,,,,,,,,,,,,,,,,,,,,957,,,,,,,
1.59989e+06,,,,,,,,,,,,,,,,,,,,,,1024,,,,,,,
1.59999e+06,61100,62300,62100,60300,59700,70000,1.2e+06,1.2e+06,1.2e+06,1.2e+06,1.596e+06,1.596e+06,,,,,,,,,,,8.899e+06,81.1881,86.8687,57,35.3535,57,59.596
1.60023e+06,,,,,,,,,,,,,,,,,,,,,,1271,,,,,,,
1.60023e+06,,,,,,,,,,,,,,,,,,,,,,798,,,,,,,
1.60036e+06,,,,,,,,,,,,,,,,,,,,,,1259,,,,,,,
1.60057e+06,,,,,,,,,,,,,,,,,,,,,,812,,,,,,,
1.60057e+06,,,,,,,,,,,,,,,,,,,,,,801,,,,,,,
1.60074e+06,,,,,,,,,,,,,,,,,,,,,,1222,,,,,,,
1.60096e+06,,,,,,,,,,,,,,,,,,,,,,907,,,,,,,
1.601e+06,61100,63200,62300,60100,59900,70000,1.2e+06,1.2e+06,1.2e+06,1.2e+06,1.596e+06,1.596e+06,,,,,,,,,,,8.7648e+06,79.4118,88,64.3564,37.2549,63.6364,64.6465
1.60129e+06,,,,,,,,,,,,,,,,,,,,,,958,,,,,,,
1.60134e+06,,,,,,,,,,,,,,,,,,,,,,1272,,,,,,,
1.6015e+06,,,,,,,,,,,,,,,,,,,,,,1025,,,,,,,
1.60167e+06,,,,,,,,,,,,,,,,,,,,,,666,,,,,,,
1.60186e+06,,,,,,,,,,,,,,,,,,,,,,1223,,,,,,,
1.60192e+06,,,,,,,,,,,,,,,,,,,,,,1260,,,,,,,
1.60199e+06,61100,63400,62300,60300,60100,70000,1.2e+06,1.2e+06,1.2e+06,1.2e+06,1.596e+06,1.596e+06,,,,,,,,,,,8.8742e+06,80.198,85.8586,58,36,57,58.5859
1.60215e+06,,,,,,,,,,,,,,66.58,60.73,,,,,,,,,,,,,,
1.60223e+06,,,,,,,,,,,,,,,,,,,,,,813,,,,,,,
1.60223e+06,,,,,,,,,,,,,,,,,,,,,,802,,,,,,,
1.60237e+06,,,,,,,,,,,,,,,,,,,,,,799,,,,,,,
1.6026e+06,,,,,,,,,,,,,,,,,,,,,,908,,,,,,,
1.60289e+06,,,,,,,,,,,,,,,,,,,,,,1273,,,,,,,
1.60291e+06,,,,,,,,,,,,,,,,,,,,,,959,,,,,,,
1.603e+06,61100,62800,62100,60300,59700,70000,1.2e+06,1.2e+06,1.2e+06,1.2e+06,1.596e+06,1.596e+06,,,,,,,,,,,9.2302e+06,82.3529,85,56.5657,35.3535,59,59.596
1.60304e+06,,,,,,,,,,,,,,,,,,,,,,1261,,,,,,,
1.60311e+06,,,,,,,,,,,,,,,,,,,,,,1026,,,,,,,
1.60342e+06,,,,,,,,,,,,,,,,,,,,,,1224,,,,,,,
1.60399e+06,60900,63000,61900,60100,59700,70000,1.2e+06,1.2e+06,1.2e+06,1.2e+06,1.596e+06,1.596e+06,,,,,,,,,,,9.072e+06,83.8384,85.8586,56.4356,28.2828,60.2041,60.6061
1.604e+06,,,,,,,,,,,,,,,,,,,,,,1274,,,,,,,
1.60415e+06,,,,,,,,,,,,,,,,,,,,,,1262,,,,,,,
1.60433e+06,,,,,,,,,,,,,,,,,,,,,,667,,,,,,,
1.60436e+06,,,,,,,,,,,,,,,,,,,,,,814,,,,,,,
1.60437e+06,,,,,,,,,,,,,,,,,,,,,,803,,,,,,,
1.60451e+06,,,,,,,,,,,,,,,,,,,,,,800,,,,,,,
1.60454e+06,,,,,,,,,,,,,,,,,,,,,,960,,,,,,,
1.60454e+06,,,,,,,,,,,,,,,,,,,,,,1225,,,,,,,
1.6046e+06,,,,,,,,,,,,,24.343,,,,,,,,,,,,,,,,
1.60471e+06,,,,,,,,,,,,,,,,,,,,,,909,,,,,,,
1.60473e+06,,,,,,,,,,,,,,,,,,,,,,1027,,,,,,,
1.60499e+06,61100,63000,62100,60300,59900,70000,1.2e+06,1.2e+06,1.2e+06,1.2e+06,1.596e+06,1.596e+06,,,,,,,,,,,8.959e+06,80.198,88.8889,60,32,59.596,58.5859
1.60511e+06,,,,,,,,,,,,,,,,,,,,,,1275,,,,,,,
1.60566e+06,,,,,,,,,,,,,,,,,,,,,,1226,,,,,,,
1.60571e+06,,,,,,,,,,,,,,,,,,,,,,1263,,,,,,,
1.60599e+06,60900,62300,62100,60100,59700,70000,1.2e+06,1.2e+06,1.2e+06,1.2e+06,1.596e+06,1.596e+06,,,,,,,,,,,9.4452e+06,81.3725,85.7143,62.3762,36,57.2816,58
1.60616e+06,,,,,,,,,,,,,,,,,,,,,,961,,,,,,,
1.60617e+06,,,,,,,,,,,,,,,,,,,,,,801,,,,,,,
1.60634e+06,,,,,,,,,,,,,,,,,,,,,,1028,,,,,,,
1.60634e+06,,,,,,,,,,,,,,,,,,,,,,910,,,,,,,
1.6065e+06,,,,,,,,,,,,,,,,,,,,,,815,,,,,,,
1.60651e+06,,,,,,,,,,,,,,,,,,,,,,804,,,,,,,
1.60652e+06,,,,,,,,,,,,,,,,,,,,,,668,,,,,,,
1.60666e+06,,,,,,,,,,,,,,,,,,,,,,1276,,,,,,,
1.60682e+06,,,,,,,,,,,,,,,,,,,,,,1264,,,,,,,
1.607e+06,61100,62300,62100,60300,59900,70000,1.2e+06,1.2e+06,1.2e+06,1.2e+06,1.596e+06,1.596e+06,,,,,,,,,,,9.957e+06,79.2079,89,60,35.7143,59.4059,60.2041
1.60722e+06,,,,,,,,,,,,,,,,,,,,,,1227,,,,,,,
1.60777e+06,,,,,,,,,,,,,,,,,,,,,,1277,,,,,,,
1.60778e+06,,,,,,,,,,,,,,,,,,,,,,962,,,,,,,
1.60795e+06,,,,,,,,,,,,,,,,,,,,,,1029,,,,,,,
1.60798e+06,,,,,,,,,,,,,,,,,,,,,,911,,,,,,,
1.608e+06,61100,62800,62100,60500,59900,70000,1.2e+06,1.2e+06,1.2e+06,1.2e+06,1.596e+06,1.596e+06,,,,,,,,,,,8.8188e+06,79.4118,85,63.3663,35.3535,62.2449,63.6364
1.60816e+06,,,,,,,,,,,,,,,,,,,,,,816,,,,,,,
1.60831e+06,,,,,,,,,,,,,,,,,,,,,,802,,,,,,,
1.60838e+06,,,,,,,,,,,,,,,,,,,,,,1265,,,,,,,
1.60866e+06,,,,,,,,,,,,,,,,,,,,,,805,,,,,,,
1.6087e+06,,,,,,,,,,,,,,,,,,,,,,669,,,,,,,
1.60888e+06,,,,,,,,,,,,,,,,,,,,,,1278,,,,,,,
1.609e+06,61100,63200,61900,60100,59900,70000,1.2e+06,1.2e+06,1.2e+06,1.2e+06,1.596e+06,1.596e+06,,,,,,,,,,,9.9208e+06,82,86,58.4158,35,58,59.596
1.60909e+06,,,,,,,,,,,,,,,,,,,,,,1030,,,,,,,
1.60941e+06,,,,,,,,,,,,,,,,,,,,,,963,,,,,,,
1.60949e+06,,,,,,,,,,,,,,,,,,,,,,1266,,,,,,,
1.60962e+06,,,,,,,,,,,,,,,,,,,,,,912,,,,,,,
1.6099e+06,,,,,,,,,,,,,,,,,,,,,,1229,,,,,,,
1.60999e+06,,,,,,,,,,,,,,,,,,,,,,1279,,,,,,,
1.61e+06,61100,62500,62100,60300,60100,70000,1.2e+06,1.2e+06,1.2e+06,1.2e+06,1.596e+06,1.596e+06,,,,,,,,,,,8.3834e+06,82.3529,86,56,30,58,58
1.61029e+06,,,,,,,,,,,,,,,,,,,,,,817,,,,,,,
1.61032e+06,,,,,,,,,,,,,,,,,,,,,,806,,,,,,,
1.61045e+06,,,,,,,,,,,,,,,,,,,,,,803,,,,,,,
1.6106e+06,,,,,,,,,,,,,,,,,,,,,,1267,,,,,,,
1.6107e+06,,,,,,,,,,,,,,,,,,,,,,1031,,,,,,,
1.61099e+06,61100,62500,62300,60100,59700,70000,1.2e+06,1.2e+06,1.2e+06,1.2e+06,1.596e+06,1.596e+06,,,,,,,,,,,9.0558e+06,81.8182,84.8485,56.4356,27.551,59.1837,60.6061
1.61102e+06,,,,,,,,,,,,,,,,,,,,,,1230,,,,,,,
1.61103e+06,,,,,,,,,,,,,,,,,,,,,,964,,,,,,,
1.61136e+06,,,,,,,,,,,,,,,,,,,,,,670,,,,,,,
1.61173e+06,,,,,,,,,,,,,,,,,,,,,,913,,,,,,,
1.61195e+06,,,,,,,,,,,,,,,,,,,,,,818,,,,,,,
1.612e+06,60900,63200,62300,60300,59700,70000,1.2e+06,1.2e+06,1.2e+06,1.2e+06,1.596e+06,1.596e+06,,,,,,,,,,,8.524e+06,81.1881,88.7755,61.6162,34,59.4059,58.4158
1.61211e+06,,,,,,,,,,,,,,,,,,,,,,804,,,,,,,
1.61214e+06,,,,,,,,,,,,,,,,,,,,,,1231,,,,,,,
1.61216e+06,,,,,,,,,,,,,,,,,,,,,,1268,,,,,,,
1.61228e+06,,,,,,,,,,,,,,66.66,60.86,,,,,,,,,,,,,,
1.61231e+06,,,,,,,,,,,,,,,,,,,,,,1032,,,,,,,
1.61246e+06,,,,,,,,,,,,,,,,,,,,,,807,,,,,,,
1.61265e+06,,,,,,,,,,,,,,,,,,,,,,1281,,,,,,,
1.613e+06,61100,62500,62300,60300,59700,70000,1.2e+06,1.2e+06,1.2e+06,1.2e+06,1.596e+06,1.596e+06,,,,,,,,,,,8.9384e+06,81,86,61,37.2549,58.5859,58.5859
1.61314e+06,,,,,,,,,,,,,,,,,,,,,,965,,,,,,,
1.61327e+06,,,,,,,,,,,,,,,,,,,,,,1269,,,,,,,
1.61336e+06,,,,,,,,,,,,,,,,,,,,,,914,,,,,,,
1.61355e+06,,,,,,,,,,,,,,,,,,,,,,671,,,,,,,
1.6137e+06,,,,,,,,,,,,,,,,,,,,,,1232,,,,,,,
1.61376e+06,,,,,,,,,,,,,,,,,,,,,,1282,,,,,,,
1.61392e+06,,,,,,,,,,,,,,,,,,,,,,1033,,,,,,,
1.614e+06,61100,62500,62300,60300,59900,70000,1.2e+06,1.2e+06,1.2e+06,1.2e+06,1.596e+06,1.596e+06,,,,,,,,,,,8.5874e+06,79.2079,88.8889,61.7647,34.3434,60.6061,62.2449
1.61408e+06,,,,,,,,,,,,,,,,,,,,,,819,,,,,,,
1.61425e+06,,,,,,,,,,,,,,,,,,,,,,805,,,,,,,
1.61438e+06,,,,,,,,,,,,,,,,,,,,,,1270,,,,,,,
1.61459e+06,,,,,,,,,,,,,,,,,,,,,,808,,,,,,,
1.61467e+06,,,,,,,,,,,,,24.332,,,,,,,,,,,,,,,,
1.61476e+06,,,,,,,,,,,,,,,,,,,,,,966,,,,,,,
1.61482e+06,,,,,,,,,,,,,,,,,,,,,,1233,,,,,,,
1.615e+06,61100,62500,62100,60500,59700,70000,1.2e+06,1.2e+06,1.2e+06,1.2e+06,1.596e+06,1.596e+06,,,,,,,,,,,8.9944e+06,79.6117,85.8586,60,35,61,62
1.61532e+06,,,,,,,,,,,,,,,,,,,,,,1283,,,,,,,
1.61553e+06,,,,,,,,,,,,,,,,,,,,,,1034,,,,,,,
1.61572e+06,,,,,,,,,,,,,,,,,,,,,,672,,,,,,,
1.61594e+06,,,,,,,,,,,,,,,,,,,,,,1271,,,,,,,
1.616e+06,60900,62800,62300,60100,60100,70000,1.2e+06,1.2e+06,1.2e+06,1.2e+06,1.596e+06,1.596e+06,,,,,,,,,,,9.6532e+06,84,85,58,36.6337,59.596,60.6061
1.61622e+06,,,,,,,,,,,,,,,,,,,,,,820,,,,,,,
1.61626e+06,,,,,,,,,,,,,,,,,,,,,,809,,,,,,,
1.61638e+06,,,,,,,,,,,,,,,,,,,,,,1234,,,,,,,
1.61639e+06,,,,,,,,,,,,,,,,,,,,,,806,,,,,,,
1.61639e+06,,,,,,,,,,,,,,,,,,,,,,967,,,,,,,
1.61643e+06,,,,,,,,,,,,,,,,,,,,,,1284,,,,,,,
1.61664e+06,,,,,,,,,,,,,,,,,,,,,,916,,,,,,,
1.617e+06,61100,62600,61900,60100,59900,70000,1.2e+06,1.2e+06,1.2e+06,1.2e+06,1.596e+06,1.596e+06,,,,,,,,,,,9.8962e+06,81.1881,85.8586,57,28,58,58.5859
1.61706e+06,,,,,,,,,,,,,,,,,,,,,,1272,,,,,,,
1.61715e+06,,,,,,,,,,,,,,,,,,,,,,1035,,,,,,,
1.6175e+06,,,,,,,,,,,,,,,,,,,,,,1235,,,,,,,
1.61754e+06,,,,,,,,,,,,,,,,,,,,,,1285,,,,,,,
1.61788e+06,,,,,,,,,,,,,,,,,,,,,,821,,,,,,,
1.61799e+06,60900,62800,61900,60100,59700,70000,1.2e+06,1.2e+06,1.2e+06,1.2e+06,1.596e+06,1.596e+06,,,,,,,,,,,9.7896e+06,82.1782,85.8586,56.4356,28.7129,58.4158,59.4059
1.61801e+06,,,,,,,,,,,,,,,,,,,,,,968,,,,,,,
1.61805e+06,,,,,,,,,,,,,,,,,,,,,,807,,,,,,,
1.61817e+06,,,,,,,,,,,,,,,,,,,,,,1273,,,,,,,
1.61839e+06,,,,,,,,,,,,,,,,,,,,,,673,,,,,,,
1.61839e+06,,,,,,,,,,,,,,,,,,,,,,810,,,,,,,
1.61862e+06,,,,,,,,,,,,,,,,,,,,,,1236,,,,,,,
1.61874e+06,,,,,,,,,,,,,,,,,,,,,,917,,,,,,,
1.61876e+06,,,,,,,,,,,,,,,,,,,,,,1036,,,,,,,
1.61899e+06,60900,63200,62100,60100,59700,70000,1.2e+06,1.2e+06,1.2e+06,1.2e+06,1.596e+06,1.596e+06,,,,,,,,,,,1.02508e+07,80.198,88,64.6465,35.3535,60,57.5758
1.61909e+06,,,,,,,,,,,,,,,,,,,,,,1286,,,,,,,
1.61964e+06,,,,,,,,,,,,,,,,,,,,,,969,,,,,,,
1.61972e+06,,,,,,,,,,,,,,,,,,,,,,1274,,,,,,,
1.62e+06,60900,62300,61900,60100,59300,70000,1.2e+06,1.2e+06,1.2e+06,1.2e+06,1.596e+06,1.596e+06,,,,,,,,,,,9.6326e+06,80,85.8586,58,34.3434,55.5556,58.1633
1.62001e+06,,,,,,,,,,,,,,,,,,,,,,822,,,,,,,
1.62018e+06,,,,,,,,,,,,,,,,,,,,,,1237,,,,,,,
1.62019e+06,,,,,,,,,,,,,,,,,,,,,,808,,,,,,,
1.6202e+06,,,,,,,,,,,,,,,,,,,,,,1287,,,,,,,
1.62037e+06,,,,,,,,,,,,,,,,,,,,,,1037,,,,,,,
1.62038e+06,,,,,,,,,,,,,,,,,,,,,,918,,,,,,,
1.62053e+06,,,,,,,,,,,,,,,,,,,,,,811,,,,,,,
1.62057e+06,,,,,,,,,,,,,,,,,,,,,,674,,,,,,,
1.62084e+06,,,,,,,,,,,,,,,,,,,,,,1275,,,,,,,
1.62099e+06,61100,62800,61900,60100,59700,70000,1.2e+06,1.2e+06,1.2e+06,1.2e+06,1.596e+06,1.596e+06,,,,,,,,,,,8.842e+06,80.3922,88.8889,64.3564,36,64,64.2857
1.62126e+06,,,,,,,,,,,,,,,,,,,,,,970,,,,,,,
1.6213e+06,,,,,,,,,,,,,,,,,,,,,,1238,,,,,,,
1.62131e+06,,,,,,,,,,,,,,,,,,,,,,1288,,,,,,,
1.62167e+06,,,,,,,,,,,,,,,,,,,,,,823,,,,,,,
1.62195e+06,,,,,,,,,,,,,,,,,,,,,,1276,,,,,,,
1.62198e+06,,,,,,,,,,,,,,,,,,,,,,1038,,,,,,,
1.622e+06,60700,62500,62300,60300,59700,70000,1.2e+06,1.2e+06,1.2e+06,1.2e+06,1.596e+06,1.596e+06,,,,,,,,,,,8.7948e+06,79,86,58,36.6337,57,60
1.62202e+06,,,,,,,,,,,,,,,,,,,,,,919,,,,,,,
1.62219e+06,,,,,,,,,,,,,,,,,,,,,,812,,,,,,,
1.62233e+06,,,,,,,,,,,,,,,,,,,,,,809,,,,,,,
1.62244e+06,,,,,,,,,,,,,,66.50,60.73,,,,,,,,,,,,,,
1.62287e+06,,,,,,,,,,,,,,,,,,,,,,1239,,,,,,,
1.62288e+06,,,,,,,,,,,,,,,,,,,,,,971,,,,,,,
1.62289e+06,,,,,,,,,,,,,,,,,,,,,,1289,,,,,,,
1.623e+06,60900,62500,62100,60100,59700,70000,1.2e+06,1.2e+06,1.2e+06,1.2e+06,1.596e+06,1.596e+06,,,,,,,,,,,8.7658e+06,84.3137,85.7143,58.8235,32.6531,62,61.3861
1.62312e+06,,,,,,,,,,,,,,,,,,,,,,1039,,,,,,,
1.62324e+06,,,,,,,,,,,,,,,,,,,,,,675,,,,,,,
1.62351e+06,,,,,,,,,,,,,,,,,,,,,,1277,,,,,,,
1.62365e+06,,,,,,,,,,,,,,,,,,,,,,920,,,,,,,
1.62381e+06,,,,,,,,,,,,,,,,,,,,,,824,,,,,,,
1.62398e+06,,,,,,,,,,,,,,,,,,,,,,1240,,,,,,,
1.62399e+06,,,,,,,,,,,,,,,,,,,,,,810,,,,,,,
1.624e+06,61300,63400,62300,60300,59900,70000,1.2e+06,1.2e+06,1.2e+06,1.2e+06,1.596e+06,1.596e+06,,,,,,,,,,,8.4248e+06,83.1683,85,56.4356,28,59.1837,60.2041
1.62401e+06,,,,,,,,,,,,,,,,,,,,,,1290,,,,,,,
1.62433e+06,,,,,,,,,,,,,,,,,,,,,,813,,,,,,,
1.62451e+06,,,,,,,,,,,,,,,,,,,,,,972,,,,,,,
1.62462e+06,,,,,,,,,,,,,,,,,,,,,,1278,,,,,,,
1.62473e+06,,,,,,,,,,,,,,,,,,,,,,1040,,,,,,,
1.62474e+06,,,,,,,,,,,,,24.343,,,,,,,,,,,,,,,,
1.62499e+06,61100,63400,62100,60300,60100,70000,1.2e+06,1.2e+06,1.2e+06,1.2e+06,1.596e+06,1.596e+06,,,,,,,,,,,9.6608e+06,81,88.1188,57.5758,29.2929,58.8235,59
1.6251e+06,,,,,,,,,,,,,,,,,,,,,,1241,,,,,,,
1.62529e+06,,,,,,,,,,,,,,,,,,,,,,921,,,,,,,
1.62542e+06,,,,,,,,,,,,,,,,,,,,,,676,,,,,,,
1.62556e+06,,,,,,,,,,,,,,,,,,,,,,1291,,,,,,,
1.62573e+06,,,,,,,,,,,,,,,,,,,,,,1279,,,,,,,
1.62594e+06,,,,,,,,,,,,,,,,,,,,,,825,,,,,,,
1.626e+06,60900,63000,62300,60100,60100,70000,1.2e+06,1.2e+06,1.2e+06,1.2e+06,1.596e+06,1.596e+06,,,,,,,,,,,9.978e+06,79.4118,86.8687,64.3564,36.6337,57.5758,56.5657
1.62613e+06,,,,,,,,,,,,,,,,,,,,,,973,,,,,,,
1.62614e+06,,,,,,,,,,,,,,,,,,,,,,811,,,,,,,
1.62634e+06,,,,,,,,,,,,,,,,,,,,,,1041,,,,,,,
1.62648e+06,,,,,,,,,,,,,,,,,,,,,,814,,,,,,,
1.62666e+06,,,,,,,,,,,,,,,,,,,,,,1242,,,,,,,
1.62667e+06,,,,,,,,,,,,,,,,,,,,,,1292,,,,,,,
1.627e+06,60700,62500,62100,60100,59700,70000,1.2e+06,1.2e+06,1.2e+06,1.2e+06,1.596e+06,1.596e+06,,,,,,,,,,,9.8942e+06,80,86.8687,58,36,57.4257,59.596
1.6274e+06,,,,,,,,,,,,,,,,,,,,,,922,,,,,,,
1.6276e+06,,,,,,,,,,,,,,,,,,,,,,826,,,,,,,
1.6276e+06,,,,,,,,,,,,,,,,,,,,,,677,,,,,,,
1.62776e+06,,,,,,,,,,,,,,,,,,,,,,974,,,,,,,
1.62778e+06,,,,,,,,,,,,,,,,,,,,,,1293,,,,,,,
1.62778e+06,,,,,,,,,,,,,,,,,,,,,,1243,,,,,,,
1.62796e+06,,,,,,,,,,,,,,,,,,,,,,1042,,,,,,,
1.62799e+06,61100,63000,61900,60100,59700,70000,1.2e+06,1.2e+06,1.2e+06,1.2e+06,1.596e+06,1.596e+06,,,,,,,,,,,7.5614e+06,79.4118,88,64.6465,35.3535,63.6364,64.6465
1.62813e+06,,,,,,,,,,,,,,,,,,,,,,815,,,,,,,
1.62828e+06,,,,,,,,,,,,,,,,,,,,,,812,,,,,,,
1.6284e+06,,,,,,,,,,,,,,,,,,,,,,1281,,,,,,,
1.62889e+06,,,,,,,,,,,,,,,,,,,,,,1294,,,,,,,
1.629e+06,61100,63200,62100,60300,59700,70000,1.2e+06,1.2e+06,1.2e+06,1.2e+06,1.596e+06,1.596e+06,,,,,,,,,,,8.9364e+06,80.198,85.8586,57.4257,35,56,58
1.62904e+06,,,,,,,,,,,,,,,,,,,,,,923,,,,,,,
1.62938e+06,,,,,,,,,,,,,,,,,,,,,,975,,,,,,,
1.62951e+06,,,,,,,,,,,,,,,,,,,,,,1282,,,,,,,
1.62957e+06,,,,,,,,,,,,,,,,,,,,,,1043,,,,,,,
1.62974e+06,,,,,,,,,,,,,,,,,,,,,,827,,,,,,,
1.63e+06,61100,62600,61900,60100,59900,70000,1.2e+06,1.2e+06,1.2e+06,1.2e+06,1.596e+06,1.596e+06,,,,,,,,,,,8.4718e+06,84,84.8485,57.4257,33.3333,60.7843,59.596
1.63027e+06,,,,,,,,,,,,,,,,,,,,,,678,,,,,,,
1.63027e+06,,,,,,,,,,,,,,,,,,,,,,816,,,,,,,
1.63044e+06,,,,,,,,,,,,,,,,,,,,,,1295,,,,,,,
1.63046e+06,,,,,,,,,,,,,,,,,,,,,,1245,,,,,,,
1.63067e+06,,,,,,,,,,,,,,,,,,,,,,924,,,,,,,
1.63099e+06,61100,63200,62300,60100,59900,70000,1.2e+06,1.2e+06,1.2e+06,1.2e+06,1.596e+06,1.596e+06,,,,,,,,,,,8.7232e+06,83.3333,86,57,28.2828,59.596,61
1.63101e+06,,,,,,,,,,,,,,,,,,,,,,976,,,,,,,
1.63118e+06,,,,,,,,,,,,,,,,,,,,,,1044,,,,,,,
1.63155e+06,,,,,,,,,,,,,,,,,,,,,,1296,,,,,,,
1.63158e+06,,,,,,,,,,,,,,,,,,,,,,1246,,,,,,,
1.63187e+06,,,,,,,,,,,,,,,,,,,,,,828,,,,,,,
1.63193e+06,,,,,,,,,,,,,,,,,,,,,,817,,,,,,,
1.63199e+06,61100,63200,61900,60100,59900,70000,1.2e+06,1.2e+06,1.2e+06,1.2e+06,1.596e+06,1.596e+06,,,,,,,,,,,9.0626e+06,80,88.8889,59.4059,32,59.596,58.1633
1.63208e+06,,,,,,,,,,,,,,,,,,,,,,814,,,,,,,
1.63218e+06,,,,,,,,,,,,,,,,,,,,,,1284,,,,,,,
1.63231e+06,,,,,,,,,,,,,,,,,,,,,,925,,,,,,,
1.63245e+06,,,,,,,,,,,,,,,,,,,,,,679,,,,,,,
1.63256e+06,,,,,,,,,,,,,,66.62,60.86,,,,,,,,,,,,,,
1.63266e+06,,,,,,,,,,,,,,,,,,,,,,1297,,,,,,,
1.63279e+06,,,,,,,,,,,,,,,,,,,,,,1045,,,,,,,
1.633e+06,61100,62500,62300,60100,60100,70000,1.2e+06,1.2e+06,1.2e+06,1.2e+06,1.596e+06,1.596e+06,,,,,,,,,,,9.8398e+06,81.5534,85.7143,66,36.6337,56.4356,58.1633
1.63312e+06,,,,,,,,,,,,,,,,,,,,,,977,,,,,,,
1.63315e+06,,,,,,,,,,,,,,,,,,,,,,1247,,,,,,,
1.63329e+06,,,,,,,,,,,,,,,,,,,,,,1285,,,,,,,
1.63353e+06,,,,,,,,,,,,,,,,,,,,,,829,,,,,,,
1.634e+06,60900,63000,62300,60100,59700,70000,1.2e+06,1.2e+06,1.2e+06,1.2e+06,1.596e+06,1.596e+06,,,,,,,,,,,9.2002e+06,79.2079,89,60.396,35.3535,60.396,60
1.63407e+06,,,,,,,,,,,,,,,,,,,,,,818,,,,,,,
1.63422e+06,,,,,,,,,,,,,,,,,,,,,,1298,,,,,,,
1.63422e+06,,,,,,,,,,,,,,,,,,,,,,815,,,,,,,
1.63427e+06,,,,,,,,,,,,,,,,,,,,,,1248,,,,,,,
1.6344e+06,,,,,,,,,,,,,,,,,,,,,,1046,,,,,,,
1.63442e+06,,,,,,,,,,,,,,,,,,,,,,926,,,,,,,
1.63474e+06,,,,,,,,,,,,,,,,,,,,,,978,,,,,,,
1.6348e+06,,,,,,,,,,,,,24.343,,,,,,,,,,,,,,,,
1.63485e+06,,,,,,,,,,,,,,,,,,,,,,1286,,,,,,,
1.635e+06,61100,63200,62300,60300,59700,70000,1.2e+06,1.2e+06,1.2e+06,1.2e+06,1.596e+06,1.596e+06,,,,,,,,,,,9.7734e+06,79.798,85,63,35.3535,62.2449,63.6364
1.63512e+06,,,,,,,,,,,,,,,,,,,,,,680,,,,,,,
1.63533e+06,,,,,,,,,,,,,,,,,,,,,,1299,,,,,,,
1.63554e+06,,,,,,,,,,,,,,,,,,,,,,1047,,,,,,,
1.63567e+06,,,,,,,,,,,,,,,,,,,,,,830,,,,,,,
1.63583e+06,,,,,,,,,,,,,,,,,,,,,,1249,,,,,,,
1.63596e+06,,,,,,,,,,,,,,,,,,,,,,1287,,,,,,,
1.63599e+06,60900,63200,62300,60300,59700,70000,1.2e+06,1.2e+06,1.2e+06,1.2e+06,1.596e+06,1.596e+06,,,,,,,,,,,8.924e+06,82.3529,85.8586,57.4257,34.6939,58,59.596
1.63605e+06,,,,,,,,,,,,,,,,,,,,,,927,,,,,,,
1.63621e+06,,,,,,,,,,,,,,,,,,,,,,819,,,,,,,
1.63636e+06,,,,,,,,,,,,,,,,,,,,,,816,,,,,,,
1.63636e+06,,,,,,,,,,,,,,,,,,,,,,979,,,,,,,
1.63644e+06,,,,,,,,,,,,,,,,,,,,,,1300,,,,,,,
1.63695e+06,,,,,,,,,,,,,,,,,,,,,,1250,,,,,,,
1.637e+06,61100,63200,62100,60300,59700,70000,1.2e+06,1.2e+06,1.2e+06,1.2e+06,1.596e+06,1.596e+06,,,,,,,,,,,9.8722e+06,81.1881,86,56.8627,29.2929,57.8431,58
1.63708e+06,,,,,,,,,,,,,,,,,,,,,,1288,,,,,,,
1.63715e+06,,,,,,,,,,,,,,,,,,,,,,1048,,,,,,,
1.6373e+06,,,,,,,,,,,,,,,,,,,,,,681,,,,,,,
1.63733e+06,,,,,,,,,,,,,,,,,,,,,,831,,,,,,,
1.63769e+06,,,,,,,,,,,,,,,,,,,,,,928,,,,,,,
1.63787e+06,,,,,,,,,,,,,,,,,,,,,,820,,,,,,,
1.63799e+06,,,,,,,,,,,,,,,,,,,,,,980,,,,,,,
1.63799e+06,,,,,,,,,,,,,,,,,,,,,,1301,,,,,,,
1.63799e+06,60900,63000,61900,60100,59700,70000,1.2e+06,1.2e+06,1.2e+06,1.2e+06,1.596e+06,1.596e+06,,,,,,,,,,,9.0384e+06,83.3333,84.8485,55.5556,27.551,59.1837,61.2245
1.63802e+06,,,,,,,,,,,,,,,,,,,,,,817,,,,,,,
1.63852e+06,,,,,,,,,,,,,,,,,,,,,,1251,,,,,,,
1.63863e+06,,,,,,,,,,,,,,,,,,,,,,1289,,,,,,,
1.63876e+06,,,,,,,,,,,,,,,,,,,,,,1049,,,,,,,
1.63899e+06,60700,63000,61900,59900,59900,70000,1.2e+06,1.2e+06,1.2e+06,1.2e+06,1.596e+06,1.596e+06,,,,,,,,,,,8.1458e+06,80.198,88.8889,62.3762,35.6436,59.596,58
1.63911e+06,,,,,,,,,,,,,,,,,,,,,,1302,,,,,,,
1.63933e+06,,,,,,,,,,,,,,,,,,,,,,929,,,,,,,
1.63946e+06,,,,,,,,,,,,,,,,,,,,,,832,,,,,,,
1.63948e+06,,,,,,,,,,,,,,,,,,,,,,682,,,,,,,
1.63962e+06,,,,,,,,,,,,,,,,,,,,,,981,,,,,,,
1.63964e+06,,,,,,,,,,,,,,,,,,,,,,1252,,,,,,,
1.63974e+06,,,,,,,,,,,,,,,,,,,,,,1290,,,,,,,
1.64e+06,60900,62100,62100,59700,59500,70000,1.2e+06,1.2e+06,1.2e+06,1.2e+06,1.596e+06,1.596e+06,,,,,,,,,,,9.4092e+06,80.8081,86,60.396,36.3636,56,58.1633
1.64001e+06,,,,,,,,,,,,,,,,,,,,,,821,,,,,,,
1.64016e+06,,,,,,,,,,,,,,,,,,,,,,818,,,,,,,
1.64022e+06,,,,,,,,,,,,,,,,,,,,,,1303,,,,,,,
1.64038e+06,,,,,,,,,,,,,,,,,,,,,,1050,,,,,,,
1.64075e+06,,,,,,,,,,,,,,,,,,,,,,1253,,,,,,,
1.64086e+06,,,,,,,,,,,,,,,,,,,,,,1291,,,,,,,
1.64099e+06,61100,63400,62300,59900,59900,70000,1.2e+06,1.2e+06,1.2e+06,1.2e+06,1.596e+06,1.596e+06,,,,,,,,,,,9.4e+06,79.6117,88.8889,61.6162,35.3535,60.6061,61.6162
1.64124e+06,,,,,,,,,,,,,,,,,,,,,,982,,,,,,,
1.64143e+06,,,,,,,,,,,,,,,,,,,,,,930,,,,,,,
1.6416e+06,,,,,,,,,,,,,,,,,,,,,,833,,,,,,,
1.64177e+06,,,,,,,,,,,,,,,,,,,,,,1304,,,,,,,
1.64199e+06,,,,,,,,,,,,,,,,,,,,,,1051,,,,,,,
1.642e+06,61100,63000,62300,60100,59700,70000,1.2e+06,1.2e+06,1.2e+06,1.2e+06,1.596e+06,1.596e+06,,,,,,,,,,,9.1746e+06,79,85.8586,60,36,60,62
1.64215e+06,,,,,,,,,,,,,,,,,,,,,,683,,,,,,,
1.64215e+06,,,,,,,,,,,,,,,,,,,,,,822,,,,,,,
1.6423e+06,,,,,,,,,,,,,,,,,,,,,,819,,,,,,,
1.64232e+06,,,,,,,,,,,,,,,,,,,,,,1254,,,,,,,
1.64242e+06,,,,,,,,,,,,,,,,,,,,,,1292,,,,,,,
1.64272e+06,,,,,,,,,,,,,,66.62,60.81,,,,,,,,,,,,,,
1.64286e+06,,,,,,,,,,,,,,,,,,,,,,983,,,,,,,
1.64288e+06,,,,,,,,,,,,,,,,,,,,,,1305,,,,,,,
1.64299e+06,61100,63200,62100,60100,59700,70000,1.2e+06,1.2e+06,1.2e+06,1.2e+06,1.596e+06,1.596e+06,,,,,,,,,,,9.9546e+06,84.3137,85,58,39,60.396,60.2041
1.64307e+06,,,,,,,,,,,,,,,,,,,,,,931,,,,,,,
1.64326e+06,,,,,,,,,,,,,,,,,,,,,,834,,,,,,,
1.64344e+06,,,,,,,,,,,,,,,,,,,,,,1255,,,,,,,
1.64353e+06,,,,,,,,,,,,,,,,,,,,,,1293,,,,,,,
1.6436e+06,,,,,,,,,,,,,,,,,,,,,,1052,,,,,,,
1.64381e+06,,,,,,,,,,,,,,,,,,,,,,823,,,,,,,
1.64396e+06,,,,,,,,,,,,,,,,,,,,,,820,,,,,,,
1.64399e+06,,,,,,,,,,,,,,,,,,,,,,1306,,,,,,,
1.644e+06,60900,63200,62100,60100,59900,70000,1.2e+06,1.2e+06,1.2e+06,1.2e+06,1.596e+06,1.596e+06,,,,,,,,,,,9.3644e+06,81,85.8586,57,28.2828,57.5758,58.5859
1.64433e+06,,,,,,,,,,,,,,,,,,,,,,684,,,,,,,
1.64449e+06,,,,,,,,,,,,,,,,,,,,,,984,,,,,,,
1.64464e+06,,,,,,,,,,,,,,,,,,,,,,1294,,,,,,,
1.64471e+06,,,,,,,,,,,,,,,,,,,,,,932,,,,,,,
1.64487e+06,,,,,,,,,,,,,24.343,,,,,,,,,,,,,,,,
1.64499e+06,60900,62500,62100,60100,59500,70000,1.2e+06,1.2e+06,1.2e+06,1.2e+06,1.596e+06,1.596e+06,,,,,,,,,,,9.0592e+06,82.1782,84.8485,56.4356,28.2828,58.4158,59
1.645e+06,,,,,,,,,,,,,,,,,,,,,,1256,,,,,,,
1.64521e+06,,,,,,,,,,,,,,,,,,,,,,1053,,,,,,,
1.64539e+06,,,,,,,,,,,,,,,,,,,,,,835,,,,,,,
1.64555e+06,,,,,,,,,,,,,,,,,,,,,,1307,,,,,,,
1.64595e+06,,,,,,,,,,,,,,,,,,,,,,824,,,,,,,
1.64599e+06,60700,63000,61900,60100,59700,70000,1.2e+06,1.2e+06,1.2e+06,1.2e+06,1.596e+06,1.596e+06,,,,,,,,,,,9.066e+06,81.1881,89,62.6263,34.6939,59.1837,58.5859
1.6461e+06,,,,,,,,,,,,,,,,,,,,,,821,,,,,,,
1.64612e+06,,,,,,,,,,,,,,,,,,,,,,1257,,,,,,,
1.64612e+06,,,,,,,,,,,,,,,,,,,,,,985,,,,,,,
1.6462e+06,,,,,,,,,,,,,,,,,,,,,,1295,,,,,,,
1.64634e+06,,,,,,,,,,,,,,,,,,,,,,933,,,,,,,
1.647e+06,60900,62300,61900,60100,59700,70000,1.2e+06,1.2e+06,1.2e+06,1.2e+06,1.596e+06,1.596e+06,,,,,,,,,,,8.5748e+06,80.198,85.8586,59.2233,37.2549,56.4356,58.5859
1.64701e+06,,,,,,,,,,,,,,,,,,,,,,685,,,,,,,
1.64705e+06,,,,,,,,,,,,,,,,,,,,,,836,,,,,,,
1.64724e+06,,,,,,,,,,,,,,,,,,,,,,1258,,,,,,,
1.64731e+06,,,,,,,,,,,,,,,,,,,,,,1296,,,,,,,
1.64774e+06,,,,,,,,,,,,,,,,,,,,,,986,,,,,,,
1.64777e+06,,,,,,,,,,,,,,,,,,,,,,1309,,,,,,,
1.64796e+06,,,,,,,,,,,,,,,,,,,,,,1055,,,,,,,
1.64799e+06,61100,63000,62100,60100,59900,70000,1.2e+06,1.2e+06,1.2e+06,1.2e+06,1.596e+06,1.596e+06,,,,,,,,,,,8.73e+06,80.3922,88.8889,63.6364,36.3636,63.6364,63.9175
1.64809e+06,,,,,,,,,,,,,,,,,,,,,,825,,,,,,,
1.64824e+06,,,,,,,,,,,,,,,,,,,,,,822,,,,,,,
1.64842e+06,,,,,,,,,,,,,,,,,,,,,,1297,,,,,,,
1.64845e+06,,,,,,,,,,,,,,,,,,,,,,934,,,,,,,
1.6488e+06,,,,,,,,,,,,,,,,,,,,,,1259,,,,,,,
1.64899e+06,61100,62500,62100,60100,60100,70000,1.2e+06,1.2e+06,1.2e+06,1.2e+06,1.596e+06,1.596e+06,,,,,,,,,,,9.159e+06,79.798,85.8586,58,34.6939,59,60
1.64919e+06,,,,,,,,,,,,,,,,,,,,,,686,,,,,,,
1.64919e+06,,,,,,,,,,,,,,,,,,,,,,837,,,,,,,
1.64937e+06,,,,,,,,,,,,,,,,,,,,,,987,,,,,,,
1.64957e+06,,,,,,,,,,,,,,,,,,,,,,1056,,,,,,,
1.64975e+06,,,,,,,,,,,,,,,,,,,,,,826,,,,,,,
1.6499e+06,,,,,,,,,,,,,,,,,,,,,,823,,,,,,,
1.64992e+06,,,,,,,,,,,,,,,,,,,,,,1260,,,,,,,
1.64998e+06,,,,,,,,,,,,,,,,,,,,,,1298,,,,,,,
1.65e+06,60900,62800,62100,60100,60100,70000,1.2e+06,1.2e+06,1.2e+06,1.2e+06,1.596e+06,1.596e+06,,,,,,,,,,,9.0804e+06,84.1584,85.8586,57,33.6634,60.396,60
1.65009e+06,,,,,,,,,,,,,,,,,,,,,,935,,,,,,,
1.65043e+06,,,,,,,,,,,,,,,,,,,,,,1311,,,,,,,
1.65099e+06,,,,,,,,,,,,,,,,,,,,,,988,,,,,,,
1.651e+06,61100,63200,62100,60100,59700,70000,1.2e+06,1.2e+06,1.2e+06,1.2e+06,1.596e+06,1.596e+06,,,,,,,,,,,9.3898e+06,83,85,57,30,59.596,61
1.65109e+06,,,,,,,,,,,,,,,,,,,,,,1299,,,,,,,
1.65118e+06,,,,,,,,,,,,,,,,,,,,,,1057,,,,,,,
1.65132e+06,,,,,,,,,,,,,,,,,,,,,,838,,,,,,,
1.65148e+06,,,,,,,,,,,,,,,,,,,,,,1261,,,,,,,
1.65154e+06,,,,,,,,,,,,,,,,,,,,,,1312,,,,,,,
1.65173e+06,,,,,,,,,,,,,,,,,,,,,,936,,,,,,,
1.65186e+06,,,,,,,,,,,,,,,,,,,,,,687,,,,,,,
1.65189e+06,,,,,,,,,,,,,,,,,,,,,,827,,,,,,,
1.652e+06,60900,63000,62100,60100,59900,70000,1.2e+06,1.2e+06,1.2e+06,1.2e+06,1.596e+06,1.596e+06,,,,,,,,,,,8.9248e+06,80.198,87,58.8235,29.703,57.5758,58.5859
1.65205e+06,,,,,,,,,,,,,,,,,,,,,,824,,,,,,,
1.6522e+06,,,,,,,,,,,,,,,,,,,,,,1300,,,,,,,
1.6526e+06,,,,,,,,,,,,,,,,,,,,,,1262,,,,,,,
1.65265e+06,,,,,,,,,,,,,,,,,,,,,,1313,,,,,,,
1.6528e+06,,,,,,,,,,,,,,,,,,,,,,1058,,,,,,,
1.65284e+06,,,,,,,,,,,,,,66.70,60.86,,,,,,,,,,,,,,
1.65298e+06,,,,,,,,,,,,,,,,,,,,,,839,,,,,,,
1.65299e+06,60900,63000,62100,60100,59700,70000,1.2e+06,1.2e+06,1.2e+06,1.2e+06,1.596e+06,1.596e+06,,,,,,,,,,,9.5978e+06,79.6117,87.7551,63.6364,38.1443,58.5859,57
1.6531e+06,,,,,,,,,,,,,,,,,,,,,,989,,,,,,,
1.65336e+06,,,,,,,,,,,,,,,,,,,,,,937,,,,,,,
1.65371e+06,,,,,,,,,,,,,,,,,,,,,,1263,,,,,,,
1.65376e+06,,,,,,,,,,,,,,,,,,,,,,1301,,,,,,,
1.654e+06,61100,62500,62300,60100,59700,70000,1.2e+06,1.2e+06,1.2e+06,1.2e+06,1.596e+06,1.596e+06,,,,,,,,,,,8.963e+06,80.8081,87,59,35.3535,57.4257,59.596
1.65403e+06,,,,,,,,,,,,,,,,,,,,,,828,,,,,,,
1.65404e+06,,,,,,,,,,,,,,,,,,,,,,688,,,,,,,
1.65418e+06,,,,,,,,,,,,,,,,,,,,,,825,,,,,,,
1.6542e+06,,,,,,,,,,,,,,,,,,,,,,1314,,,,,,,
1.65441e+06,,,,,,,,,,,,,,,,,,,,,,1059,,,,,,,
1.65472e+06,,,,,,,,,,,,,,,,,,,,,,990,,,,,,,
1.65487e+06,,,,,,,,,,,,,,,,,,,,,,1302,,,,,,,
1.65493e+06,,,,,,,,,,,,,24.353,,,,,,,,,,,,,,,,
1.655e+06,61100,63000,62300,60100,59900,70000,1.2e+06,1.2e+06,1.2e+06,1.2e+06,1.596e+06,1.596e+06,,,,,,,,,,,8.5982e+06,79.2079,87.8788,64,35.6436,63.2653,64.2857
1.65512e+06,,,,,,,,,,,,,,,,,,,,,,840,,,,,,,
1.65528e+06,,,,,,,,,,,,,,,,,,,,,,1264,,,,,,,
1.65531e+06,,,,,,,,,,,,,,,,,,,,,,1315,,,,,,,
1.65547e+06,,,,,,,,,,,,,,,,,,,,,,938,,,,,,,
1.65569e+06,,,,,,,,,,,,,,,,,,,,,,829,,,,,,,
1.65585e+06,,,,,,,,,,,,,,,,,,,,,,826,,,,,,,
1.65598e+06,,,,,,,,,,,,,,,,,,,,,,1303,,,,,,,
1.65599e+06,61100,62800,62300,60100,59900,70000,1.2e+06,1.2e+06,1.2e+06,1.2e+06,1.596e+06,1.596e+06,,,,,,,,,,,8.2602e+06,80.198,85.8586,58.4158,34.6939,57.8431,58.5859
1.65602e+06,,,,,,,,,,,,,,,,,,,,,,1060,,,,,,,
1.65622e+06,,,,,,,,,,,,,,,,,,,,,,689,,,,,,,
1.65634e+06,,,,,,,,,,,,,,,,,,,,,,991,,,,,,,
1.6564e+06,,,,,,,,,,,,,,,,,,,,,,1265,,,,,,,
1.65643e+06,,,,,,,,,,,,,,,,,,,,,,1316,,,,,,,
1.65699e+06,60900,62500,62300,60300,59900,70000,1.2e+06,1.2e+06,1.2e+06,1.2e+06,1.596e+06,1.596e+06,,,,,,,,,,,8.652e+06,83.1683,84.8485,56.8627,31,59.596,60
1.65711e+06,,,,,,,,,,,,,,,,,,,,,,939,,,,,,,
1.65725e+06,,,,,,,,,,,,,,,,,,,,,,841,,,,,,,
1.65754e+06,,,,,,,,,,,,,,,,,,,,,,1304,,,,,,,
1.65763e+06,,,,,,,,,,,,,,,,,,,,,,1061,,,,,,,
1.65783e+06,,,,,,,,,,,,,,,,,,,,,,830,,,,,,,
1.65796e+06,,,,,,,,,,,,,,,,,,,,,,1266,,,,,,,
1.65797e+06,,,,,,,,,,,,,,,,,,,,,,992,,,,,,,
1.65798e+06,,,,,,,,,,,,,,,,,,,,,,1317,,,,,,,
1.65799e+06,,,,,,,,,,,,,,,,,,,,,,827,,,,,,,
1.658e+06,61100,62800,61900,60100,60100,70000,1.2e+06,1.2e+06,1.2e+06,1.2e+06,1.596e+06,1.596e+06,,,,,,,,,,,9.529e+06,83.1683,86,56.5657,28.4314,60,61.6162
1.65865e+06,,,,,,,,,,,,,,,,,,,,,,1305,,,,,,,
1.65875e+06,,,,,,,,,,,,,,,,,,,,,,940,,,,,,,
1.65889e+06,,,,,,,,,,,,,,,,,,,,,,690,,,,,,,
1.65891e+06,,,,,,,,,,,,,,,,,,,,,,842,,,,,,,
1.65899e+06,61100,63200,62300,60100,59900,70000,1.2e+06,1.2e+06,1.2e+06,1.2e+06,1.596e+06,1.596e+06,,,,,,,,,,,9.2632e+06,80.3922,88.7755,59,30.9278,59.596,58
1.65908e+06,,,,,,,,,,,,,,,,,,,,,,1267,,,,,,,
1.6591e+06,,,,,,,,,,,,,,,,,,,,,,1318,,,,,,,
1.65924e+06,,,,,,,,,,,,,,,,,,,,,,1062,,,,,,,
1.6596e+06,,,,,,,,,,,,,,,,,,,,,,993,,,,,,,
1.65976e+06,,,,,,,,,,,,,,,,,,,,,,1306,,,,,,,
1.65997e+06,,,,,,,,,,,,,,,,,,,,,,831,,,,,,,
1.66e+06,61100,62800,61900,60100,59700,70000,1.2e+06,1.2e+06,1.2e+06,1.2e+06,1.596e+06,1.596e+06,,,,,,,,,,,8.8924e+06,80.8081,85,62,35.3535,55.5556,58.1633
1.66013e+06,,,,,,,,,,,,,,,,,,,,,,828,,,,,,,
1.6602e+06,,,,,,,,,,,,,,,,,,,,,,1268,,,,,,,
1.6602e+06,,,,,,,,,,,,,,,,,,,,,,1319,,,,,,,
1.66038e+06,,,,,,,,,,,,,,,,,,,,,,1063,,,,,,,
1.66038e+06,,,,,,,,,,,,,,,,,,,,,,941,,,,,,,
1.661e+06,61100,62500,61900,60100,59900,70000,1.2e+06,1.2e+06,1.2e+06,1.2e+06,1.596e+06,1.596e+06,,,,,,,,,,,9.413e+06,79.6117,89.899,60,36.6337,59.596,60
1.66105e+06,,,,,,,,,,,,,,,,,,,,,,843,,,,,,,
1.66107e+06,,,,,,,,,,,,,,,,,,,,,,691,,,,,,,
1.66123e+06,,,,,,,,,,,,,,,,,,,,,,994,,,,,,,
1.66132e+06,,,,,,,,,,,,,,,,,,,,,,1307,,,,,,,
1.66163e+06,,,,,,,,,,,,,,,,,,,,,,832,,,,,,,
1.66176e+06,,,,,,,,,,,,,,,,,,,,,,1320,,,,,,,
1.66176e+06,,,,,,,,,,,,,,,,,,,,,,1269,,,,,,,
1.66179e+06,,,,,,,,,,,,,,,,,,,,,,829,,,,,,,
1.66199e+06,,,,,,,,,,,,,,,,,,,,,,1064,,,,,,,
1.662e+06,61100,62500,61900,60300,59900,70000,1.2e+06,1.2e+06,1.2e+06,1.2e+06,1.596e+06,1.596e+06,,,,,,,,,,,8.481e+06,80.198,85.8586,62,37,62,63.6364
1.66243e+06,,,,,,,,,,,,,,,,,,,,,,1308,,,,,,,
1.66249e+06,,,,,,,,,,,,,,,,,,,,,,942,,,,,,,
1.66271e+06,,,,,,,,,,,,,,,,,,,,,,844,,,,,,,
1.66285e+06,,,,,,,,,,,,,,,,,,,,,,995,,,,,,,
1.66287e+06,,,,,,,,,,,,,,,,,,,,,,1321,,,,,,,
1.66288e+06,,,,,,,,,,,,,,,,,,,,,,1270,,,,,,,
1.663e+06,60900,63200,62300,60100,59900,70000,1.2e+06,1.2e+06,1.2e+06,1.2e+06,1.596e+06,1.596e+06,,,,,,,,,,,9.1674e+06,82,84.8485,57.4257,37.6238,60,59.1837
1.663e+06,,,,,,,,,,,,,,66.62,60.77,,,,,,,,,,,,,,
1.6636e+06,,,,,,,,,,,,,,,,,,,,,,1065,,,,,,,
1.66373e+06,,,,,,,,,,,,,,,,,,,,,,692,,,,,,,
1.66377e+06,,,,,,,,,,,,,,,,,,,,,,833,,,,,,,
1.66393e+06,,,,,,,,,,,,,,,,,,,,,,830,,,,,,,
1.66398e+06,,,,,,,,,,,,,,,,,,,,,,1322,,,,,,,
1.664e+06,61100,62800,62100,60500,59900,70000,1.2e+06,1.2e+06,1.2e+06,1.2e+06,1.596e+06,1.596e+06,,,,,,,,,,,9.5782e+06,81.3725,86,57.8431,29,58,58
1.66413e+06,,,,,,,,,,,,,,,,,,,,,,943,,,,,,,
1.66448e+06,,,,,,,,,,,,,,,,,,,,,,996,,,,,,,
1.66499e+06,,,,,,,,,,,,,24.364,,,,,,,,,,,,,,,,
1.66499e+06,61300,63000,62300,60300,59900,70000,1.2e+06,1.2e+06,1.2e+06,1.2e+06,1.596e+06,1.596e+06,,,,,,,,,,,9.7764e+06,84,85.8586,55.5556,28,59.1837,60.6061
1.6651e+06,,,,,,,,,,,,,,,,,,,,,,1310,,,,,,,
1.66522e+06,,,,,,,,,,,,,,,,,,,,,,1066,,,,,,,
1.66554e+06,,,,,,,,,,,,,,,,,,,,,,1323,,,,,,,
1.66557e+06,,,,,,,,,,,,,,,,,,,,,,1272,,,,,,,
1.66576e+06,,,,,,,,,,,,,,,,,,,,,,944,,,,,,,
1.66591e+06,,,,,,,,,,,,,,,,,,,,,,834,,,,,,,
1.66592e+06,,,,,,,,,,,,,,,,,,,,,,693,,,,,,,
1.66599e+06,61100,63000,62100,60100,59700,70000,1.2e+06,1.2e+06,1.2e+06,1.2e+06,1.596e+06,1.596e+06,,,,,,,,,,,9.4068e+06,80.3922,88,61.6162,35,59.596,58.5859
1.66607e+06,,,,,,,,,,,,,,,,,,,,,,831,,,,,,,
1.6661e+06,,,,,,,,,,,,,,,,,,,,,,997,,,,,,,
1.66621e+06,,,,,,,,,,,,,,,,,,,,,,1311,,,,,,,
1.66665e+06,,,,,,,,,,,,,,,,,,,,,,1324,,,,,,,
1.66668e+06,,,,,,,,,,,,,,,,,,,,,,1273,,,,,,,
1.66683e+06,,,,,,,,,,,,,,,,,,,,,,1067,,,,,,,
1.66698e+06,,,,,,,,,,,,,,,,,,,,,,846,,,,,,,
1.667e+06,61100,62500,62300,60100,59900,70000,1.2e+06,1.2e+06,1.2e+06,1.2e+06,1.596e+06,1.596e+06,,,,,,,,,,,9.5036e+06,81,86,60.396,35.3535,56.4356,57.5758
1.66732e+06,,,,,,,,,,,,,,,,,,,,,,1312,,,,,,,
1.6674e+06,,,,,,,,,,,,,,,,,,,,,,945,,,,,,,
1.66757e+06,,,,,,,,,,,,,,,,,,,,,,835,,,,,,,
1.66773e+06,,,,,,,,,,,,,,,,,,,,,,998,,,,,,,
1.66773e+06,,,,,,,,,,,,,,,,,,,,,,832,,,,,,,
1.66776e+06,,,,,,,,,,,,,,,,,,,,,,1325,,,,,,,
1.668e+06,61100,63200,62300,60500,60100,70000,1.2e+06,1.2e+06,1.2e+06,1.2e+06,1.596e+06,1.596e+06,,,,,,,,,,,8.4918e+06,79.6117,89.7959,61.3861,36.6337,61,62.2449
1.6681e+06,,,,,,,,,,,,,,,,,,,,,,694,,,,,,,
1.66825e+06,,,,,,,,,,,,,,,,,,,,,,1274,,,,,,,
1.66844e+06,,,,,,,,,,,,,,,,,,,,,,1068,,,,,,,
1.66864e+06,,,,,,,,,,,,,,,,,,,,,,847,,,,,,,
1.66888e+06,,,,,,,,,,,,,,,,,,,,,,1313,,,,,,,
1.669e+06,61100,62800,62300,60500,60100,70000,1.2e+06,1.2e+06,1.2e+06,1.2e+06,1.596e+06,1.596e+06,,,,,,,,,,,1.00492e+07,79,84.8485,60,37.6238,60.6061,62
1.66931e+06,,,,,,,,,,,,,,,,,,,,,,1326,,,,,,,
1.66937e+06,,,,,,,,,,,,,,,,,,,,,,1275,,,,,,,
1.66951e+06,,,,,,,,,,,,,,,,,,,,,,946,,,,,,,
1.66971e+06,,,,,,,,,,,,,,,,,,,,,,836,,,,,,,
1.66984e+06,,,,,,,,,,,,,,,,,,,,,,999,,,,,,,
1.66987e+06,,,,,,,,,,,,,,,,,,,,,,833,,,,,,,
1.66999e+06,,,,,,,,,,,,,,,,,,,,,,1314,,,,,,,
1.66999e+06,61100,63200,61900,60300,59900,70000,1.2e+06,1.2e+06,1.2e+06,1.2e+06,1.596e+06,1.596e+06,,,,,,,,,,,9.5982e+06,84.3137,86,57.1429,35.3535,60,60.2041
1.67005e+06,,,,,,,,,,,,,,,,,,,,,,1069,,,,,,,
1.67042e+06,,,,,,,,,,,,,,,,,,,,,,1327,,,,,,,
1.67077e+06,,,,,,,,,,,,,,,,,,,,,,695,,,,,,,
1.67077e+06,,,,,,,,,,,,,,,,,,,,,,848,,,,,,,
1.67093e+06,,,,,,,,,,,,,,,,,,,,,,1276,,,,,,,
1.671e+06,61100,63200,62300,60100,59900,70000,1.2e+06,1.2e+06,1.2e+06,1.2e+06,1.596e+06,1.596e+06,,,,,,,,,,,9.1598e+06,81,85.7143,57.2816,29,57,59
1.6711e+06,,,,,,,,,,,,,,,,,,,,,,1315,,,,,,,
1.67115e+06,,,,,,,,,,,,,,,,,,,,,,947,,,,,,,
1.67146e+06,,,,,,,,,,,,,,,,,,,,,,1000,,,,,,,
1.67153e+06,,,,,,,,,,,,,,,,,,,,,,1328,,,,,,,
1.67166e+06,,,,,,,,,,,,,,,,,,,,,,1070,,,,,,,
1.67185e+06,,,,,,,,,,,,,,,,,,,,,,837,,,,,,,
1.672e+06,60900,63200,62300,60300,59700,70000,1.2e+06,1.2e+06,1.2e+06,1.2e+06,1.596e+06,1.596e+06,,,,,,,,,,,8.3224e+06,82,85,56.4356,28.7129,58.1633,59
1.67201e+06,,,,,,,,,,,,,,,,,,,,,,834,,,,,,,
1.67205e+06,,,,,,,,,,,,,,,,,,,,,,1277,,,,,,,
1.67243e+06,,,,,,,,,,,,,,,,,,,,,,849,,,,,,,
1.67266e+06,,,,,,,,,,,,,,,,,,,,,,1316,,,,,,,
1.67278e+06,,,,,,,,,,,,,,,,,,,,,,948,,,,,,,
1.6728e+06,,,,,,,,,,,,,,,,,,,,,,1071,,,,,,,
1.67295e+06,,,,,,,,,,,,,,,,,,,,,,696,,,,,,,
1.673e+06,61100,62800,62300,60100,59900,70000,1.2e+06,1.2e+06,1.2e+06,1.2e+06,1.596e+06,1.596e+06,,,,,,,,,,,8.6474e+06,80.198,88.8889,63.6364,35.7143,59.4059,57.5758
1.67308e+06,,,,,,,,,,,,,,,,,,,,,,1001,,,,,,,
1.67309e+06,,,,,,,,,,,,,,,,,,,,,,1329,,,,,,,
1.67315e+06,,,,,,,,,,,,,,66.54,60.90,,,,,,,,,,,,,,
1.67351e+06,,,,,,,,,,,,,,,,,,,,,,838,,,,,,,
1.67363e+06,,,,,,,,,,,,,,,,,,,,,,1278,,,,,,,
1.67367e+06,,,,,,,,,,,,,,,,,,,,,,835,,,,,,,
1.67377e+06,,,,,,,,,,,,,,,,,,,,,,1317,,,,,,,
1.674e+06,61300,62100,61900,60300,59700,70000,1.2e+06,1.2e+06,1.2e+06,1.2e+06,1.596e+06,1.596e+06,,,,,,,,,,,9.345e+06,82.1782,86,60.396,36,56.5657,58.1633
1.6742e+06,,,,,,,,,,,,,,,,,,,,,,1330,,,,,,,
1.67441e+06,,,,,,,,,,,,,,,,,,,,,,1072,,,,,,,
1.67442e+06,,,,,,,,,,,,,,,,,,,,,,949,,,,,,,
1.67457e+06,,,,,,,,,,,,,,,,,,,,,,850,,,,,,,
1.67471e+06,,,,,,,,,,,,,,,,,,,,,,1002,,,,,,,
1.67475e+06,,,,,,,,,,,,,,,,,,,,,,1279,,,,,,,
1.67489e+06,,,,,,,,,,,,,,,,,,,,,,1318,,,,,,,
1.675e+06,61100,63600,62300,60500,59900,70000,1.2e+06,1.2e+06,1.2e+06,1.2e+06,1.596e+06,1.596e+06,,,,,,,,,,,9.86e+06,79.4118,89.7959,63.3663,37.6238,63.3663,64
1.67506e+06,,,,,,,,,,,,,24.375,,,,,,,,,,,,,,,,
1.67531e+06,,,,,,,,,,,,,,,,,,,,,,1331,,,,,,,
1.67562e+06,,,,,,,,,,,,,,,,,,,,,,697,,,,,,,
1.67565e+06,,,,,,,,,,,,,,,,,,,,,,839,,,,,,,
1.67581e+06,,,,,,,,,,,,,,,,,,,,,,836,,,,,,,
1.676e+06,61500,63600,62300,60500,59900,70000,1.2e+06,1.2e+06,1.2e+06,1.2e+06,1.596e+06,1.596e+06,,,,,,,,,,,8.2946e+06,79.4118,85.1485,60,35,58.1633,59.596
1.67602e+06,,,,,,,,,,,,,,,,,,,,,,1073,,,,,,,
1.67631e+06,,,,,,,,,,,,,,,,,,,,,,1280,,,,,,,
1.67634e+06,,,,,,,,,,,,,,,,,,,,,,1003,,,,,,,
1.67644e+06,,,,,,,,,,,,,,,,,,,,,,1319,,,,,,,
1.67653e+06,,,,,,,,,,,,,,,,,,,,,,950,,,,,,,
1.6767e+06,,,,,,,,,,,,,,,,,,,,,,851,,,,,,,
1.67686e+06,,,,,,,,,,,,,,,,,,,,,,1332,,,,,,,
1.67699e+06,60900,63200,62300,60300,59900,70000,1.2e+06,1.2e+06,1.2e+06,1.2e+06,1.596e+06,1.596e+06,,,,,,,,,,,9.88e+06,83.8384,85.7143,57.4257,35,60,60.6061
1.67743e+06,,,,,,,,,,,,,,,,,,,,,,1281,,,,,,,
1.67756e+06,,,,,,,,,,,,,,,,,,,,,,1320,,,,,,,
1.67764e+06,,,,,,,,,,,,,,,,,,,,,,1074,,,,,,,
1.67779e+06,,,,,,,,,,,,,,,,,,,,,,840,,,,,,,
1.6778e+06,,,,,,,,,,,,,,,,,,,,,,698,,,,,,,
1.67796e+06,,,,,,,,,,,,,,,,,,,,,,837,,,,,,,
1.67797e+06,,,,,,,,,,,,,,,,,,,,,,1004,,,,,,,
1.67797e+06,,,,,,,,,,,,,,,,,,,,,,1333,,,,,,,
1.67799e+06,61100,63200,62300,60300,59700,70000,1.2e+06,1.2e+06,1.2e+06,1.2e+06,1.596e+06,1.596e+06,,,,,,,,,,,9.311e+06,83.1683,85.1485,57,28.2828,59.596,61
1.67816e+06,,,,,,,,,,,,,,,,,,,,,,951,,,,,,,
1.67836e+06,,,,,,,,,,,,,,,,,,,,,,852,,,,,,,
1.67855e+06,,,,,,,,,,,,,,,,,,,,,,1282,,,,,,,
1.679e+06,61100,63200,62100,60300,59900,70000,1.2e+06,1.2e+06,1.2e+06,1.2e+06,1.596e+06,1.596e+06,,,,,,,,,,,9.4396e+06,80.198,87.8788,58,30.6931,57.4257,58.5859
1.67912e+06,,,,,,,,,,,,,,,,,,,,,,1321,,,,,,,
1.67925e+06,,,,,,,,,,,,,,,,,,,,,,1075,,,,,,,
1.67945e+06,,,,,,,,,,,,,,,,,,,,,,841,,,,,,,
1.67959e+06,,,,,,,,,,,,,,,,,,,,,,1005,,,,,,,
1.6798e+06,,,,,,,,,,,,,,,,,,,,,,952,,,,,,,
1.67998e+06,,,,,,,,,,,,,,,,,,,,,,699,,,,,,,
1.68e+06,61100,62300,62100,60100,59700,70000,1.2e+06,1.2e+06,1.2e+06,1.2e+06,1.596e+06,1.596e+06,,,,,,,,,,,8.664e+06,80.3922,86.8687,63.7255,35.6436,58,56.5657
1.6801e+06,,,,,,,,,,,,,,,,,,,,,,838,,,,,,,
1.68011e+06,,,,,,,,,,,,,,,,,,,,,,1283,,,,,,,
1.68023e+06,,,,,,,,,,,,,,,,,,,,,,1322,,,,,,,
1.6805e+06,,,,,,,,,,,,,,,,,,,,,,853,,,,,,,
1.68064e+06,,,,,,,,,,,,,,,,,,,,,,1335,,,,,,,
1.68086e+06,,,,,,,,,,,,,,,,,,,,,,1076,,,,,,,
1.68099e+06,61100,62300,62300,60500,59900,70000,1.2e+06,1.2e+06,1.2e+06,1.2e+06,1.596e+06,1.596e+06,,,,,,,,,,,9.8396e+06,80.3922,86.8687,58.4158,35.3535,57.5758,59.596
1.68121e+06,,,,,,,,,,,,,,,,,,,,,,1006,,,,,,,
1.68123e+06,,,,,,,,,,,,,,,,,,,,,,1284,,,,,,,
1.68134e+06,,,,,,,,,,,,,,,,,,,,,,1323,,,,,,,
1.68144e+06,,,,,,,,,,,,,,,,,,,,,,953,,,,,,,
1.68175e+06,,,,,,,,,,,,,,,,,,,,,,1336,,,,,,,
1.68176e+06,,,,,,,,,,,,,,,,,,,,,,839,,,,,,,
1.682e+06,61100,63200,62100,60100,60100,70000,1.2e+06,1.2e+06,1.2e+06,1.2e+06,1.596e+06,1.596e+06,,,,,,,,,,,9.2604e+06,79,88,63.6364,34.6939,63.6364,64.6465
1.68247e+06,,,,,,,,,,,,,,,,,,,,,,1077,,,,,,,
1.68263e+06,,,,,,,,,,,,,,,,,,,,,,854,,,,,,,
1.68265e+06,,,,,,,,,,,,,,,,,,,,,,700,,,,,,,
1.6828e+06,,,,,,,,,,,,,,,,,,,,,,1285,,,,,,,
1.68284e+06,,,,,,,,,,,,,,,,,,,,,,1007,,,,,,,
1.68286e+06,,,,,,,,,,,,,,,,,,,,,,1337,,,,,,,
1.6829e+06,,,,,,,,,,,,,,,,,,,,,,1324,,,,,,,
1.683e+06,61100,63200,61900,60100,59700,70000,1.2e+06,1.2e+06,1.2e+06,1.2e+06,1.596e+06,1.596e+06,,,,,,,,,,,8.7108e+06,80.3922,85,57.4257,37,57,59
1.68328e+06,,,,,,,,,,,,,,66.58,60.86,,,,,,,,,,,,,,
1.68373e+06,,,,,,,,,,,,,,,,,,,,,,843,,,,,,,
1.6839e+06,,,,,,,,,,,,,,,,,,,,,,840,,,,,,,
1.68392e+06,,,,,,,,,,,,,,,,,,,,,,1286,,,,,,,
1.68399e+06,61100,62800,62100,60100,59900,70000,1.2e+06,1.2e+06,1.2e+06,1.2e+06,1.596e+06,1.596e+06,,,,,,,,,,,8.7988e+06,83.8384,86.7347,58,33.3333,58.5859,60
1.68401e+06,,,,,,,,,,,,,,,,,,,,,,1325,,,,,,,
1.68409e+06,,,,,,,,,,,,,,,,,,,,,,1078,,,,,,,
1.68429e+06,,,,,,,,,,,,,,,,,,,,,,855,,,,,,,
1.68442e+06,,,,,,,,,,,,,,,,,,,,,,1338,,,,,,,
1.68447e+06,,,,,,,,,,,,,,,,,,,,,,1008,,,,,,,
1.68484e+06,,,,,,,,,,,,,,,,,,,,,,701,,,,,,,
1.685e+06,60700,63000,62100,60100,60100,70000,1.2e+06,1.2e+06,1.2e+06,1.2e+06,1.596e+06,1.596e+06,,,,,,,,,,,9.265e+06,84,86,57.4257,27.551,59.596,61
1.68503e+06,,,,,,,,,,,,,,,,,,,,,,1287,,,,,,,
1.68512e+06,,,,,,,,,,,,,,,,,,,,,,1326,,,,,,,
1.68513e+06,,,,,,,,,,,,,24.353,,,,,,,,,,,,,,,,
1.68518e+06,,,,,,,,,,,,,,,,,,,,,,955,,,,,,,
1.68522e+06,,,,,,,,,,,,,,,,,,,,,,1079,,,,,,,
1.68539e+06,,,,,,,,,,,,,,,,,,,,,,844,,,,,,,
1.68553e+06,,,,,,,,,,,,,,,,,,,,,,1339,,,,,,,
1.686e+06,61100,63200,62300,60300,59900,70000,1.2e+06,1.2e+06,1.2e+06,1.2e+06,1.596e+06,1.596e+06,,,,,,,,,,,9.7818e+06,80.3922,88,59.596,31,60.396,58.1633
1.68604e+06,,,,,,,,,,,,,,,,,,,,,,841,,,,,,,
1.68609e+06,,,,,,,,,,,,,,,,,,,,,,1009,,,,,,,
1.68643e+06,,,,,,,,,,,,,,,,,,,,,,856,,,,,,,
1.6866e+06,,,,,,,,,,,,,,,,,,,,,,1288,,,,,,,
1.68664e+06,,,,,,,,,,,,,,,,,,,,,,1340,,,,,,,
1.68668e+06,,,,,,,,,,,,,,,,,,,,,,1327,,,,,,,
1.68682e+06,,,,,,,,,,,,,,,,,,,,,,956,,,,,,,
1.68683e+06,,,,,,,,,,,,,,,,,,,,,,1080,,,,,,,
1.687e+06,60900,62500,62100,60100,59700,70000,1.2e+06,1.2e+06,1.2e+06,1.2e+06,1.596e+06,1.596e+06,,,,,,,,,,,9.2516e+06,80.198,85.7143,62.3762,36.6337,55.4455,58
1.68753e+06,,,,,,,,,,,,,,,,,,,,,,845,,,,,,,
1.6877e+06,,,,,,,,,,,,,,,,,,,,,,842,,,,,,,
1.68771e+06,,,,,,,,,,,,,,,,,,,,,,1289,,,,,,,
1.68775e+06,,,,,,,,,,,,,,,,,,,,,,1341,,,,,,,
1.68779e+06,,,,,,,,,,,,,,,,,,,,,,1328,,,,,,,
1.688e+06,61100,62500,62300,60300,59900,70000,1.2e+06,1.2e+06,1.2e+06,1.2e+06,1.596e+06,1.596e+06,,,,,,,,,,,8.4726e+06,80.3922,89,59.4059,37.3737,59.596,60.2041
1.68809e+06,,,,,,,,,,,,,,,,,,,,,,857,,,,,,,
1.6882e+06,,,,,,,,,,,,,,,,,,,,,,1010,,,,,,,
1.68844e+06,,,,,,,,,,,,,,,,,,,,,,1081,,,,,,,
1.68846e+06,,,,,,,,,,,,,,,,,,,,,,957,,,,,,,
1.6889e+06,,,,,,,,,,,,,,,,,,,,,,1329,,,,,,,
1.68899e+06,60700,62800,62100,60100,59700,70000,1.2e+06,1.2e+06,1.2e+06,1.2e+06,1.596e+06,1.596e+06,,,,,,,,,,,9.0466e+06,80.198,85.8586,62.3762,37.2549,62,63.6364
1.68928e+06,,,,,,,,,,,,,,,,,,,,,,1290,,,,,,,
1.6893e+06,,,,,,,,,,,,,,,,,,,,,,1342,,,,,,,
1.68967e+06,,,,,,,,,,,,,,,,,,,,,,846,,,,,,,
1.68968e+06,,,,,,,,,,,,,,,,,,,,,,703,,,,,,,
1.68982e+06,,,,,,,,,,,,,,,,,,,,,,1011,,,,,,,
1.68984e+06,,,,,,,,,,,,,,,,,,,,,,843,,,,,,,
1.69e+06,61100,63000,62300,60100,59700,70000,1.2e+06,1.2e+06,1.2e+06,1.2e+06,1.596e+06,1.596e+06,,,,,,,,,,,8.1006e+06,82.1782,85.8586,58,36,59,59
1.69006e+06,,,,,,,,,,,,,,,,,,,,,,1082,,,,,,,
1.69009e+06,,,,,,,,,,,,,,,,,,,,,,958,,,,,,,
1.69022e+06,,,,,,,,,,,,,,,,,,,,,,858,,,,,,,
1.6904e+06,,,,,,,,,,,,,,,,,,,,,,1291,,,,,,,
1.69041e+06,,,,,,,,,,,,,,,,,,,,,,1343,,,,,,,
1.69046e+06,,,,,,,,,,,,,,,,,,,,,,1330,,,,,,,
1.691e+06,60900,62500,62300,60300,59900,70000,1.2e+06,1.2e+06,1.2e+06,1.2e+06,1.596e+06,1.596e+06,,,,,,,,,,,1.01452e+07,81.3725,86,55.8824,31.6832,57.5758,58.4158
1.69133e+06,,,,,,,,,,,,,,,,,,,,,,847,,,,,,,
1.69144e+06,,,,,,,,,,,,,,,,,,,,,,1012,,,,,,,
1.69152e+06,,,,,,,,,,,,,,,,,,,,,,1344,,,,,,,
1.69153e+06,,,,,,,,,,,,,,,,,,,,,,1292,,,,,,,
1.69157e+06,,,,,,,,,,,,,,,,,,,,,,1331,,,,,,,
1.69167e+06,,,,,,,,,,,,,,,,,,,,,,1083,,,,,,,
1.69186e+06,,,,,,,,,,,,,,,,,,,,,,704,,,,,,,
1.69198e+06,,,,,,,,,,,,,,,,,,,,,,844,,,,,,,
1.692e+06,60700,62500,61900,60100,59900,70000,1.2e+06,1.2e+06,1.2e+06,1.2e+06,1.596e+06,1.596e+06,,,,,,,,,,,9.053e+06,82.8283,85.8586,56.1224,27.551,60,60.2041
1.6922e+06,,,,,,,,,,,,,,,,,,,,,,959,,,,,,,
1.69236e+06,,,,,,,,,,,,,,,,,,,,,,859,,,,,,,
1.69269e+06,,,,,,,,,,,,,,,,,,,,,,1332,,,,,,,
1.69299e+06,60900,63200,62300,60300,59900,70000,1.2e+06,1.2e+06,1.2e+06,1.2e+06,1.596e+06,1.596e+06,,,,,,,,,,,8.5578e+06,80.3922,87.8788,62.7451,33.6634,59.596,58.1633
1.69307e+06,,,,,,,,,,,,,,,,,,,,,,1013,,,,,,,
1.69307e+06,,,,,,,,,,,,,,,,,,,,,,1345,,,,,,,
1.69309e+06,,,,,,,,,,,,,,,,,,,,,,1293,,,,,,,
1.69328e+06,,,,,,,,,,,,,,,,,,,,,,1084,,,,,,,
1.69338e+06,,,,,,,,,,,,,,66.58,60.73,,,,,,,,,,,,,,
1.69347e+06,,,,,,,,,,,,,,,,,,,,,,848,,,,,,,
1.69364e+06,,,,,,,,,,,,,,,,,,,,,,845,,,,,,,
1.69384e+06,,,,,,,,,,,,,,,,,,,,,,960,,,,,,,
1.694e+06,60700,62500,62300,60300,59700,70000,1.2e+06,1.2e+06,1.2e+06,1.2e+06,1.596e+06,1.596e+06,,,,,,,,,,,9.0772e+06,81,86,60.6061,36.3636,58,59
1.69402e+06,,,,,,,,,,,,,,,,,,,,,,860,,,,,,,
1.69419e+06,,,,,,,,,,,,,,,,,,,,,,1346,,,,,,,
1.69421e+06,,,,,,,,,,,,,,,,,,,,,,1294,,,,,,,
1.69424e+06,,,,,,,,,,,,,,,,,,,,,,1333,,,,,,,
1.69454e+06,,,,,,,,,,,,,,,,,,,,,,705,,,,,,,
1.69469e+06,,,,,,,,,,,,,,,,,,,,,,1014,,,,,,,
1.695e+06,61100,62600,62300,60100,59900,70000,1.2e+06,1.2e+06,1.2e+06,1.2e+06,1.596e+06,1.596e+06,,,,,,,,,,,8.5712e+06,79.2079,90,61,36,61.6162,61.6162
1.6952e+06,,,,,,,,,,,,,24.375,,,,,,,,,,,,,,,,
1.6953e+06,,,,,,,,,,,,,,,,,,,,,,1347,,,,,,,
1.69536e+06,,,,,,,,,,,,,,,,,,,,,,1334,,,,,,,
1.69547e+06,,,,,,,,,,,,,,,,,,,,,,961,,,,,,,
1.69561e+06,,,,,,,,,,,,,,,,,,,,,,849,,,,,,,
1.69577e+06,,,,,,,,,,,,,,,,,,,,,,1295,,,,,,,
1.69578e+06,,,,,,,,,,,,,,,,,,,,,,846,,,,,,,
1.696e+06,60900,62500,62300,60300,59700,70000,1.2e+06,1.2e+06,1.2e+06,1.2e+06,1.596e+06,1.596e+06,,,,,,,,,,,8.6644e+06,80,84.8485,61,34.6939,60,61.6162
1.69615e+06,,,,,,,,,,,,,,,,,,,,,,861,,,,,,,
1.69631e+06,,,,,,,,,,,,,,,,,,,,,,1015,,,,,,,
1.69647e+06,,,,,,,,,,,,,,,,,,,,,,1335,,,,,,,
1.6965e+06,,,,,,,,,,,,,,,,,,,,,,1086,,,,,,,
1.69671e+06,,,,,,,,,,,,,,,,,,,,,,706,,,,,,,
1.69685e+06,,,,,,,,,,,,,,,,,,,,,,1348,,,,,,,
1.69689e+06,,,,,,,,,,,,,,,,,,,,,,1296,,,,,,,
1.697e+06,61100,62500,62300,60100,59900,70000,1.2e+06,1.2e+06,1.2e+06,1.2e+06,1.596e+06,1.596e+06,,,,,,,,,,,9.9384e+06,83.3333,85.8586,57.8431,35.6436,60,61
1.69711e+06,,,,,,,,,,,,,,,,,,,,,,962,,,,,,,
1.69727e+06,,,,,,,,,,,,,,,,,,,,,,850,,,,,,,
1.69764e+06,,,,,,,,,,,,,,,,,,,,,,1087,,,,,,,
1.69781e+06,,,,,,,,,,,,,,,,,,,,,,862,,,,,,,
1.69792e+06,,,,,,,,,,,,,,,,,,,,,,847,,,,,,,
1.69794e+06,,,,,,,,,,,,,,,,,,,,,,1016,,,,,,,
1.69796e+06,,,,,,,,,,,,,,,,,,,,,,1349,,,,,,,
1.698e+06,61100,62800,62300,60100,60100,70000,1.2e+06,1.2e+06,1.2e+06,1.2e+06,1.596e+06,1.596e+06,,,,,,,,,,,9.722e+06,81.3725,85.8586,56.5657,28,58,58.5859
1.69802e+06,,,,,,,,,,,,,,,,,,,,,,1336,,,,,,,
1.69846e+06,,,,,,,,,,,,,,,,,,,,,,1297,,,,,,,
1.699e+06,61100,63000,62100,60500,59900,70000,1.2e+06,1.2e+06,1.2e+06,1.2e+06,1.596e+06,1.596e+06,,,,,,,,,,,9.7022e+06,83.1683,85,56.4356,30.3922,59,59
1.69914e+06,,,,,,,,,,,,,,,,,,,,,,1337,,,,,,,
1.69922e+06,,,,,,,,,,,,,,,,,,,,,,963,,,,,,,
1.69925e+06,,,,,,,,,,,,,,,,,,,,,,1088,,,,,,,
1.69938e+06,,,,,,,,,,,,,,,,,,,,,,707,,,,,,,
1.69941e+06,,,,,,,,,,,,,,,,,,,,,,851,,,,,,,
1.69956e+06,,,,,,,,,,,,,,,,,,,,,,1017,,,,,,,
1.69958e+06,,,,,,,,,,,,,,,,,,,,,,1298,,,,,,,
1.69959e+06,,,,,,,,,,,,,,,,,,,,,,848,,,,,,,
1.69995e+06,,,,,,,,,,,,,,,,,,,,,,863,,,,,,,
1.69999e+06,60900,63000,62300,59900,59700,70000,1.2e+06,1.2e+06,1.2e+06,1.2e+06,1.596e+06,1.596e+06,,,,,,,,,,,9.2478e+06,80,88.7755,63,37,58.5859,58.5859
1.70025e+06,,,,,,,,,,,,,,,,,,,,,,1338,,,,,,,
1.70063e+06,,,,,,,,,,,,,,,,,,,,,,1351,,,,,,,
1.70069e+06,,,,,,,,,,,,,,,,,,,,,,1299,,,,,,,
1.70086e+06,,,,,,,,,,,,,,,,,,,,,,964,,,,,,,
1.70086e+06,,,,,,,,,,,,,,,,,,,,,,1089,,,,,,,
1.701e+06,61100,62500,61900,60100,59700,70000,1.2e+06,1.2e+06,1.2e+06,1.2e+06,1.596e+06,1.596e+06,,,,,,,,,,,8.8046e+06,81.1881,85.8586,59,34.6939,56,58
1.70119e+06,,,,,,,,,,,,,,,,,,,,,,1018,,,,,,,
1.70155e+06,,,,,,,,,,,,,,,,,,,,,,852,,,,,,,
1.70156e+06,,,,,,,,,,,,,,,,,,,,,,708,,,,,,,
1.70172e+06,,,,,,,,,,,,,,,,,,,,,,849,,,,,,,
1.70174e+06,,,,,,,,,,,,,,,,,,,,,,1352,,,,,,,
1.70181e+06,,,,,,,,,,,,,,,,,,,,,,1339,,,,,,,
1.702e+06,61300,63000,62300,60100,60100,70000,1.2e+06,1.2e+06,1.2e+06,1.2e+06,1.596e+06,1.596e+06,,,,,,,,,,,8.7686e+06,79.4118,89,64,36,63.6364,64.2857
1.70208e+06,,,,,,,,,,,,,,,,,,,,,,864,,,,,,,
1.70248e+06,,,,,,,,,,,,,,,,,,,,,,1090,,,,,,,
1.70249e+06,,,,,,,,,,,,,,,,,,,,,,965,,,,,,,
1.70281e+06,,,,,,,,,,,,,,,,,,,,,,1019,,,,,,,
1.70285e+06,,,,,,,,,,,,,,,,,,,,,,1353,,,,,,,
1.70292e+06,,,,,,,,,,,,,,,,,,,,,,1340,,,,,,,
1.70299e+06,61100,63000,62300,60300,59900,70000,1.2e+06,1.2e+06,1.2e+06,1.2e+06,1.596e+06,1.596e+06,,,,,,,,,,,9.5306e+06,79.798,86,59,37.2549,58,60
1.70321e+06,,,,,,,,,,,,,,,,,,,,,,853,,,,,,,
1.70337e+06,,,,,,,,,,,,,,,,,,,,,,1301,,,,,,,
1.70355e+06,,,,,,,,,,,,,,66.46,60.69,,,,,,,,,,,,,,
1.70374e+06,,,,,,,,,,,,,,,,,,,,,,865,,,,,,,
1.70374e+06,,,,,,,,,,,,,,,,,,,,,,709,,,,,,,
1.70386e+06,,,,,,,,,,,,,,,,,,,,,,850,,,,,,,
1.704e+06,61100,62800,62300,60300,60100,70000,1.2e+06,1.2e+06,1.2e+06,1.2e+06,1.596e+06,1.596e+06,,,,,,,,,,,9.7378e+06,84.1584,85,58,33.3333,60.6061,62.6263
1.70403e+06,,,,,,,,,,,,,,,,,,,,,,1341,,,,,,,
1.70409e+06,,,,,,,,,,,,,,,,,,,,,,1091,,,,,,,
1.70413e+06,,,,,,,,,,,,,,,,,,,,,,966,,,,,,,
1.7044e+06,,,,,,,,,,,,,,,,,,,,,,1354,,,,,,,
1.70443e+06,,,,,,,,,,,,,,,,,,,,,,1020,,,,,,,
1.70494e+06,,,,,,,,,,,,,,,,,,,,,,1302,,,,,,,
1.705e+06,61100,63200,62300,60300,59700,70000,1.2e+06,1.2e+06,1.2e+06,1.2e+06,1.596e+06,1.596e+06,,,,,,,,,,,9.4066e+06,83.3333,85.7143,57.4257,27,60,60.6061
1.70526e+06,,,,,,,,,,,,,24.386,,,,,,,,,,,,,,,,
1.70535e+06,,,,,,,,,,,,,,,,,,,,,,854,,,,,,,
1.70551e+06,,,,,,,,,,,,,,,,,,,,,,1355,,,,,,,
1.70552e+06,,,,,,,,,,,,,,,,,,,,,,851,,,,,,,
1.70559e+06,,,,,,,,,,,,,,,,,,,,,,1342,,,,,,,
1.7057e+06,,,,,,,,,,,,,,,,,,,,,,1092,,,,,,,
1.70588e+06,,,,,,,,,,,,,,,,,,,,,,866,,,,,,,
1.70599e+06,61100,63400,62300,60100,60100,70000,1.2e+06,1.2e+06,1.2e+06,1.2e+06,1.596e+06,1.596e+06,,,,,,,,,,,9.5316e+06,80.8081,87,57.4257,29.5918,57.4257,58.5859
1.70605e+06,,,,,,,,,,,,,,,,,,,,,,1303,,,,,,,
1.70624e+06,,,,,,,,,,,,,,,,,,,,,,967,,,,,,,
1.70641e+06,,,,,,,,,,,,,,,,,,,,,,710,,,,,,,
1.70662e+06,,,,,,,,,,,,,,,,,,,,,,1356,,,,,,,
1.7067e+06,,,,,,,,,,,,,,,,,,,,,,1343,,,,,,,
1.707e+06,60900,62800,62100,60300,60100,70000,1.2e+06,1.2e+06,1.2e+06,1.2e+06,1.596e+06,1.596e+06,,,,,,,,,,,9.168e+06,80.5825,86.8687,64,35.3535,58.1633,56.5657
1.70717e+06,,,,,,,,,,,,,,,,,,,,,,1304,,,,,,,
1.70731e+06,,,,,,,,,,,,,,,,,,,,,,1093,,,,,,,
1.70749e+06,,,,,,,,,,,,,,,,,,,,,,855,,,,,,,
1.70753e+06,,,,,,,,,,,,,,,,,,,,,,867,,,,,,,
1.70766e+06,,,,,,,,,,,,,,,,,,,,,,852,,,,,,,
1.70767e+06,,,,,,,,,,,,,,,,,,,,,,1022,,,,,,,
1.70781e+06,,,,,,,,,,,,,,,,,,,,,,1344,,,,,,,
1.70787e+06,,,,,,,,,,,,,,,,,,,,,,968,,,,,,,
1.708e+06,61100,62800,62300,60300,59700,70000,1.2e+06,1.2e+06,1.2e+06,1.2e+06,1.596e+06,1.596e+06,,,,,,,,,,,9.276e+06,79.798,87.8788,58,37.6238,57.4257,59.596
1.70818e+06,,,,,,,,,,,,,,,,,,,,,,1357,,,,,,,
1.7086e+06,,,,,,,,,,,,,,,,,,,,,,711,,,,,,,
1.70874e+06,,,,,,,,,,,,,,,,,,,,,,1305,,,,,,,
1.70892e+06,,,,,,,,,,,,,,,,,,,,,,1094,,,,,,,
1.709e+06,60900,63400,62300,60300,60100,70000,1.2e+06,1.2e+06,1.2e+06,1.2e+06,1.596e+06,1.596e+06,,,,,,,,,,,8.3186e+06,80,87.1287,63.3663,35.7143,64,64.6465
1.70915e+06,,,,,,,,,,,,,,,,,,,,,,856,,,,,,,
1.70929e+06,,,,,,,,,,,,,,,,,,,,,,1358,,,,,,,
1.70931e+06,,,,,,,,,,,,,,,,,,,,,,1023,,,,,,,
1.70937e+06,,,,,,,,,,,,,,,,,,,,,,1345,,,,,,,
1.70951e+06,,,,,,,,,,,,,,,,,,,,,,969,,,,,,,
1.70967e+06,,,,,,,,,,,,,,,,,,,,,,868,,,,,,,
1.7098e+06,,,,,,,,,,,,,,,,,,,,,,853,,,,,,,
1.70986e+06,,,,,,,,,,,,,,,,,,,,,,1306,,,,,,,
1.70999e+06,61300,63600,62300,60100,60100,70000,1.2e+06,1.2e+06,1.2e+06,1.2e+06,1.596e+06,1.596e+06,,,,,,,,,,,9.5436e+06,80.3922,85.7143,58,35.3535,56.5657,58.1633
1.71006e+06,,,,,,,,,,,,,,,,,,,,,,1095,,,,,,,
1.7104e+06,,,,,,,,,,,,,,,,,,,,,,1359,,,,,,,
1.71048e+06,,,,,,,,,,,,,,,,,,,,,,1346,,,,,,,
1.71099e+06,61100,63200,62100,60300,60100,70000,1.2e+06,1.2e+06,1.2e+06,1.2e+06,1.596e+06,1.596e+06,,,,,,,,,,,8.5318e+06,83.3333,85.7143,57,31,60.396,59.4059
1.71126e+06,,,,,,,,,,,,,,,,,,,,,,712,,,,,,,
1.71129e+06,,,,,,,,,,,,,,,,,,,,,,857,,,,,,,
1.71142e+06,,,,,,,,,,,,,,,,,,,,,,1307,,,,,,,
1.71142e+06,,,,,,,,,,,,,,,,,,,,,,1024,,,,,,,
1.71146e+06,,,,,,,,,,,,,,,,,,,,,,854,,,,,,,
1.71151e+06,,,,,,,,,,,,,,,,,,,,,,1360,,,,,,,
1.71159e+06,,,,,,,,,,,,,,,,,,,,,,1347,,,,,,,
1.71167e+06,,,,,,,,,,,,,,,,,,,,,,1096,,,,,,,
1.71181e+06,,,,,,,,,,,,,,,,,,,,,,869,,,,,,,
1.712e+06,61100,63200,62300,60500,60100,70000,1.2e+06,1.2e+06,1.2e+06,1.2e+06,1.596e+06,1.596e+06,,,,,,,,,,,8.9516e+06,84.1584,85.1485,56,26.8041,59.596,61
1.71254e+06,,,,,,,,,,,,,,,,,,,,,,1308,,,,,,,
1.713e+06,61100,63200,62300,60300,59900,70000,1.2e+06,1.2e+06,1.2e+06,1.2e+06,1.596e+06,1.596e+06,,,,,,,,,,,9.9186e+06,80,88.8889,60.396,32.3529,58.5859,58.1633
1.71304e+06,,,,,,,,,,,,,,,,,,,,,,1025,,,,,,,
1.71307e+06,,,,,,,,,,,,,,,,,,,,,,1361,,,,,,,
1.71316e+06,,,,,,,,,,,,,,,,,,,,,,1348,,,,,,,
1.71325e+06,,,,,,,,,,,,,,,,,,,,,,971,,,,,,,
1.71328e+06,,,,,,,,,,,,,,,,,,,,,,1097,,,,,,,
1.71343e+06,,,,,,,,,,,,,,,,,,,,,,858,,,,,,,
1.71344e+06,,,,,,,,,,,,,,,,,,,,,,713,,,,,,,
1.71346e+06,,,,,,,,,,,,,,,,,,,,,,870,,,,,,,
1.7136e+06,,,,,,,,,,,,,,,,,,,,,,855,,,,,,,
1.71371e+06,,,,,,,,,,,,,,66.62,60.77,,,,,,,,,,,,,,
1.714e+06,61100,62500,62300,60300,59900,70000,1.2e+06,1.2e+06,1.2e+06,1.2e+06,1.596e+06,1.596e+06,,,,,,,,,,,9.0548e+06,82.1782,85.7143,62.3762,36.3636,56.5657,59.4059
1.71413e+06,,,,,,,,,,,,,,,,,,,,,,1309,,,,,,,
1.71418e+06,,,,,,,,,,,,,,,,,,,,,,1362,,,,,,,
1.71427e+06,,,,,,,,,,,,,,,,,,,,,,1349,,,,,,,
1.71467e+06,,,,,,,,,,,,,,,,,,,,,,1026,,,,,,,
1.71489e+06,,,,,,,,,,,,,,,,,,,,,,972,,,,,,,
1.71489e+06,,,,,,,,,,,,,,,,,,,,,,1098,,,,,,,
1.715e+06,61100,63800,62300,60500,60100,70000,1.2e+06,1.2e+06,1.2e+06,1.2e+06,1.596e+06,1.596e+06,,,,,,,,,,,9.5682e+06,80.3922,89,60,34.6939,59.596,59.596
1.71509e+06,,,,,,,,,,,,,,,,,,,,,,859,,,,,,,
1.71525e+06,,,,,,,,,,,,,,,,,,,,,,1310,,,,,,,
1.71529e+06,,,,,,,,,,,,,,,,,,,,,,1363,,,,,,,
1.71533e+06,,,,,,,,,,,,,24.375,,,,,,,,,,,,,,,,
1.71538e+06,,,,,,,,,,,,,,,,,,,,,,1350,,,,,,,
1.7156e+06,,,,,,,,,,,,,,,,,,,,,,871,,,,,,,
1.71562e+06,,,,,,,,,,,,,,,,,,,,,,714,,,,,,,
1.71574e+06,,,,,,,,,,,,,,,,,,,,,,856,,,,,,,
1.716e+06,61100,63200,61900,60500,59900,70000,1.2e+06,1.2e+06,1.2e+06,1.2e+06,1.596e+06,1.596e+06,,,,,,,,,,,8.5912e+06,79.798,85.8586,63,35,62,63.6364
1.71629e+06,,,,,,,,,,,,,,,,,,,,,,1027,,,,,,,
1.71636e+06,,,,,,,,,,,,,,,,,,,,,,1311,,,,,,,
1.71651e+06,,,,,,,,,,,,,,,,,,,,,,1099,,,,,,,
1.71653e+06,,,,,,,,,,,,,,,,,,,,,,973,,,,,,,
1.71694e+06,,,,,,,,,,,,,,,,,,,,,,1351,,,,,,,
1.717e+06,61100,63200,62300,60300,59900,70000,1.2e+06,1.2e+06,1.2e+06,1.2e+06,1.596e+06,1.596e+06,,,,,,,,,,,9.7662e+06,81.3725,85.1485,57.4257,35.3535,58.5859,59.596
1.71723e+06,,,,,,,,,,,,,,,,,,,,,,860,,,,,,,
1.71741e+06,,,,,,,,,,,,,,,,,,,,,,857,,,,,,,
1.71774e+06,,,,,,,,,,,,,,,,,,,,,,872,,,,,,,
1.71792e+06,,,,,,,,,,,,,,,,,,,,,,1028,,,,,,,
1.71793e+06,,,,,,,,,,,,,,,,,,,,,,1312,,,,,,,
1.71795e+06,,,,,,,,,,,,,,,,,,,,,,1365,,,,,,,
1.718e+06,61100,63400,62100,60300,60100,70000,1.2e+06,1.2e+06,1.2e+06,1.2e+06,1.596e+06,1.596e+06,,,,,,,,,,,9.2192e+06,81.3725,86,57.4257,29,57.8431,58.4158
1.71805e+06,,,,,,,,,,,,,,,,,,,,,,1352,,,,,,,
1.71812e+06,,,,,,,,,,,,,,,,,,,,,,1100,,,,,,,
1.71816e+06,,,,,,,,,,,,,,,,,,,,,,974,,,,,,,
1.71829e+06,,,,,,,,,,,,,,,,,,,,,,715,,,,,,,
1.71899e+06,61100,63200,62100,60300,59900,70000,1.2e+06,1.2e+06,1.2e+06,1.2e+06,1.596e+06,1.596e+06,,,,,,,,,,,9.4564e+06,83,85.567,55.5556,26.5306,60.2041,60.2041
1.71905e+06,,,,,,,,,,,,,,,,,,,,,,1313,,,,,,,
1.71907e+06,,,,,,,,,,,,,,,,,,,,,,1366,,,,,,,
1.71916e+06,,,,,,,,,,,,,,,,,,,,,,1353,,,,,,,
1.71937e+06,,,,,,,,,,,,,,,,,,,,,,861,,,,,,,
1.71939e+06,,,,,,,,,,,,,,,,,,,,,,873,,,,,,,
1.71954e+06,,,,,,,,,,,,,,,,,,,,,,1029,,,,,,,
1.71955e+06,,,,,,,,,,,,,,,,,,,,,,858,,,,,,,
1.71973e+06,,,,,,,,,,,,,,,,,,,,,,1101,,,,,,,
1.72e+06,61100,63200,62300,60100,60100,70000,1.2e+06,1.2e+06,1.2e+06,1.2e+06,1.596e+06,1.596e+06,,,,,,,,,,,1.02306e+07,81.1881,88.8889,62.3762,33,58.5859,58.5859
1.72027e+06,,,,,,,,,,,,,,,,,,,,,,975,,,,,,,
1.72047e+06,,,,,,,,,,,,,,,,,,,,,,716,,,,,,,
1.72061e+06,,,,,,,,,,,,,,,,,,,,,,1314,,,,,,,
1.72062e+06,,,,,,,,,,,,,,,,,,,,,,1367,,,,,,,
1.72099e+06,61100,62300,62100,60100,59700,70000,1.2e+06,1.2e+06,1.2e+06,1.2e+06,1.596e+06,1.596e+06,,,,,,,,,,,8.971e+06,80.198,86,61,34.3434,55.5556,58.5859
1.72103e+06,,,,,,,,,,,,,,,,,,,,,,862,,,,,,,
1.72116e+06,,,,,,,,,,,,,,,,,,,,,,1030,,,,,,,
1.72134e+06,,,,,,,,,,,,,,,,,,,,,,1102,,,,,,,
1.72153e+06,,,,,,,,,,,,,,,,,,,,,,874,,,,,,,
1.72168e+06,,,,,,,,,,,,,,,,,,,,,,859,,,,,,,
1.72173e+06,,,,,,,,,,,,,,,,,,,,,,1315,,,,,,,
1.72173e+06,,,,,,,,,,,,,,,,,,,,,,1368,,,,,,,
1.72183e+06,,,,,,,,,,,,,,,,,,,,,,1355,,,,,,,
1.72191e+06,,,,,,,,,,,,,,,,,,,,,,976,,,,,,,
1.722e+06,61100,63400,62300,60300,60100,70000,1.2e+06,1.2e+06,1.2e+06,1.2e+06,1.596e+06,1.596e+06,,,,,,,,,,,9.399e+06,79.2079,88.8889,61,37,61,61.6162
1.72248e+06,,,,,,,,,,,,,,,,,,,,,,1103,,,,,,,
1.72279e+06,,,,,,,,,,,,,,,,,,,,,,1031,,,,,,,
1.72284e+06,,,,,,,,,,,,,,,,,,,,,,1369,,,,,,,
1.72284e+06,,,,,,,,,,,,,,,,,,,,,,1316,,,,,,,
1.72294e+06,,,,,,,,,,,,,,,,,,,,,,1356,,,,,,,
1.723e+06,61100,63000,62300,60300,60100,70000,1.2e+06,1.2e+06,1.2e+06,1.2e+06,1.596e+06,1.596e+06,,,,,,,,,,,9.266e+06,80.198,85.8586,61.7647,36.6337,60,61.6162
1.72314e+06,,,,,,,,,,,,,,,,,,,,,,717,,,,,,,
1.72317e+06,,,,,,,,,,,,,,,,,,,,,,863,,,,,,,
1.72319e+06,,,,,,,,,,,,,,,,,,,,,,875,,,,,,,
1.72335e+06,,,,,,,,,,,,,,,,,,,,,,860,,,,,,,
1.72354e+06,,,,,,,,,,,,,,,,,,,,,,977,,,,,,,
1.72383e+06,,,,,,,,,,,,,,66.50,60.69,,,,,,,,,,,,,,
1.724e+06,61100,63200,62100,60300,60100,70000,1.2e+06,1.2e+06,1.2e+06,1.2e+06,1.596e+06,1.596e+06,,,,,,,,,,,9.0114e+06,84,85,57.5758,39,61,60.6061
1.72409e+06,,,,,,,,,,,,,,,,,,,,,,1104,,,,,,,
1.7244e+06,,,,,,,,,,,,,,,,,,,,,,1370,,,,,,,
1.72441e+06,,,,,,,,,,,,,,,,,,,,,,1317,,,,,,,
1.72442e+06,,,,,,,,,,,,,,,,,,,,,,1032,,,,,,,
1.7245e+06,,,,,,,,,,,,,,,,,,,,,,1357,,,,,,,
1.725e+06,60900,63200,61900,60100,60100,70000,1.2e+06,1.2e+06,1.2e+06,1.2e+06,1.596e+06,1.596e+06,,,,,,,,,,,8.2548e+06,81.3725,85.8586,56.5657,27.2727,58,58.5859
1.72518e+06,,,,,,,,,,,,,,,,,,,,,,978,,,,,,,
1.72531e+06,,,,,,,,,,,,,,,,,,,,,,864,,,,,,,
1.72531e+06,,,,,,,,,,,,,,,,,,,,,,718,,,,,,,
1.72532e+06,,,,,,,,,,,,,,,,,,,,,,876,,,,,,,
1.72539e+06,,,,,,,,,,,,,24.386,,,,,,,,,,,,,,,,
1.72551e+06,,,,,,,,,,,,,,,,,,,,,,1371,,,,,,,
1.72553e+06,,,,,,,,,,,,,,,,,,,,,,1318,,,,,,,
1.72562e+06,,,,,,,,,,,,,,,,,,,,,,1358,,,,,,,
1.7257e+06,,,,,,,,,,,,,,,,,,,,,,1105,,,,,,,
1.726e+06,61100,62600,62300,60100,60100,70000,1.2e+06,1.2e+06,1.2e+06,1.2e+06,1.596e+06,1.596e+06,,,,,,,,,,,9.0094e+06,82.1782,85.8586,56.3107,29,58,59
1.72604e+06,,,,,,,,,,,,,,,,,,,,,,1033,,,,,,,
1.72662e+06,,,,,,,,,,,,,,,,,,,,,,1372,,,,,,,
1.727e+06,61100,63000,62100,60100,59500,70000,1.2e+06,1.2e+06,1.2e+06,1.2e+06,1.596e+06,1.596e+06,,,,,,,,,,,9.1406e+06,80.198,88,63.2653,35,58.1633,58.1633
1.72709e+06,,,,,,,,,,,,,,,,,,,,,,1319,,,,,,,
1.72718e+06,,,,,,,,,,,,,,,,,,,,,,1359,,,,,,,
1.72729e+06,,,,,,,,,,,,,,,,,,,,,,979,,,,,,,
1.72731e+06,,,,,,,,,,,,,,,,,,,,,,1106,,,,,,,
1.72746e+06,,,,,,,,,,,,,,,,,,,,,,877,,,,,,,
1.72749e+06,,,,,,,,,,,,,,,,,,,,,,719,,,,,,,
1.72763e+06,,,,,,,,,,,,,,,,,,,,,,862,,,,,,,
1.72766e+06,,,,,,,,,,,,,,,,,,,,,,1034,,,,,,,
1.728e+06,61100,62300,62300,60500,59900,70000,1.2e+06,1.2e+06,1.2e+06,1.2e+06,1.596e+06,1.596e+06,,,,,,,,,,,9.6206e+06,80.8081,85.8586,59,36.6337,56,58
1.72817e+06,,,,,,,,,,,,,,,,,,,,,,1373,,,,,,,
1.72821e+06,,,,,,,,,,,,,,,,,,,,,,1320,,,,,,,
1.72829e+06,,,,,,,,,,,,,,,,,,,,,,1360,,,,,,,
1.72893e+06,,,,,,,,,,,,,,,,,,,,,,980,,,,,,,
1.72893e+06,,,,,,,,,,,,,,,,,,,,,,1107,,,,,,,
1.72899e+06,61300,63600,62300,60300,60100,70000,1.2e+06,1.2e+06,1.2e+06,1.2e+06,1.596e+06,1.596e+06,,,,,,,,,,,9.2544e+06,79.2079,89.899,63.3663,37.6238,63,64.2857
1.72911e+06,,,,,,,,,,,,,,,,,,,,,,866,,,,,,,
1.72912e+06,,,,,,,,,,,,,,,,,,,,,,878,,,,,,,
1.72927e+06,,,,,,,,,,,,,,,,,,,,,,1374,,,,,,,
1.72928e+06,,,,,,,,,,,,,,,,,,,,,,1035,,,,,,,
1.72929e+06,,,,,,,,,,,,,,,,,,,,,,863,,,,,,,
1.72933e+06,,,,,,,,,,,,,,,,,,,,,,1321,,,,,,,
1.7294e+06,,,,,,,,,,,,,,,,,,,,,,1361,,,,,,,
1.72999e+06,61100,62500,62300,60300,60100,70000,1.2e+06,1.2e+06,1.2e+06,1.2e+06,1.596e+06,1.596e+06,,,,,,,,,,,8.9912e+06,79.2079,85,59.4059,34.3434,58,59.596
1.73016e+06,,,,,,,,,,,,,,,,,,,,,,720,,,,,,,
1.73039e+06,,,,,,,,,,,,,,,,,,,,,,1375,,,,,,,
1.73054e+06,,,,,,,,,,,,,,,,,,,,,,1108,,,,,,,
1.73056e+06,,,,,,,,,,,,,,,,,,,,,,981,,,,,,,
1.73089e+06,,,,,,,,,,,,,,,,,,,,,,1322,,,,,,,
1.73091e+06,,,,,,,,,,,,,,,,,,,,,,1036,,,,,,,
1.73096e+06,,,,,,,,,,,,,,,,,,,,,,1362,,,,,,,
1.73099e+06,61100,62600,62300,60300,60100,70000,1.2e+06,1.2e+06,1.2e+06,1.2e+06,1.596e+06,1.596e+06,,,,,,,,,,,9.4024e+06,83.4951,85.8586,57.4257,34,61,61.3861
1.73125e+06,,,,,,,,,,,,,,,,,,,,,,867,,,,,,,
1.73125e+06,,,,,,,,,,,,,,,,,,,,,,879,,,,,,,
1.73143e+06,,,,,,,,,,,,,,,,,,,,,,864,,,,,,,
1.73194e+06,,,,,,,,,,,,,,,,,,,,,,1376,,,,,,,
1.732e+06,60900,62600,62300,60500,60100,70000,1.2e+06,1.2e+06,1.2e+06,1.2e+06,1.596e+06,1.596e+06,,,,,,,,,,,8.8518e+06,84,84.8485,56.5657,26.2626,60,60.2041
1.73201e+06,,,,,,,,,,,,,,,,,,,,,,1323,,,,,,,
1.73207e+06,,,,,,,,,,,,,,,,,,,,,,1363,,,,,,,
1.73215e+06,,,,,,,,,,,,,,,,,,,,,,1109,,,,,,,
1.7322e+06,,,,,,,,,,,,,,,,,,,,,,982,,,,,,,
1.73234e+06,,,,,,,,,,,,,,,,,,,,,,721,,,,,,,
1.73291e+06,,,,,,,,,,,,,,,,,,,,,,868,,,,,,,
1.73291e+06,,,,,,,,,,,,,,,,,,,,,,880,,,,,,,
1.733e+06,61100,63000,62300,60100,59900,70000,1.2e+06,1.2e+06,1.2e+06,1.2e+06,1.596e+06,1.596e+06,,,,,,,,,,,9.4782e+06,80.3922,87.8788,57.8431,31,57.5758,58
1.73302e+06,,,,,,,,,,,,,,,,,,,,,,1037,,,,,,,
1.73306e+06,,,,,,,,,,,,,,,,,,,,,,1377,,,,,,,
1.73318e+06,,,,,,,,,,,,,,,,,,,,,,1364,,,,,,,
1.73357e+06,,,,,,,,,,,,,,,,,,,,,,865,,,,,,,
1.73357e+06,,,,,,,,,,,,,,,,,,,,,,1324,,,,,,,
1.73376e+06,,,,,,,,,,,,,,,,,,,,,,1110,,,,,,,
1.73398e+06,,,,,,,,,,,,,,66.66,60.98,,,,,,,,,,,,,,
1.734e+06,61300,63200,62300,60500,60100,70000,1.2e+06,1.2e+06,1.2e+06,1.2e+06,1.596e+06,1.596e+06,,,,,,,,,,,8.5034e+06,80,86.8687,66.3265,38.3838,58.4158,56.5657
1.73417e+06,,,,,,,,,,,,,,,,,,,,,,1378,,,,,,,
1.73431e+06,,,,,,,,,,,,,,,,,,,,,,983,,,,,,,
1.73465e+06,,,,,,,,,,,,,,,,,,,,,,1038,,,,,,,
1.73469e+06,,,,,,,,,,,,,,,,,,,,,,1325,,,,,,,
1.73474e+06,,,,,,,,,,,,,,,,,,,,,,1365,,,,,,,
1.7349e+06,,,,,,,,,,,,,,,,,,,,,,1111,,,,,,,
1.735e+06,61100,62500,62100,60100,59700,70000,1.2e+06,1.2e+06,1.2e+06,1.2e+06,1.596e+06,1.596e+06,,,,,,,,,,,8.7876e+06,81.1881,87,57.4257,35.3535,57.5758,59.596
1.73502e+06,,,,,,,,,,,,,,,,,,,,,,722,,,,,,,
1.73505e+06,,,,,,,,,,,,,,,,,,,,,,881,,,,,,,
1.73505e+06,,,,,,,,,,,,,,,,,,,,,,869,,,,,,,
1.73523e+06,,,,,,,,,,,,,,,,,,,,,,866,,,,,,,
1.73545e+06,,,,,,,,,,,,,24.364,,,,,,,,,,,,,,,,
1.73572e+06,,,,,,,,,,,,,,,,,,,,,,1379,,,,,,,
1.73585e+06,,,,,,,,,,,,,,,,,,,,,,1366,,,,,,,
1.73594e+06,,,,,,,,,,,,,,,,,,,,,,984,,,,,,,
1.736e+06,61300,62800,62300,60500,60500,70000,1.2e+06,1.2e+06,1.2e+06,1.2e+06,1.596e+06,1.596e+06,,,,,,,,,,,8.97e+06,79,88,64.3564,37.2549,65,65.3061
1.73626e+06,,,,,,,,,,,,,,,,,,,,,,1326,,,,,,,
1.73627e+06,,,,,,,,,,,,,,,,,,,,,,1039,,,,,,,
1.73651e+06,,,,,,,,,,,,,,,,,,,,,,1112,,,,,,,
1.73683e+06,,,,,,,,,,,,,,,,,,,,,,1380,,,,,,,
1.73696e+06,,,,,,,,,,,,,,,,,,,,,,1367,,,,,,,
1.73699e+06,61100,63200,62300,60500,60100,70000,1.2e+06,1.2e+06,1.2e+06,1.2e+06,1.596e+06,1.596e+06,,,,,,,,,,,8.9424e+06,80.3922,85.7143,57,36.3636,56,58.5859
1.73719e+06,,,,,,,,,,,,,,,,,,,,,,882,,,,,,,
1.73719e+06,,,,,,,,,,,,,,,,,,,,,,870,,,,,,,
1.7372e+06,,,,,,,,,,,,,,,,,,,,,,723,,,,,,,
1.73737e+06,,,,,,,,,,,,,,,,,,,,,,867,,,,,,,
1.73738e+06,,,,,,,,,,,,,,,,,,,,,,1327,,,,,,,
1.73758e+06,,,,,,,,,,,,,,,,,,,,,,985,,,,,,,
1.7379e+06,,,,,,,,,,,,,,,,,,,,,,1040,,,,,,,
1.73795e+06,,,,,,,,,,,,,,,,,,,,,,1381,,,,,,,
1.738e+06,61100,62800,62300,60300,60100,70000,1.2e+06,1.2e+06,1.2e+06,1.2e+06,1.596e+06,1.596e+06,,,,,,,,,,,9.6292e+06,84.1584,84.8485,56.4356,32,59.596,59.4059
1.73812e+06,,,,,,,,,,,,,,,,,,,,,,1113,,,,,,,
1.7385e+06,,,,,,,,,,,,,,,,,,,,,,1328,,,,,,,
1.73852e+06,,,,,,,,,,,,,,,,,,,,,,1368,,,,,,,
1.73884e+06,,,,,,,,,,,,,,,,,,,,,,883,,,,,,,
1.73885e+06,,,,,,,,,,,,,,,,,,,,,,871,,,,,,,
1.739e+06,61100,63200,62300,60500,60100,70000,1.2e+06,1.2e+06,1.2e+06,1.2e+06,1.596e+06,1.596e+06,,,,,,,,,,,8.889e+06,83,86,57,28,60.6061,61.2245
1.73922e+06,,,,,,,,,,,,,,,,,,,,,,986,,,,,,,
1.73938e+06,,,,,,,,,,,,,,,,,,,,,,724,,,,,,,
1.73951e+06,,,,,,,,,,,,,,,,,,,,,,1382,,,,,,,
1.73953e+06,,,,,,,,,,,,,,,,,,,,,,1041,,,,,,,
1.73963e+06,,,,,,,,,,,,,,,,,,,,,,1369,,,,,,,
1.73974e+06,,,,,,,,,,,,,,,,,,,,,,1114,,,,,,,
1.74e+06,61100,63200,62300,60100,60100,70000,1.2e+06,1.2e+06,1.2e+06,1.2e+06,1.596e+06,1.596e+06,,,,,,,,,,,8.974e+06,80.3922,88.8889,60,31.6832,59.596,57.5758
1.74006e+06,,,,,,,,,,,,,,,,,,,,,,1329,,,,,,,
1.74061e+06,,,,,,,,,,,,,,,,,,,,,,1383,,,,,,,
1.74074e+06,,,,,,,,,,,,,,,,,,,,,,1370,,,,,,,
1.74098e+06,,,,,,,,,,,,,,,,,,,,,,884,,,,,,,
1.74099e+06,,,,,,,,,,,,,,,,,,,,,,872,,,,,,,
1.74099e+06,61100,62800,62300,60300,59900,70000,1.2e+06,1.2e+06,1.2e+06,1.2e+06,1.596e+06,1.596e+06,,,,,,,,,,,9.2486e+06,80.8081,85.7143,62,35.7143,56.4356,58.5859
1.74115e+06,,,,,,,,,,,,,,,,,,,,,,1042,,,,,,,
1.74118e+06,,,,,,,,,,,,,,,,,,,,,,1330,,,,,,,
1.74132e+06,,,,,,,,,,,,,,,,,,,,,,987,,,,,,,
1.74135e+06,,,,,,,,,,,,,,,,,,,,,,1115,,,,,,,
1.74166e+06,,,,,,,,,,,,,,,,,,,,,,869,,,,,,,
1.74173e+06,,,,,,,,,,,,,,,,,,,,,,1384,,,,,,,
1.74199e+06,61300,62600,62300,60500,59900,70000,1.2e+06,1.2e+06,1.2e+06,1.2e+06,1.596e+06,1.596e+06,,,,,,,,,,,9.3668e+06,79.4118,89.1089,59.8039,35.3535,59.4059,60.2041
1.74204e+06,,,,,,,,,,,,,,,,,,,,,,725,,,,,,,
1.7423e+06,,,,,,,,,,,,,,,,,,,,,,1371,,,,,,,
1.74274e+06,,,,,,,,,,,,,,,,,,,,,,1331,,,,,,,
1.74277e+06,,,,,,,,,,,,,,,,,,,,,,1043,,,,,,,
1.74296e+06,,,,,,,,,,,,,,,,,,,,,,988,,,,,,,
1.743e+06,61100,62800,62300,60500,60300,70000,1.2e+06,1.2e+06,1.2e+06,1.2e+06,1.596e+06,1.596e+06,,,,,,,,,,,9.5868e+06,79.798,85.8586,63.3663,35.6436,62.6263,63.6364
1.74312e+06,,,,,,,,,,,,,,,,,,,,,,885,,,,,,,
1.74313e+06,,,,,,,,,,,,,,,,,,,,,,873,,,,,,,
1.74328e+06,,,,,,,,,,,,,,,,,,,,,,1385,,,,,,,
1.74332e+06,,,,,,,,,,,,,,,,,,,,,,870,,,,,,,
1.74341e+06,,,,,,,,,,,,,,,,,,,,,,1372,,,,,,,
1.74386e+06,,,,,,,,,,,,,,,,,,,,,,1332,,,,,,,
1.744e+06,61100,63600,62300,60300,60100,70000,1.2e+06,1.2e+06,1.2e+06,1.2e+06,1.596e+06,1.596e+06,,,,,,,,,,,1.02208e+07,82.5243,85.8586,57,36.6337,58.5859,59
1.7441e+06,,,,,,,,,,,,,,66.74,60.90,,,,,,,,,,,,,,
1.74423e+06,,,,,,,,,,,,,,,,,,,,,,726,,,,,,,
1.7444e+06,,,,,,,,,,,,,,,,,,,,,,1044,,,,,,,
1.74453e+06,,,,,,,,,,,,,,,,,,,,,,1373,,,,,,,
1.74457e+06,,,,,,,,,,,,,,,,,,,,,,1117,,,,,,,
1.7446e+06,,,,,,,,,,,,,,,,,,,,,,989,,,,,,,
1.74477e+06,,,,,,,,,,,,,,,,,,,,,,886,,,,,,,
1.74479e+06,,,,,,,,,,,,,,,,,,,,,,874,,,,,,,
1.74498e+06,,,,,,,,,,,,,,,,,,,,,,1333,,,,,,,
1.745e+06,61100,63200,62300,60300,60100,70000,1.2e+06,1.2e+06,1.2e+06,1.2e+06,1.596e+06,1.596e+06,,,,,,,,,,,8.9756e+06,81.1881,86,56.5657,34.3434,58,58.4158
1.74546e+06,,,,,,,,,,,,,,,,,,,,,,871,,,,,,,
1.74551e+06,,,,,,,,,,,,,,,,,,,,,,1387,,,,,,,
1.74551e+06,,,,,,,,,,,,,24.375,,,,,,,,,,,,,,,,
1.746e+06,61100,63200,62300,60500,60100,70000,1.2e+06,1.2e+06,1.2e+06,1.2e+06,1.596e+06,1.596e+06,,,,,,,,,,,7.6856e+06,84.1584,84.8485,56.4356,28.2828,59.596,60.6061
1.74603e+06,,,,,,,,,,,,,,,,,,,,,,1045,,,,,,,
1.74608e+06,,,,,,,,,,,,,,,,,,,,,,1374,,,,,,,
1.74619e+06,,,,,,,,,,,,,,,,,,,,,,1118,,,,,,,
1.74624e+06,,,,,,,,,,,,,,,,,,,,,,990,,,,,,,
1.74655e+06,,,,,,,,,,,,,,,,,,,,,,1334,,,,,,,
1.7469e+06,,,,,,,,,,,,,,,,,,,,,,727,,,,,,,
1.74691e+06,,,,,,,,,,,,,,,,,,,,,,887,,,,,,,
1.74693e+06,,,,,,,,,,,,,,,,,,,,,,875,,,,,,,
1.747e+06,61300,63200,62300,60300,60100,70000,1.2e+06,1.2e+06,1.2e+06,1.2e+06,1.596e+06,1.596e+06,,,,,,,,,,,9.6564e+06,80.198,88.7755,62.3762,33.3333,59.596,58.1633
1.74706e+06,,,,,,,,,,,,,,,,,,,,,,1388,,,,,,,
1.7472e+06,,,,,,,,,,,,,,,,,,,,,,1375,,,,,,,
1.74732e+06,,,,,,,,,,,,,,,,,,,,,,1119,,,,,,,
1.7476e+06,,,,,,,,,,,,,,,,,,,,,,872,,,,,,,
1.74765e+06,,,,,,,,,,,,,,,,,,,,,,1046,,,,,,,
1.74766e+06,,,,,,,,,,,,,,,,,,,,,,1335,,,,,,,
1.748e+06,61100,62500,62300,60100,59900,70000,1.2e+06,1.2e+06,1.2e+06,1.2e+06,1.596e+06,1.596e+06,,,,,,,,,,,8.658e+06,81,86,60.396,34.3434,55.8824,58
1.74817e+06,,,,,,,,,,,,,,,,,,,,,,1389,,,,,,,
1.74831e+06,,,,,,,,,,,,,,,,,,,,,,1376,,,,,,,
1.74834e+06,,,,,,,,,,,,,,,,,,,,,,991,,,,,,,
1.74857e+06,,,,,,,,,,,,,,,,,,,,,,888,,,,,,,
1.74893e+06,,,,,,,,,,,,,,,,,,,,,,1120,,,,,,,
1.74899e+06,61300,63600,62300,60300,59900,70000,1.2e+06,1.2e+06,1.2e+06,1.2e+06,1.596e+06,1.596e+06,,,,,,,,,,,1.00478e+07,79,89,61.6162,35.3535,61.2245,62.2449
1.74907e+06,,,,,,,,,,,,,,,,,,,,,,876,,,,,,,
1.74908e+06,,,,,,,,,,,,,,,,,,,,,,728,,,,,,,
1.74923e+06,,,,,,,,,,,,,,,,,,,,,,1336,,,,,,,
1.74926e+06,,,,,,,,,,,,,,,,,,,,,,873,,,,,,,
1.74927e+06,,,,,,,,,,,,,,,,,,,,,,1047,,,,,,,
1.74928e+06,,,,,,,,,,,,,,,,,,,,,,1390,,,,,,,
1.74987e+06,,,,,,,,,,,,,,,,,,,,,,1377,,,,,,,
1.74998e+06,,,,,,,,,,,,,,,,,,,,,,992,,,,,,,
1.74999e+06,61500,63200,62300,60300,60100,70000,1.2e+06,1.2e+06,1.2e+06,1.2e+06,1.596e+06,1.596e+06,,,,,,,,,,,8.2976e+06,79.4118,85.8586,60.396,36,60.396,61.6162
1.75035e+06,,,,,,,,,,,,,,,,,,,,,,1337,,,,,,,
1.75039e+06,,,,,,,,,,,,,,,,,,,,,,1391,,,,,,,
1.75054e+06,,,,,,,,,,,,,,,,,,,,,,1121,,,,,,,
1.75071e+06,,,,,,,,,,,,,,,,,,,,,,889,,,,,,,
1.75098e+06,,,,,,,,,,,,,,,,,,,,,,1378,,,,,,,
1.75099e+06,61100,63600,62300,60500,60100,70000,1.2e+06,1.2e+06,1.2e+06,1.2e+06,1.596e+06,1.596e+06,,,,,,,,,,,8.6144e+06,84,85.8586,57.4257,35.3535,60.6061,61
1.75121e+06,,,,,,,,,,,,,,,,,,,,,,877,,,,,,,
1.75126e+06,,,,,,,,,,,,,,,,,,,,,,729,,,,,,,
1.75139e+06,,,,,,,,,,,,,,,,,,,,,,1048,,,,,,,
1.7514e+06,,,,,,,,,,,,,,,,,,,,,,874,,,,,,,
1.75146e+06,,,,,,,,,,,,,,,,,,,,,,1338,,,,,,,
1.75162e+06,,,,,,,,,,,,,,,,,,,,,,993,,,,,,,
1.752e+06,61100,63200,62300,60500,60100,70000,1.2e+06,1.2e+06,1.2e+06,1.2e+06,1.596e+06,1.596e+06,,,,,,,,,,,9.146e+06,81.3725,84.8485,57,28.2828,56.5657,58.1633
1.75209e+06,,,,,,,,,,,,,,,,,,,,,,1379,,,,,,,
1.75216e+06,,,,,,,,,,,,,,,,,,,,,,1122,,,,,,,
1.75284e+06,,,,,,,,,,,,,,,,,,,,,,890,,,,,,,
1.75287e+06,,,,,,,,,,,,,,,,,,,,,,878,,,,,,,
1.75299e+06,61100,63200,62100,60300,59900,70000,1.2e+06,1.2e+06,1.2e+06,1.2e+06,1.596e+06,1.596e+06,,,,,,,,,,,9.5534e+06,81.1881,86,56.8627,28.7129,58.5859,59.4059
1.75301e+06,,,,,,,,,,,,,,,,,,,,,,1049,,,,,,,
1.75303e+06,,,,,,,,,,,,,,,,,,,,,,1339,,,,,,,
1.75306e+06,,,,,,,,,,,,,,,,,,,,,,1393,,,,,,,
1.75325e+06,,,,,,,,,,,,,,,,,,,,,,994,,,,,,,
1.75355e+06,,,,,,,,,,,,,,,,,,,,,,875,,,,,,,
1.75365e+06,,,,,,,,,,,,,,,,,,,,,,1380,,,,,,,
1.75377e+06,,,,,,,,,,,,,,,,,,,,,,1123,,,,,,,
1.75393e+06,,,,,,,,,,,,,,,,,,,,,,730,,,,,,,
1.75399e+06,60900,63200,62300,60100,59900,70000,1.2e+06,1.2e+06,1.2e+06,1.2e+06,1.596e+06,1.596e+06,,,,,,,,,,,8.3572e+06,81,87.8788,64,35.3535,60,57.1429
1.75415e+06,,,,,,,,,,,,,,,,,,,,,,1340,,,,,,,
1.75417e+06,,,,,,,,,,,,,,,,,,,,,,1394,,,,,,,
1.75426e+06,,,,,,,,,,,,,,66.54,61.10,,,,,,,,,,,,,,
1.7545e+06,,,,,,,,,,,,,,,,,,,,,,891,,,,,,,
1.75464e+06,,,,,,,,,,,,,,,,,,,,,,1050,,,,,,,
1.75476e+06,,,,,,,,,,,,,,,,,,,,,,1381,,,,,,,
1.75489e+06,,,,,,,,,,,,,,,,,,,,,,995,,,,,,,
1.755e+06,61100,62300,61900,59900,59700,70000,1.2e+06,1.2e+06,1.2e+06,1.2e+06,1.596e+06,1.596e+06,,,,,,,,,,,9.9028e+06,80.5825,86.1386,59.8039,35,56,59
1.75501e+06,,,,,,,,,,,,,,,,,,,,,,879,,,,,,,
1.75521e+06,,,,,,,,,,,,,,,,,,,,,,876,,,,,,,
1.75538e+06,,,,,,,,,,,,,,,,,,,,,,1124,,,,,,,
1.75558e+06,,,,,,,,,,,,,24.386,,,,,,,,,,,,,,,,
1.75571e+06,,,,,,,,,,,,,,,,,,,,,,1341,,,,,,,
1.75572e+06,,,,,,,,,,,,,,,,,,,,,,1395,,,,,,,
1.75588e+06,,,,,,,,,,,,,,,,,,,,,,1382,,,,,,,
1.756e+06,61100,63200,61900,60300,59900,70000,1.2e+06,1.2e+06,1.2e+06,1.2e+06,1.596e+06,1.596e+06,,,,,,,,,,,9.6626e+06,79.798,89.7959,63,35.3535,63,64.2857
1.75611e+06,,,,,,,,,,,,,,,,,,,,,,731,,,,,,,
1.75627e+06,,,,,,,,,,,,,,,,,,,,,,1051,,,,,,,
1.75664e+06,,,,,,,,,,,,,,,,,,,,,,892,,,,,,,
1.75667e+06,,,,,,,,,,,,,,,,,,,,,,880,,,,,,,
1.75683e+06,,,,,,,,,,,,,,,,,,,,,,1342,,,,,,,
1.75683e+06,,,,,,,,,,,,,,,,,,,,,,1396,,,,,,,
1.75699e+06,,,,,,,,,,,,,,,,,,,,,,1125,,,,,,,
1.75699e+06,60700,63200,62300,60500,59900,70000,1.2e+06,1.2e+06,1.2e+06,1.2e+06,1.596e+06,1.596e+06,,,,,,,,,,,8.8836e+06,79.2079,85,59,35.7143,57.5758,59.596
1.757e+06,,,,,,,,,,,,,,,,,,,,,,996,,,,,,,
1.75735e+06,,,,,,,,,,,,,,,,,,,,,,877,,,,,,,
1.75743e+06,,,,,,,,,,,,,,,,,,,,,,1383,,,,,,,
1.75789e+06,,,,,,,,,,,,,,,,,,,,,,1052,,,,,,,
1.75795e+06,,,,,,,,,,,,,,,,,,,,,,1343,,,,,,,
1.758e+06,60700,63200,62100,60100,59700,70000,1.2e+06,1.2e+06,1.2e+06,1.2e+06,1.596e+06,1.596e+06,,,,,,,,,,,9.023e+06,84.1584,85.8586,57,35.6436,61.3861,60.396
1.75829e+06,,,,,,,,,,,,,,,,,,,,,,893,,,,,,,
1.75854e+06,,,,,,,,,,,,,,,,,,,,,,1384,,,,,,,
1.75861e+06,,,,,,,,,,,,,,,,,,,,,,1126,,,,,,,
1.75863e+06,,,,,,,,,,,,,,,,,,,,,,997,,,,,,,
1.75878e+06,,,,,,,,,,,,,,,,,,,,,,732,,,,,,,
1.75881e+06,,,,,,,,,,,,,,,,,,,,,,881,,,,,,,
1.75899e+06,60900,62800,62100,60100,59700,70000,1.2e+06,1.2e+06,1.2e+06,1.2e+06,1.596e+06,1.596e+06,,,,,,,,,,,9.7422e+06,83.1683,85.7143,57,28.7129,59.1837,60.8247
1.75949e+06,,,,,,,,,,,,,,,,,,,,,,878,,,,,,,
1.7595e+06,,,,,,,,,,,,,,,,,,,,,,1398,,,,,,,
1.75951e+06,,,,,,,,,,,,,,,,,,,,,,1053,,,,,,,
1.75951e+06,,,,,,,,,,,,,,,,,,,,,,1344,,,,,,,
1.75966e+06,,,,,,,,,,,,,,,,,,,,,,1385,,,,,,,
1.75974e+06,,,,,,,,,,,,,,,,,,,,,,1127,,,,,,,
1.76e+06,60900,63200,62100,60100,59700,70000,1.2e+06,1.2e+06,1.2e+06,1.2e+06,1.596e+06,1.596e+06,,,,,,,,,,,9.7156e+06,81,87,57.4257,30,58.4158,58
1.76027e+06,,,,,,,,,,,,,,,,,,,,,,998,,,,,,,
1.76043e+06,,,,,,,,,,,,,,,,,,,,,,894,,,,,,,
1.76061e+06,,,,,,,,,,,,,,,,,,,,,,1399,,,,,,,
1.76063e+06,,,,,,,,,,,,,,,,,,,,,,1345,,,,,,,
1.76095e+06,,,,,,,,,,,,,,,,,,,,,,882,,,,,,,
1.76096e+06,,,,,,,,,,,,,,,,,,,,,,733,,,,,,,
1.761e+06,61100,63000,62300,60100,59700,70000,1.2e+06,1.2e+06,1.2e+06,1.2e+06,1.596e+06,1.596e+06,,,,,,,,,,,9.664e+06,79.2079,86.8687,64,36.6337,59.4059,56.5657
1.76114e+06,,,,,,,,,,,,,,,,,,,,,,1054,,,,,,,
1.76115e+06,,,,,,,,,,,,,,,,,,,,,,879,,,,,,,
1.76121e+06,,,,,,,,,,,,,,,,,,,,,,1386,,,,,,,
1.76135e+06,,,,,,,,,,,,,,,,,,,,,,1128,,,,,,,
1.76172e+06,,,,,,,,,,,,,,,,,,,,,,1400,,,,,,,
1.76191e+06,,,,,,,,,,,,,,,,,,,,,,999,,,,,,,
1.762e+06,60900,62600,62300,60100,59900,70000,1.2e+06,1.2e+06,1.2e+06,1.2e+06,1.596e+06,1.596e+06,,,,,,,,,,,8.1906e+06,81.3725,87.7551,58.5859,35.3535,57.1429,59.596
1.76219e+06,,,,,,,,,,,,,,,,,,,,,,1346,,,,,,,
1.76233e+06,,,,,,,,,,,,,,,,,,,,,,1387,,,,,,,
1.76257e+06,,,,,,,,,,,,,,,,,,,,,,895,,,,,,,
1.76261e+06,,,,,,,,,,,,,,,,,,,,,,883,,,,,,,
1.76276e+06,,,,,,,,,,,,,,,,,,,,,,1055,,,,,,,
1.76296e+06,,,,,,,,,,,,,,,,,,,,,,1129,,,,,,,
1.763e+06,61100,63200,62300,60500,60100,70000,1.2e+06,1.2e+06,1.2e+06,1.2e+06,1.596e+06,1.596e+06,,,,,,,,,,,9.056e+06,79.2079,87.1287,63.7255,36,63,64.6465
1.76314e+06,,,,,,,,,,,,,,,,,,,,,,734,,,,,,,
1.76329e+06,,,,,,,,,,,,,,,,,,,,,,880,,,,,,,
1.76331e+06,,,,,,,,,,,,,,,,,,,,,,1347,,,,,,,
1.76344e+06,,,,,,,,,,,,,,,,,,,,,,1388,,,,,,,
1.76399e+06,61100,63400,62100,60100,60100,70000,1.2e+06,1.2e+06,1.2e+06,1.2e+06,1.596e+06,1.596e+06,,,,,,,,,,,9.9868e+06,80.198,85.8586,57.4257,37.2549,57.1429,59
1.76401e+06,,,,,,,,,,,,,,,,,,,,,,1000,,,,,,,
1.76423e+06,,,,,,,,,,,,,,,,,,,,,,896,,,,,,,
1.76438e+06,,,,,,,,,,,,,,,,,,,,,,1056,,,,,,,
1.76441e+06,,,,,,,,,,,,,,,,,,,,,,1402,,,,,,,
1.76446e+06,,,,,,,,,,,,,,66.70,61.18,,,,,,,,,,,,,,
1.76458e+06,,,,,,,,,,,,,,,,,,,,,,1130,,,,,,,
1.76475e+06,,,,,,,,,,,,,,,,,,,,,,884,,,,,,,
1.76488e+06,,,,,,,,,,,,,,,,,,,,,,1348,,,,,,,
1.765e+06,61100,62800,62300,60500,60100,70000,1.2e+06,1.2e+06,1.2e+06,1.2e+06,1.596e+06,1.596e+06,,,,,,,,,,,8.0244e+06,84,84.8485,57.5758,33.6634,59.596,60
1.765e+06,,,,,,,,,,,,,,,,,,,,,,1389,,,,,,,
1.76543e+06,,,,,,,,,,,,,,,,,,,,,,881,,,,,,,
1.76565e+06,,,,,,,,,,,,,24.386,,,,,,,,,,,,,,,,
1.76565e+06,,,,,,,,,,,,,,,,,,,,,,1001,,,,,,,
1.76581e+06,,,,,,,,,,,,,,,,,,,,,,735,,,,,,,
1.76596e+06,,,,,,,,,,,,,,,,,,,,,,1403,,,,,,,
1.76599e+06,,,,,,,,,,,,,,,,,,,,,,1349,,,,,,,
1.766e+06,61100,62800,62300,60100,59900,70000,1.2e+06,1.2e+06,1.2e+06,1.2e+06,1.596e+06,1.596e+06,,,,,,,,,,,9.2532e+06,83.1683,85.8586,57.4257,29.4118,59.4059,60.6061
1.766e+06,,,,,,,,,,,,,,,,,,,,,,1057,,,,,,,
1.76611e+06,,,,,,,,,,,,,,,,,,,,,,1390,,,,,,,
1.76619e+06,,,,,,,,,,,,,,,,,,,,,,1131,,,,,,,
1.76636e+06,,,,,,,,,,,,,,,,,,,,,,897,,,,,,,
1.76689e+06,,,,,,,,,,,,,,,,,,,,,,885,,,,,,,
1.767e+06,61100,63200,62300,60100,60100,70000,1.2e+06,1.2e+06,1.2e+06,1.2e+06,1.596e+06,1.596e+06,,,,,,,,,,,9.0834e+06,80.3922,88.8889,59.596,31,60,58.1633
1.76708e+06,,,,,,,,,,,,,,,,,,,,,,1404,,,,,,,
1.76709e+06,,,,,,,,,,,,,,,,,,,,,,882,,,,,,,
1.76712e+06,,,,,,,,,,,,,,,,,,,,,,1350,,,,,,,
1.76722e+06,,,,,,,,,,,,,,,,,,,,,,1391,,,,,,,
1.76729e+06,,,,,,,,,,,,,,,,,,,,,,1002,,,,,,,
1.76763e+06,,,,,,,,,,,,,,,,,,,,,,1058,,,,,,,
1.7678e+06,,,,,,,,,,,,,,,,,,,,,,1132,,,,,,,
1.76799e+06,,,,,,,,,,,,,,,,,,,,,,736,,,,,,,
1.76799e+06,60900,63000,62300,60100,59900,70000,1.2e+06,1.2e+06,1.2e+06,1.2e+06,1.596e+06,1.596e+06,,,,,,,,,,,9.5882e+06,80.198,86,62.3762,36.3636,55.5556,58
1.76819e+06,,,,,,,,,,,,,,,,,,,,,,1405,,,,,,,
1.7685e+06,,,,,,,,,,,,,,,,,,,,,,898,,,,,,,
1.76855e+06,,,,,,,,,,,,,,,,,,,,,,886,,,,,,,
1.76868e+06,,,,,,,,,,,,,,,,,,,,,,1351,,,,,,,
1.76878e+06,,,,,,,,,,,,,,,,,,,,,,1392,,,,,,,
1.76892e+06,,,,,,,,,,,,,,,,,,,,,,1003,,,,,,,
1.769e+06,61100,62500,62300,60500,59900,70000,1.2e+06,1.2e+06,1.2e+06,1.2e+06,1.596e+06,1.596e+06,,,,,,,,,,,9.5e+06,80,89,59.4059,34.6939,59,60.2041
1.76925e+06,,,,,,,,,,,,,,,,,,,,,,1059,,,,,,,
1.76941e+06,,,,,,,,,,,,,,,,,,,,,,1133,,,,,,,
1.76974e+06,,,,,,,,,,,,,,,,,,,,,,1406,,,,,,,
1.7698e+06,,,,,,,,,,,,,,,,,,,,,,1352,,,,,,,
1.76989e+06,,,,,,,,,,,,,,,,,,,,,,1393,,,,,,,
1.76999e+06,60900,63000,62300,60500,60300,70000,1.2e+06,1.2e+06,1.2e+06,1.2e+06,1.596e+06,1.596e+06,,,,,,,,,,,9.222e+06,79.2079,85.8586,62.6263,37.2549,62.3762,63.6364
1.77016e+06,,,,,,,,,,,,,,,,,,,,,,899,,,,,,,
1.77066e+06,,,,,,,,,,,,,,,,,,,,,,737,,,,,,,
1.77069e+06,,,,,,,,,,,,,,,,,,,,,,887,,,,,,,
1.77085e+06,,,,,,,,,,,,,,,,,,,,,,1407,,,,,,,
1.77087e+06,,,,,,,,,,,,,,,,,,,,,,1060,,,,,,,
1.771e+06,61100,63200,62300,60500,60100,70000,1.2e+06,1.2e+06,1.2e+06,1.2e+06,1.596e+06,1.596e+06,,,,,,,,,,,8.9762e+06,82,84.8485,57.4257,35.7143,58.5859,60
1.77101e+06,,,,,,,,,,,,,,,,,,,,,,1394,,,,,,,
1.77103e+06,,,,,,,,,,,,,,,,,,,,,,1134,,,,,,,
1.77103e+06,,,,,,,,,,,,,,,,,,,,,,1004,,,,,,,
1.77136e+06,,,,,,,,,,,,,,,,,,,,,,1353,,,,,,,
1.77136e+06,,,,,,,,,,,,,,,,,,,,,,884,,,,,,,
1.77196e+06,,,,,,,,,,,,,,,,,,,,,,1408,,,,,,,
1.772e+06,61100,62800,62300,60500,60100,70000,1.2e+06,1.2e+06,1.2e+06,1.2e+06,1.596e+06,1.596e+06,,,,,,,,,,,9.3276e+06,81.3725,86,57.4257,29,59.2233,58
1.77216e+06,,,,,,,,,,,,,,,,,,,,,,1135,,,,,,,
1.77229e+06,,,,,,,,,,,,,,,,,,,,,,900,,,,,,,
1.77248e+06,,,,,,,,,,,,,,,,,,,,,,1354,,,,,,,
1.77256e+06,,,,,,,,,,,,,,,,,,,,,,1395,,,,,,,
1.77267e+06,,,,,,,,,,,,,,,,,,,,,,1005,,,,,,,
1.77283e+06,,,,,,,,,,,,,,,,,,,,,,888,,,,,,,
1.77284e+06,,,,,,,,,,,,,,,,,,,,,,738,,,,,,,
1.77298e+06,,,,,,,,,,,,,,,,,,,,,,1061,,,,,,,
1.77299e+06,61100,62800,62300,60300,59700,70000,1.2e+06,1.2e+06,1.2e+06,1.2e+06,1.596e+06,1.596e+06,,,,,,,,,,,9.7178e+06,83,85.8586,56.5657,27.2727,59.596,60.2041
1.77303e+06,,,,,,,,,,,,,,,,,,,,,,885,,,,,,,
1.77352e+06,,,,,,,,,,,,,,,,,,,,,,1409,,,,,,,
1.7736e+06,,,,,,,,,,,,,,,,,,,,,,1355,,,,,,,
1.77368e+06,,,,,,,,,,,,,,,,,,,,,,1396,,,,,,,
1.77377e+06,,,,,,,,,,,,,,,,,,,,,,1136,,,,,,,
1.77395e+06,,,,,,,,,,,,,,,,,,,,,,901,,,,,,,
1.774e+06,61100,63200,62300,60300,59700,70000,1.2e+06,1.2e+06,1.2e+06,1.2e+06,1.596e+06,1.596e+06,,,,,,,,,,,9.0538e+06,80.198,88.8889,61.3861,33,59.596,58.1633
1.7743e+06,,,,,,,,,,,,,,,,,,,,,,1006,,,,,,,
1.77449e+06,,,,,,,,,,,,,,,,,,,,,,889,,,,,,,
1.77458e+06,,,,,,,,,,,,,,66.74,61.14,,,,,,,,,,,,,,
1.7746e+06,,,,,,,,,,,,,,,,,,,,,,1062,,,,,,,
1.77463e+06,,,,,,,,,,,,,,,,,,,,,,1410,,,,,,,
1.77499e+06,61100,62800,62300,60300,59900,70000,1.2e+06,1.2e+06,1.2e+06,1.2e+06,1.596e+06,1.596e+06,,,,,,,,,,,9.2352e+06,81.1881,85,63.6364,36.0825,56,58
1.77502e+06,,,,,,,,,,,,,,,,,,,,,,739,,,,,,,
1.77516e+06,,,,,,,,,,,,,,,,,,,,,,1356,,,,,,,
1.77517e+06,,,,,,,,,,,,,,,,,,,,,,886,,,,,,,
1.77539e+06,,,,,,,,,,,,,,,,,,,,,,1137,,,,,,,
1.77571e+06,,,,,,,,,,,,,24.375,,,,,,,,,,,,,,,,
1.77574e+06,,,,,,,,,,,,,,,,,,,,,,1411,,,,,,,
1.77594e+06,,,,,,,,,,,,,,,,,,,,,,1007,,,,,,,
1.77599e+06,61300,63000,62300,60300,60100,70000,1.2e+06,1.2e+06,1.2e+06,1.2e+06,1.596e+06,1.596e+06,,,,,,,,,,,7.8802e+06,80.198,89.899,62.3762,35.3535,61.6162,63
1.77609e+06,,,,,,,,,,,,,,,,,,,,,,902,,,,,,,
1.77622e+06,,,,,,,,,,,,,,,,,,,,,,1063,,,,,,,
1.77628e+06,,,,,,,,,,,,,,,,,,,,,,1357,,,,,,,
1.77635e+06,,,,,,,,,,,,,,,,,,,,,,1398,,,,,,,
1.77663e+06,,,,,,,,,,,,,,,,,,,,,,890,,,,,,,
1.77699e+06,61100,62800,62300,60300,59900,70000,1.2e+06,1.2e+06,1.2e+06,1.2e+06,1.596e+06,1.596e+06,,,,,,,,,,,8.3898e+06,79.2079,84.8485,60,36,60,61.6162
1.777e+06,,,,,,,,,,,,,,,,,,,,,,1138,,,,,,,
1.7773e+06,,,,,,,,,,,,,,,,,,,,,,887,,,,,,,
1.77746e+06,,,,,,,,,,,,,,,,,,,,,,1399,,,,,,,
1.77769e+06,,,,,,,,,,,,,,,,,,,,,,740,,,,,,,
1.77784e+06,,,,,,,,,,,,,,,,,,,,,,1358,,,,,,,
1.77785e+06,,,,,,,,,,,,,,,,,,,,,,1064,,,,,,,
1.778e+06,61100,62500,62300,60100,59900,70000,1.2e+06,1.2e+06,1.2e+06,1.2e+06,1.596e+06,1.596e+06,,,,,,,,,,,9.6562e+06,83.4951,86,57.5758,36,60.396,60.396
1.77805e+06,,,,,,,,,,,,,,,,,,,,,,1008,,,,,,,
1.77822e+06,,,,,,,,,,,,,,,,,,,,,,903,,,,,,,
1.77841e+06,,,,,,,,,,,,,,,,,,,,,,1413,,,,,,,
1.77857e+06,,,,,,,,,,,,,,,,,,,,,,1400,,,,,,,
1.77861e+06,,,,,,,,,,,,,,,,,,,,,,1139,,,,,,,
1.77877e+06,,,,,,,,,,,,,,,,,,,,,,891,,,,,,,
1.77896e+06,,,,,,,,,,,,,,,,,,,,,,1359,,,,,,,
1.77897e+06,,,,,,,,,,,,,,,,,,,,,,888,,,,,,,
1.779e+06,60900,63200,62300,60100,59900,70000,1.2e+06,1.2e+06,1.2e+06,1.2e+06,1.596e+06,1.596e+06,,,,,,,,,,,8.591e+06,81.8182,85.7143,56.4356,27.2727,57.5758,58.1633
1.77947e+06,,,,,,,,,,,,,,,,,,,,,,1065,,,,,,,
1.77953e+06,,,,,,,,,,,,,,,,,,,,,,1414,,,,,,,
1.77969e+06,,,,,,,,,,,,,,,,,,,,,,1009,,,,,,,
1.77987e+06,,,,,,,,,,,,,,,,,,,,,,741,,,,,,,
1.77988e+06,,,,,,,,,,,,,,,,,,,,,,904,,,,,,,
1.77999e+06,60900,63200,62100,60300,59900,70000,1.2e+06,1.2e+06,1.2e+06,1.2e+06,1.596e+06,1.596e+06,,,,,,,,,,,8.9972e+06,81.3725,85,56.4356,27.2727,58,59.596
1.78008e+06,,,,,,,,,,,,,,,,,,,,,,1360,,,,,,,
1.78013e+06,,,,,,,,,,,,,,,,,,,,,,1401,,,,,,,
1.78022e+06,,,,,,,,,,,,,,,,,,,,,,1140,,,,,,,
1.78043e+06,,,,,,,,,,,,,,,,,,,,,,892,,,,,,,
1.781e+06,61100,63200,62300,59900,59900,70000,1.2e+06,1.2e+06,1.2e+06,1.2e+06,1.596e+06,1.596e+06,,,,,,,,,,,9.1662e+06,80.6122,89,63.6364,37,60,57.5758
1.78108e+06,,,,,,,,,,,,,,,,,,,,,,1415,,,,,,,
1.7811e+06,,,,,,,,,,,,,,,,,,,,,,1066,,,,,,,
1.78111e+06,,,,,,,,,,,,,,,,,,,,,,889,,,,,,,
1.78124e+06,,,,,,,,,,,,,,,,,,,,,,1402,,,,,,,
1.78132e+06,,,,,,,,,,,,,,,,,,,,,,1010,,,,,,,
1.78164e+06,,,,,,,,,,,,,,,,,,,,,,1361,,,,,,,
1.78183e+06,,,,,,,,,,,,,,,,,,,,,,1141,,,,,,,
1.782e+06,61100,62500,62300,60300,59700,70000,1.2e+06,1.2e+06,1.2e+06,1.2e+06,1.596e+06,1.596e+06,,,,,,,,,,,9.4954e+06,80.7692,86,58.4158,37.2549,56,58.5859
1.78202e+06,,,,,,,,,,,,,,,,,,,,,,905,,,,,,,
1.78254e+06,,,,,,,,,,,,,,,,,,,,,,742,,,,,,,
1.78257e+06,,,,,,,,,,,,,,,,,,,,,,893,,,,,,,
1.78272e+06,,,,,,,,,,,,,,,,,,,,,,1067,,,,,,,
1.78276e+06,,,,,,,,,,,,,,,,,,,,,,1362,,,,,,,
1.7828e+06,,,,,,,,,,,,,,,,,,,,,,1403,,,,,,,
1.78296e+06,,,,,,,,,,,,,,,,,,,,,,1011,,,,,,,
1.783e+06,61100,63600,62300,60300,60100,70000,1.2e+06,1.2e+06,1.2e+06,1.2e+06,1.596e+06,1.596e+06,,,,,,,,,,,9.3544e+06,79.5918,88.7755,63.3663,35.7143,63.2653,63.6364
1.78325e+06,,,,,,,,,,,,,,,,,,,,,,890,,,,,,,
1.7833e+06,,,,,,,,,,,,,,,,,,,,,,1417,,,,,,,
1.78345e+06,,,,,,,,,,,,,,,,,,,,,,1142,,,,,,,
1.78367e+06,,,,,,,,,,,,,,,,,,,,,,906,,,,,,,
1.78391e+06,,,,,,,,,,,,,,,,,,,,,,1404,,,,,,,
1.78399e+06,61300,63200,62300,60300,60100,70000,1.2e+06,1.2e+06,1.2e+06,1.2e+06,1.596e+06,1.596e+06,,,,,,,,,,,8.6734e+06,79.4118,86,58,37,58.8235,60.6061
1.78432e+06,,,,,,,,,,,,,,,,,,,,,,1363,,,,,,,
1.78434e+06,,,,,,,,,,,,,,,,,,,,,,1068,,,,,,,
1.78458e+06,,,,,,,,,,,,,,,,,,,,,,1143,,,,,,,
1.78468e+06,,,,,,,,,,,,,,66.74,61.18,,,,,,,,,,,,,,
1.78471e+06,,,,,,,,,,,,,,,,,,,,,,894,,,,,,,
1.78472e+06,,,,,,,,,,,,,,,,,,,,,,743,,,,,,,
1.78486e+06,,,,,,,,,,,,,,,,,,,,,,1418,,,,,,,
1.78491e+06,,,,,,,,,,,,,,,,,,,,,,891,,,,,,,
1.785e+06,61300,63200,62300,60500,60100,70000,1.2e+06,1.2e+06,1.2e+06,1.2e+06,1.596e+06,1.596e+06,,,,,,,,,,,9.1834e+06,84,85.8586,60,33.3333,60.6061,61
1.78502e+06,,,,,,,,,,,,,,,,,,,,,,1405,,,,,,,
1.78507e+06,,,,,,,,,,,,,,,,,,,,,,1012,,,,,,,
1.78544e+06,,,,,,,,,,,,,,,,,,,,,,1364,,,,,,,
1.78578e+06,,,,,,,,,,,,,24.375,,,,,,,,,,,,,,,,
1.78581e+06,,,,,,,,,,,,,,,,,,,,,,907,,,,,,,
1.78597e+06,,,,,,,,,,,,,,,,,,,,,,1069,,,,,,,
1.78597e+06,,,,,,,,,,,,,,,,,,,,,,1419,,,,,,,
1.786e+06,61100,63400,62300,60300,60100,70000,1.2e+06,1.2e+06,1.2e+06,1.2e+06,1.596e+06,1.596e+06,,,,,,,,,,,8.5676e+06,83.1683,85.7143,57,28.7129,60.2041,59.596
1.78619e+06,,,,,,,,,,,,,,,,,,,,,,1144,,,,,,,
1.78637e+06,,,,,,,,,,,,,,,,,,,,,,895,,,,,,,
1.78656e+06,,,,,,,,,,,,,,,,,,,,,,1365,,,,,,,
1.78658e+06,,,,,,,,,,,,,,,,,,,,,,1406,,,,,,,
1.78671e+06,,,,,,,,,,,,,,,,,,,,,,1013,,,,,,,
1.787e+06,61100,63200,62300,60300,59900,70000,1.2e+06,1.2e+06,1.2e+06,1.2e+06,1.596e+06,1.596e+06,,,,,,,,,,,8.7586e+06,81.1881,87,57.4257,29.703,58,58.5859
1.78705e+06,,,,,,,,,,,,,,,,,,,,,,892,,,,,,,
1.78708e+06,,,,,,,,,,,,,,,,,,,,,,1420,,,,,,,
1.78759e+06,,,,,,,,,,,,,,,,,,,,,,1070,,,,,,,
1.78769e+06,,,,,,,,,,,,,,,,,,,,,,1407,,,,,,,
1.78781e+06,,,,,,,,,,,,,,,,,,,,,,1145,,,,,,,
1.78795e+06,,,,,,,,,,,,,,,,,,,,,,908,,,,,,,
1.78799e+06,61100,62600,62300,60100,59900,70000,1.2e+06,1.2e+06,1.2e+06,1.2e+06,1.596e+06,1.596e+06,,,,,,,,,,,9.3592e+06,80,86.8687,64,34.6939,57.5758,56.5657
1.78812e+06,,,,,,,,,,,,,,,,,,,,,,1366,,,,,,,
1.78834e+06,,,,,,,,,,,,,,,,,,,,,,1014,,,,,,,
1.78851e+06,,,,,,,,,,,,,,,,,,,,,,896,,,,,,,
1.78864e+06,,,,,,,,,,,,,,,,,,,,,,1421,,,,,,,
1.7888e+06,,,,,,,,,,,,,,,,,,,,,,1408,,,,,,,
1.789e+06,61100,62500,62300,60100,59900,70000,1.2e+06,1.2e+06,1.2e+06,1.2e+06,1.596e+06,1.596e+06,,,,,,,,,,,8.1646e+06,80.3922,87.7551,58.8235,36.6337,57,59.596
1.78919e+06,,,,,,,,,,,,,,,,,,,,,,893,,,,,,,
1.78922e+06,,,,,,,,,,,,,,,,,,,,,,1071,,,,,,,
1.78924e+06,,,,,,,,,,,,,,,,,,,,,,1367,,,,,,,
1.78942e+06,,,,,,,,,,,,,,,,,,,,,,1146,,,,,,,
1.78957e+06,,,,,,,,,,,,,,,,,,,,,,745,,,,,,,
1.7896e+06,,,,,,,,,,,,,,,,,,,,,,909,,,,,,,
1.78974e+06,,,,,,,,,,,,,,,,,,,,,,1422,,,,,,,
1.78998e+06,,,,,,,,,,,,,,,,,,,,,,1015,,,,,,,
1.79e+06,61300,63200,62300,60500,59900,70000,1.2e+06,1.2e+06,1.2e+06,1.2e+06,1.596e+06,1.596e+06,,,,,,,,,,,9.108e+06,79.4118,87.1287,63.6364,36,65,65
1.79036e+06,,,,,,,,,,,,,,,,,,,,,,1409,,,,,,,
1.79065e+06,,,,,,,,,,,,,,,,,,,,,,897,,,,,,,
1.7908e+06,,,,,,,,,,,,,,,,,,,,,,1368,,,,,,,
1.79084e+06,,,,,,,,,,,,,,,,,,,,,,1072,,,,,,,
1.79086e+06,,,,,,,,,,,,,,,,,,,,,,1423,,,,,,,
1.79099e+06,61100,63400,62300,60300,59900,70000,1.2e+06,1.2e+06,1.2e+06,1.2e+06,1.596e+06,1.596e+06,,,,,,,,,,,9.658e+06,80.198,85.8586,57,35.3535,57,59
1.79134e+06,,,,,,,,,,,,,,,,,,,,,,894,,,,,,,
1.79147e+06,,,,,,,,,,,,,,,,,,,,,,1410,,,,,,,
1.79174e+06,,,,,,,,,,,,,,,,,,,,,,910,,,,,,,
1.79175e+06,,,,,,,,,,,,,,,,,,,,,,746,,,,,,,
1.79192e+06,,,,,,,,,,,,,,,,,,,,,,1369,,,,,,,
1.79197e+06,,,,,,,,,,,,,,,,,,,,,,1424,,,,,,,
1.792e+06,61100,63600,62300,60500,60100,70000,1.2e+06,1.2e+06,1.2e+06,1.2e+06,1.596e+06,1.596e+06,,,,,,,,,,,8.6346e+06,83.8384,84.8485,56.4356,33,59.596,59.596
1.79209e+06,,,,,,,,,,,,,,,,,,,,,,1016,,,,,,,
1.79231e+06,,,,,,,,,,,,,,,,,,,,,,898,,,,,,,
1.79247e+06,,,,,,,,,,,,,,,,,,,,,,1073,,,,,,,
1.79258e+06,,,,,,,,,,,,,,,,,,,,,,1411,,,,,,,
1.79264e+06,,,,,,,,,,,,,,,,,,,,,,1148,,,,,,,
1.793e+06,61100,63200,62300,60500,60100,70000,1.2e+06,1.2e+06,1.2e+06,1.2e+06,1.596e+06,1.596e+06,,,,,,,,,,,9.4382e+06,83.1683,86,57,28,60,60.6061
1.793e+06,,,,,,,,,,,,,,,,,,,,,,895,,,,,,,
1.79304e+06,,,,,,,,,,,,,,,,,,,,,,1370,,,,,,,
1.79352e+06,,,,,,,,,,,,,,,,,,,,,,1425,,,,,,,
1.79372e+06,,,,,,,,,,,,,,,,,,,,,,1017,,,,,,,
1.79388e+06,,,,,,,,,,,,,,,,,,,,,,911,,,,,,,
1.79399e+06,61300,63400,62300,60300,60100,70000,1.2e+06,1.2e+06,1.2e+06,1.2e+06,1.596e+06,1.596e+06,,,,,,,,,,,8.2874e+06,80.3922,88.8889,59.4059,32,59.1837,58.5859
1.79409e+06,,,,,,,,,,,,,,,,,,,,,,1074,,,,,,,
1.79414e+06,,,,,,,,,,,,,,,,,,,,,,1412,,,,,,,
1.79425e+06,,,,,,,,,,,,,,,,,,,,,,1149,,,,,,,
1.79442e+06,,,,,,,,,,,,,,,,,,,,,,747,,,,,,,
1.79445e+06,,,,,,,,,,,,,,,,,,,,,,899,,,,,,,
1.7946e+06,,,,,,,,,,,,,,,,,,,,,,1371,,,,,,,
1.79463e+06,,,,,,,,,,,,,,,,,,,,,,1426,,,,,,,
1.7948e+06,,,,,,,,,,,,,,66.70,61.18,,,,,,,,,,,,,,
1.795e+06,61100,62500,62300,60100,59700,70000,1.2e+06,1.2e+06,1.2e+06,1.2e+06,1.596e+06,1.596e+06,,,,,,,,,,,9.4966e+06,80.8081,85.8586,63.3663,40.1961,55.5556,58.5859
1.79514e+06,,,,,,,,,,,,,,,,,,,,,,896,,,,,,,
1.79525e+06,,,,,,,,,,,,,,,,,,,,,,1413,,,,,,,
1.79536e+06,,,,,,,,,,,,,,,,,,,,,,1018,,,,,,,
1.79553e+06,,,,,,,,,,,,,,,,,,,,,,912,,,,,,,
1.79574e+06,,,,,,,,,,,,,,,,,,,,,,1427,,,,,,,
1.79584e+06,,,,,,,,,,,,,24.375,,,,,,,,,,,,,,,,
1.79587e+06,,,,,,,,,,,,,,,,,,,,,,1150,,,,,,,
1.796e+06,61100,62500,62300,60500,60100,70000,1.2e+06,1.2e+06,1.2e+06,1.2e+06,1.596e+06,1.596e+06,,,,,,,,,,,9.3798e+06,79.2079,89,60,35.3535,59,60.2041
1.7962e+06,,,,,,,,,,,,,,,,,,,,,,1075,,,,,,,
1.79637e+06,,,,,,,,,,,,,,,,,,,,,,1414,,,,,,,
1.79659e+06,,,,,,,,,,,,,,,,,,,,,,900,,,,,,,
1.79661e+06,,,,,,,,,,,,,,,,,,,,,,748,,,,,,,
1.79699e+06,61100,63200,62300,60300,59900,70000,1.2e+06,1.2e+06,1.2e+06,1.2e+06,1.596e+06,1.596e+06,,,,,,,,,,,9.452e+06,80.3922,85.8586,63,36.3636,63,63.6364
1.797e+06,,,,,,,,,,,,,,,,,,,,,,1019,,,,,,,
1.797e+06,,,,,,,,,,,,,,,,,,,,,,1151,,,,,,,
1.79728e+06,,,,,,,,,,,,,,,,,,,,,,897,,,,,,,
1.79729e+06,,,,,,,,,,,,,,,,,,,,,,1428,,,,,,,
1.7973e+06,,,,,,,,,,,,,,,,,,,,,,1373,,,,,,,
1.79767e+06,,,,,,,,,,,,,,,,,,,,,,913,,,,,,,
1.79782e+06,,,,,,,,,,,,,,,,,,,,,,1076,,,,,,,
1.79792e+06,,,,,,,,,,,,,,,,,,,,,,1415,,,,,,,
1.798e+06,61100,63400,62300,60500,60100,70000,1.2e+06,1.2e+06,1.2e+06,1.2e+06,1.596e+06,1.596e+06,,,,,,,,,,,9.0548e+06,82,84.8485,57.4257,38,59,59.4059
1.79825e+06,,,,,,,,,,,,,,,,,,,,,,901,,,,,,,
1.79841e+06,,,,,,,,,,,,,,,,,,,,,,1429,,,,,,,
1.79841e+06,,,,,,,,,,,,,,,,,,,,,,1374,,,,,,,
1.79861e+06,,,,,,,,,,,,,,,,,,,,,,1152,,,,,,,
1.79894e+06,,,,,,,,,,,,,,,,,,,,,,898,,,,,,,
1.799e+06,60900,62800,62300,60300,60100,70000,1.2e+06,1.2e+06,1.2e+06,1.2e+06,1.596e+06,1.596e+06,,,,,,,,,,,9.3826e+06,81.5534,86.1386,56.8627,30,57.8431,58
1.79903e+06,,,,,,,,,,,,,,,,,,,,,,1416,,,,,,,
1.79911e+06,,,,,,,,,,,,,,,,,,,,,,1020,,,,,,,
1.79928e+06,,,,,,,,,,,,,,,,,,,,,,749,,,,,,,
1.79933e+06,,,,,,,,,,,,,,,,,,,,,,914,,,,,,,
1.79945e+06,,,,,,,,,,,,,,,,,,,,,,1077,,,,,,,
1.79952e+06,,,,,,,,,,,,,,,,,,,,,,1430,,,,,,,
1.79998e+06,,,,,,,,,,,,,,,,,,,,,,1375,,,,,,,
1.8e+06,61100,62800,62300,60300,59700,70000,1.2e+06,1.2e+06,1.2e+06,1.2e+06,1.596e+06,1.596e+06,,,,,,,,,,,8.1478e+06,83.1683,84.6939,56,28,59.596,60.6061
